label	Group	numOtus	Otu0	Otu1	Otu2	Otu3	Otu4	Otu5	Otu6	Otu7	Otu8	Otu9	Otu10	Otu11	Otu12	Otu13	Otu14	Otu15	Otu16	Otu17	Otu18	Otu19	Otu20	Otu21	Otu22	Otu23	Otu24	Otu25	Otu26	Otu27	Otu28	Otu29	Otu30	Otu31	Otu32	Otu33	Otu34	Otu35	Otu36	Otu37	Otu38	Otu39	Otu40	Otu41	Otu42	Otu43	Otu44	Otu45	Otu46	Otu47	Otu48	Otu49	Otu50	Otu51	Otu52	Otu53	Otu54	Otu55	Otu56	Otu57	Otu58	Otu59	Otu60	Otu61	Otu62	Otu63	Otu64	Otu65	Otu66	Otu67	Otu68	Otu69	Otu70	Otu71	Otu72	Otu73	Otu74	Otu75	Otu76	Otu77	Otu78	Otu79	Otu80	Otu81	Otu82	Otu83	Otu84	Otu85	Otu86	Otu87	Otu88	Otu89	Otu90	Otu91	Otu92	Otu93	Otu94	Otu95	Otu96	Otu97	Otu98	Otu99	Otu100	Otu101	Otu102	Otu103	Otu104	Otu105	Otu106	Otu107	Otu108	Otu109	Otu110	Otu111	Otu112	Otu113	Otu114	Otu115	Otu116	Otu117	Otu118	Otu119	Otu120	Otu121	Otu122	Otu123
0.03	north1_all	80	3066	1090	819	723	441	313	377	315	258	185	265	144	170	134	199	76	68	65	140	74	37	36	55	21	27	40	23	32	49	25	20	48	36	15	16	12	12	8	6	28	18	2	8	1	11	7	18	6	6	7	6	1	6	0	2	7	3	3	2	2	1	3	7	2	2	2	2	1	7	0	3	1	3	2	2	0	1	0	4	1	0	0	0	0	0	0	0	0	0	1	1	0	1	0	0	0	0	0	0	0	0	1	0	0	0	1	1	0	0	0	0	0	0	0	1	0	0	0	0	0	0	0	0	0
0.03	north1_active	80	1603	482	411	387	218	147	210	174	139	100	179	82	99	65	125	34	32	25	96	42	15	18	40	11	11	26	12	15	23	12	6	33	18	3	14	8	7	4	2	19	11	1	6	1	10	4	13	2	2	6	4	0	4	0	1	7	1	1	1	0	0	3	1	0	0	2	1	1	6	0	3	0	3	0	0	0	1	0	4	1	0	0	0	0	0	0	0	0	0	1	1	0	0	0	0	0	0	0	0	0	0	1	0	0	0	1	0	0	0	0	0	0	0	0	1	0	0	0	0	0	0	0	0	0
0.03	north2_all	80	3138	1073	838	767	450	334	396	345	286	169	259	149	171	120	220	72	86	71	147	79	48	40	48	29	26	35	26	34	53	22	16	58	25	16	14	13	15	11	4	24	20	1	7	5	10	6	18	11	10	7	9	1	6	1	2	8	4	2	1	2	1	2	6	2	3	0	3	0	7	0	4	0	1	2	2	2	2	0	5	1	0	0	0	0	1	0	0	0	0	4	1	0	1	2	0	0	0	0	0	0	0	1	0	0	0	0	1	0	0	0	0	0	1	0	1	0	0	0	0	0	0	0	0	0
0.03	north2_active	80	1683	466	415	422	219	141	240	208	156	90	163	78	90	48	140	32	43	34	99	47	22	18	31	18	16	24	12	15	27	10	7	41	12	3	11	6	8	4	1	17	10	0	6	4	8	2	14	2	3	6	5	0	5	1	1	8	1	0	0	1	0	2	1	0	0	0	1	0	6	0	4	0	1	1	0	2	2	0	5	1	0	0	0	0	1	0	0	0	0	4	1	0	0	2	0	0	0	0	0	0	0	1	0	0	0	0	0	0	0	0	0	0	1	0	1	0	0	0	0	0	0	0	0	0
0.03	north3_all	80	3272	1114	822	814	448	324	415	352	283	170	277	139	214	124	213	65	83	72	137	80	45	36	62	35	33	37	28	30	66	23	17	65	29	16	22	19	18	12	5	24	18	7	8	8	10	6	21	15	8	5	8	1	4	3	4	8	5	3	2	4	1	2	6	2	2	1	2	0	3	0	4	0	0	4	2	2	2	0	4	1	0	2	0	0	1	0	0	0	0	3	1	0	1	2	1	0	0	0	0	0	0	1	1	0	2	0	1	0	0	3	0	0	1	0	0	0	0	0	0	0	0	0	0	0
0.03	north3_active	80	1779	479	406	449	218	137	239	214	144	89	184	70	112	52	130	29	48	38	90	47	23	14	36	18	21	26	12	14	37	11	9	46	13	6	16	8	12	5	2	17	13	6	5	4	8	2	16	6	2	3	5	0	4	1	2	5	1	1	1	2	0	2	2	0	0	1	1	0	3	0	4	0	0	3	0	2	2	0	4	1	0	1	0	0	1	0	0	0	0	3	1	0	0	2	0	0	0	0	0	0	0	1	0	0	2	0	0	0	0	3	0	0	1	0	0	0	0	0	0	0	0	0	0	0
0.03	north4_all	80	3363	1113	868	853	412	315	461	368	269	165	281	149	231	130	211	70	90	81	166	81	48	36	86	40	35	25	30	21	51	23	20	61	27	26	24	19	16	11	10	24	19	9	9	10	8	10	23	13	10	3	11	0	4	3	5	4	5	2	4	4	1	3	2	0	5	3	1	0	1	0	3	1	0	4	1	3	4	0	4	2	0	2	0	0	1	0	0	0	0	3	1	0	0	2	1	0	0	0	0	0	0	0	1	0	2	0	0	0	0	3	0	0	1	0	0	0	1	0	0	0	0	0	0	0
0.03	north4_active	80	1872	480	440	475	203	142	279	240	137	83	176	74	135	60	123	30	46	44	111	51	24	12	60	21	22	14	13	8	36	13	12	40	16	11	17	7	10	5	4	16	14	7	3	6	5	2	16	7	4	2	8	0	4	1	2	1	1	1	1	2	0	3	2	0	1	1	0	0	1	0	3	1	0	3	0	3	4	0	4	2	0	1	0	0	1	0	0	0	0	3	1	0	0	2	0	0	0	0	0	0	0	0	0	0	2	0	0	0	0	3	0	0	1	0	0	0	0	0	0	0	0	0	0	0
0.03	north5_all	80	3472	1129	855	860	413	307	438	361	298	168	287	149	218	124	202	71	86	69	168	88	41	36	90	43	29	39	31	20	50	22	21	46	26	32	23	24	11	8	10	32	20	13	7	9	6	8	15	9	5	2	8	0	1	4	8	8	9	2	4	4	4	2	6	0	3	3	2	1	2	0	1	4	0	3	0	2	4	1	0	2	0	2	0	0	0	1	0	0	0	0	0	0	0	0	1	0	0	0	0	0	0	0	1	0	2	0	0	0	0	3	0	0	0	0	0	0	1	0	0	0	0	0	0	0
0.03	north5_active	80	1988	510	431	494	196	139	252	233	164	78	185	76	133	66	123	29	44	37	108	62	16	12	59	21	17	22	17	11	32	14	9	31	17	16	16	9	7	5	3	23	14	10	1	4	4	2	9	9	4	1	6	0	1	1	2	5	3	1	1	2	3	2	5	0	1	1	2	1	2	0	1	4	0	2	0	2	4	1	0	2	0	1	0	0	0	0	0	0	0	0	0	0	0	0	0	0	0	0	0	0	0	0	0	0	2	0	0	0	0	3	0	0	0	0	0	0	0	0	0	0	0	0	0	0
0.03	north6_all	80	3529	1142	831	862	416	290	430	367	305	177	269	166	210	144	221	82	98	63	169	77	42	33	89	30	29	39	42	26	46	27	19	42	28	27	28	25	8	11	10	28	15	13	7	7	7	8	15	8	5	2	9	0	1	3	9	10	7	3	3	2	4	3	8	0	4	2	2	1	2	0	2	4	1	2	1	3	3	1	0	2	0	2	0	0	0	1	0	0	2	0	0	0	0	0	1	0	0	0	0	0	0	0	0	0	2	0	0	0	0	0	0	0	0	0	0	2	1	0	0	0	0	0	0	0
0.03	north6_active	80	2005	512	425	515	196	136	247	228	174	88	168	82	131	83	132	40	46	34	106	55	14	13	60	13	15	20	24	11	27	17	7	28	19	15	16	11	4	7	4	19	8	10	2	5	3	2	9	6	3	1	7	0	1	0	1	8	3	2	0	1	3	2	6	0	1	0	2	1	1	0	2	4	1	0	1	3	3	1	0	2	0	1	0	0	0	0	0	0	2	0	0	0	0	0	0	0	0	0	0	0	0	0	0	0	2	0	0	0	0	0	0	0	0	0	0	2	0	0	0	0	0	0	0	0
0.03	north7_all	80	3484	1149	826	850	414	266	431	338	319	188	299	171	188	158	211	82	100	59	177	78	42	28	88	29	29	45	45	26	56	20	19	33	33	25	25	24	14	18	10	31	22	13	4	5	7	5	10	7	5	3	7	2	2	2	8	14	6	2	0	0	3	4	8	0	3	3	4	1	2	0	8	4	1	1	4	3	3	1	2	2	0	2	0	0	0	1	2	0	3	1	1	0	0	0	1	0	0	0	0	0	0	0	0	0	0	0	0	0	0	0	0	0	0	0	0	2	1	0	0	0	1	0	0	0
0.03	north7_active	80	1987	526	411	525	189	122	251	198	183	92	193	81	104	91	140	36	53	32	120	53	16	10	54	15	15	26	24	11	37	12	5	20	23	14	12	9	8	10	3	23	12	11	2	3	3	2	9	5	2	2	4	2	2	0	1	11	4	1	0	0	3	2	5	0	1	3	3	1	1	0	8	4	1	0	1	3	3	1	2	2	0	0	0	0	0	0	0	0	2	1	1	0	0	0	0	0	0	0	0	0	0	0	0	0	0	0	0	0	0	0	0	0	0	0	0	2	0	0	0	0	1	0	0	0
0.03	north8_all	80	3445	1119	834	832	416	255	427	320	313	180	308	166	211	166	203	80	101	63	187	69	49	39	95	22	30	35	41	33	55	22	15	37	38	24	26	20	13	16	16	29	17	7	4	4	5	4	17	7	6	5	7	4	4	1	5	11	4	2	2	0	3	3	5	0	2	4	3	1	1	0	8	4	1	1	4	1	0	0	2	0	0	2	1	1	0	0	2	0	3	1	1	0	0	0	1	0	0	0	0	0	0	0	1	0	0	0	0	0	0	0	0	0	0	0	0	2	0	0	0	0	1	0	0	0
0.03	north8_active	80	1936	501	421	506	202	122	251	182	189	89	200	82	122	102	134	33	52	33	143	38	24	16	63	11	16	18	21	13	37	14	6	25	28	15	11	6	9	7	7	21	8	7	3	2	0	2	10	4	2	4	5	4	3	0	0	8	4	1	2	0	3	1	2	0	1	3	1	1	0	0	8	4	1	0	1	1	0	0	2	0	0	0	0	1	0	0	0	0	2	1	1	0	0	0	0	0	0	0	0	0	0	0	1	0	0	0	0	0	0	0	0	0	0	0	0	2	0	0	0	0	1	0	0	0
0.03	north9_all	80	3383	1113	853	812	415	263	429	332	299	169	327	158	219	168	185	76	91	59	175	65	54	36	95	20	27	30	31	27	52	20	22	38	36	31	22	12	19	19	16	34	22	5	5	3	8	6	14	8	7	4	6	4	9	1	3	9	2	1	4	1	2	3	3	0	2	5	4	0	1	0	6	2	1	0	3	0	0	1	3	0	0	1	1	1	0	0	2	0	1	1	1	0	0	0	1	0	0	0	0	0	1	0	1	0	0	0	0	0	0	0	0	0	0	0	0	2	0	0	0	0	1	0	0	0
0.03	north9_active	80	1940	496	429	464	208	118	253	199	169	83	218	85	131	102	117	34	50	28	135	35	29	16	60	11	16	17	13	10	37	11	11	26	27	21	11	4	11	10	8	25	9	5	2	1	3	4	4	4	2	4	3	4	7	0	0	6	2	0	4	1	2	0	1	0	1	3	1	0	0	0	6	2	1	0	0	0	0	1	2	0	0	0	0	1	0	0	0	0	0	1	1	0	0	0	0	0	0	0	0	0	1	0	1	0	0	0	0	0	0	0	0	0	0	0	0	2	0	0	0	0	1	0	0	0
0.03	north10_all	80	3316	1176	885	785	437	268	432	361	321	158	298	144	209	157	190	75	87	64	190	69	56	37	92	20	26	32	33	28	46	21	21	47	30	27	10	14	9	12	19	33	21	9	7	2	10	4	17	8	7	5	5	2	10	1	3	5	3	0	5	2	2	1	4	0	0	5	3	0	0	0	6	2	2	0	0	0	2	5	2	0	0	0	1	1	3	0	1	0	1	1	0	0	0	0	1	0	0	0	0	0	1	0	1	0	0	0	0	1	0	0	0	0	0	0	0	0	0	0	0	0	1	0	0	0
0.03	north10_active	80	1895	527	442	426	227	121	257	219	184	80	196	84	126	93	122	39	42	31	150	38	32	20	61	13	12	15	16	15	30	14	10	35	21	19	2	8	3	5	9	23	7	6	3	1	6	3	5	5	3	5	2	2	7	0	0	3	2	0	4	1	2	0	1	0	0	3	1	0	0	0	6	2	1	0	0	0	2	1	1	0	0	0	0	1	0	0	0	0	0	1	0	0	0	0	0	0	0	0	0	0	1	0	1	0	0	0	0	1	0	0	0	0	0	0	0	0	0	0	0	0	1	0	0	0
0.03	north11_all	80	3320	1145	876	823	436	264	440	331	303	187	289	167	193	152	203	79	97	57	211	53	30	35	97	29	30	29	31	24	45	18	18	47	34	16	26	8	15	11	13	18	32	10	4	4	2	5	20	16	8	5	2	3	4	2	2	11	3	2	3	2	0	3	0	2	0	0	4	1	3	0	4	2	2	1	0	1	2	0	0	0	2	0	0	0	0	0	1	0	3	2	0	0	0	0	2	0	0	0	0	0	0	0	0	0	0	0	0	0	1	1	2	1	0	0	0	0	0	0	0	0	0	0	0	0
0.03	north11_active	80	1867	518	425	481	211	116	270	193	184	92	192	99	107	98	119	35	52	32	140	30	23	13	67	14	14	15	18	14	28	9	11	36	26	11	15	4	10	6	9	14	14	0	2	1	1	3	12	13	3	1	0	2	2	0	1	7	0	1	0	0	0	0	0	1	0	0	1	0	1	0	3	0	1	0	0	0	1	0	0	0	1	0	0	0	0	0	0	0	3	1	0	0	0	0	1	0	0	0	0	0	0	0	0	0	0	0	0	0	0	0	2	0	0	0	0	0	0	0	0	0	0	0	0	0
0.03	north12_all	80	3374	1153	856	815	445	275	437	328	271	196	277	140	174	164	217	77	90	60	181	63	32	34	79	33	31	32	30	34	37	19	20	50	29	22	19	8	9	8	13	22	43	9	6	6	4	4	14	12	9	7	1	5	3	3	2	6	3	3	4	2	2	2	0	2	0	1	2	1	3	1	4	1	2	1	0	1	2	0	2	0	4	0	0	0	1	0	1	1	0	2	0	0	0	0	1	0	0	0	0	0	0	0	0	0	0	0	0	0	0	2	0	1	0	0	0	0	0	2	0	0	0	0	0	0
0.03	north12_active	80	1890	545	410	473	225	123	271	184	155	99	185	79	100	107	109	35	46	36	120	34	21	14	47	19	14	16	19	14	22	10	12	33	23	16	10	4	4	4	9	17	26	2	4	3	2	3	8	11	3	2	0	4	3	1	1	3	0	2	0	0	0	0	0	1	0	0	0	0	1	0	3	0	0	0	0	0	1	0	2	0	3	0	0	0	1	0	0	1	0	1	0	0	0	0	0	0	0	0	0	0	0	0	0	0	0	0	0	0	0	2	0	0	0	0	0	0	0	0	0	0	0	0	0	0
0.03	north13_all	80	3464	1180	868	827	475	295	450	316	254	183	237	141	185	153	230	87	93	56	178	66	42	33	82	27	33	27	24	30	38	20	14	44	29	19	18	13	7	7	14	26	35	6	7	7	9	4	18	13	6	8	1	6	5	4	1	6	3	2	1	3	2	4	1	2	0	1	0	0	3	1	0	0	2	1	0	1	2	6	2	0	3	0	0	0	1	0	0	1	0	1	0	0	1	0	2	0	0	0	0	0	0	0	0	0	0	0	0	0	0	2	0	0	0	0	0	0	0	2	0	0	0	0	0	0
0.03	north13_active	80	1950	541	437	467	229	122	293	165	151	87	133	74	113	93	120	43	50	32	120	36	23	13	51	19	13	10	16	13	21	9	7	26	19	13	11	7	4	2	9	19	23	2	5	2	7	3	9	12	3	4	0	5	3	2	1	0	0	1	0	1	0	2	1	1	0	0	0	0	1	0	0	0	1	0	0	0	1	6	2	0	2	0	0	0	1	0	0	1	0	1	0	0	0	0	0	0	0	0	0	0	0	0	0	0	0	0	0	0	0	2	0	0	0	0	0	0	0	0	0	0	0	0	0	0
0.03	north14_all	80	3529	1138	906	794	439	305	424	332	252	186	273	123	192	159	225	79	96	60	150	64	42	38	75	27	38	27	25	33	40	23	14	38	38	13	17	13	7	7	15	32	29	6	7	8	11	5	16	7	5	8	7	7	6	2	1	7	1	2	2	2	3	4	2	2	0	1	0	1	1	2	0	1	2	1	1	0	2	6	2	0	2	2	0	0	1	0	0	1	0	1	0	0	2	0	1	0	0	0	0	0	0	1	0	0	0	0	0	0	0	2	0	0	0	0	0	0	0	2	0	0	0	1	0	0
0.03	north14_active	80	1966	510	469	458	217	135	269	181	146	97	158	64	131	98	115	37	50	37	108	39	20	18	49	16	17	12	17	15	24	12	7	23	25	9	13	7	4	2	11	23	24	3	4	2	7	4	10	6	3	4	5	6	2	2	1	0	1	1	1	1	0	2	1	1	0	0	0	0	0	1	0	0	1	0	1	0	1	6	2	0	2	0	0	0	1	0	0	1	0	1	0	0	1	0	0	0	0	0	0	0	0	1	0	0	0	0	0	0	0	2	0	0	0	0	0	0	0	0	0	0	0	0	0	0
0.03	north15_all	80	3527	1155	876	805	449	293	427	353	285	177	296	145	200	146	202	88	100	48	117	64	41	37	65	33	39	31	23	27	47	25	9	47	36	10	22	14	8	6	15	35	20	4	5	8	10	3	15	12	2	5	8	4	7	2	3	6	2	3	2	1	2	2	3	3	0	4	0	2	1	2	2	1	1	0	1	1	3	6	0	0	0	2	0	0	1	0	0	0	0	0	0	0	2	0	1	0	0	0	0	0	0	1	1	0	0	0	0	0	1	0	0	0	0	0	0	0	0	2	1	0	0	1	0	0
0.03	north15_active	80	1994	522	446	466	224	130	255	203	156	95	187	76	141	86	113	37	55	28	87	36	20	17	42	21	19	14	15	15	28	16	5	37	23	4	13	9	5	0	10	27	15	1	3	1	7	2	9	6	2	4	6	3	2	2	3	1	2	1	1	1	0	2	1	3	0	3	0	1	0	1	2	0	1	0	1	0	2	6	0	0	0	0	0	0	0	0	0	0	0	0	0	0	1	0	0	0	0	0	0	0	0	1	0	0	0	0	0	0	1	0	0	0	0	0	0	0	0	0	0	0	0	0	0	0
0.03	north16_all	80	3454	1143	865	817	412	283	436	381	288	174	301	138	214	152	204	84	89	44	138	64	49	34	69	33	37	32	26	20	63	27	9	42	34	13	31	12	8	9	14	32	18	6	3	9	13	6	13	23	2	4	10	3	7	3	4	5	2	1	1	3	1	0	2	3	0	4	0	4	2	3	2	1	1	0	2	1	1	0	0	0	1	3	1	1	1	0	0	0	0	0	0	0	1	0	0	0	0	0	0	0	0	2	1	0	0	0	0	0	1	0	0	0	0	0	0	0	0	0	1	0	0	1	0	0
0.03	north16_active	80	1962	526	438	485	205	136	256	222	153	89	193	75	150	91	121	41	46	27	108	37	22	16	46	19	19	16	16	12	34	18	4	33	24	7	17	5	4	2	7	23	12	3	2	3	9	4	8	11	2	1	6	3	1	1	3	2	2	0	1	3	0	0	0	2	0	3	0	2	0	2	2	0	0	0	2	0	1	0	0	0	0	1	1	1	0	0	0	0	0	0	0	0	1	0	0	0	0	0	0	0	0	2	0	0	0	0	0	0	1	0	0	0	0	0	0	0	0	0	0	0	0	0	0	0
0.03	north17_all	80	3389	1163	824	788	418	254	409	378	283	193	311	143	232	141	227	88	81	41	160	66	42	36	71	45	25	34	32	22	56	28	9	47	33	16	31	15	7	14	12	23	19	5	5	12	8	7	8	25	3	4	11	5	7	4	4	5	3	1	1	4	0	0	1	3	0	5	0	4	3	2	2	0	1	0	2	3	1	0	0	0	2	2	1	1	1	0	0	1	0	0	0	0	1	0	0	0	0	0	0	0	0	1	1	0	0	0	0	0	1	0	0	0	0	0	0	0	0	0	1	0	0	1	0	0
0.03	north17_active	80	1897	550	390	454	214	115	219	227	153	101	200	70	143	84	139	43	47	23	121	34	18	15	48	29	11	14	17	11	32	16	3	36	26	9	17	8	4	4	4	14	15	2	4	8	6	3	6	11	3	1	7	4	2	2	3	3	2	0	1	4	0	0	0	2	0	4	0	3	0	1	2	0	0	0	1	1	1	0	0	0	1	1	1	1	0	0	0	1	0	0	0	0	0	0	0	0	0	0	0	0	0	1	0	0	0	0	0	0	1	0	0	0	0	0	0	0	0	0	0	0	0	0	0	0
0.03	north18_all	80	3380	1154	837	766	425	264	427	350	276	188	288	144	221	142	232	93	69	47	169	81	46	44	83	37	22	29	36	23	49	26	13	46	38	23	39	13	9	17	12	22	21	5	8	13	13	7	8	19	2	3	5	5	7	3	3	10	3	1	4	4	0	0	0	1	0	6	0	3	2	3	0	0	1	1	2	2	1	0	1	0	2	1	1	1	1	0	0	2	0	0	0	0	1	0	0	0	0	0	0	0	1	1	0	0	0	0	0	0	1	0	0	0	0	0	0	0	0	0	1	0	0	0	0	0
0.03	north18_active	80	1844	560	407	433	208	123	233	202	155	93	187	74	116	88	150	51	35	29	125	44	21	18	53	22	10	12	23	13	26	12	5	39	30	15	27	7	5	7	5	14	16	3	7	9	8	2	7	10	2	0	1	3	3	1	2	8	1	0	3	4	0	0	0	0	0	5	0	2	0	3	0	0	0	0	1	1	1	0	0	0	1	1	1	1	0	0	0	1	0	0	0	0	0	0	0	0	0	0	0	0	0	1	0	0	0	0	0	0	1	0	0	0	0	0	0	0	0	0	0	0	0	0	0	0
0.03	north19_all	80	3426	1187	819	779	426	263	410	359	294	180	261	155	215	151	239	91	64	49	195	79	50	42	87	32	27	29	37	25	40	30	15	35	48	24	32	15	7	12	8	33	23	4	8	11	10	6	7	14	3	6	4	7	4	2	5	9	5	1	5	1	0	1	0	1	0	3	0	3	1	4	0	1	0	1	1	2	1	6	1	0	1	0	0	0	0	0	0	2	0	0	0	0	2	0	0	0	0	0	0	0	1	1	0	0	0	0	0	0	0	0	0	0	0	0	0	0	0	0	0	0	0	0	0	0
0.03	north19_active	80	1851	575	389	472	205	120	226	210	179	92	163	85	120	98	165	52	35	26	137	45	22	18	52	19	15	11	24	12	20	14	7	25	39	16	25	9	4	7	3	22	17	2	7	7	5	0	5	9	2	1	1	5	2	1	1	7	2	0	3	1	0	0	0	0	0	2	0	2	0	3	0	1	0	0	0	1	0	0	0	0	1	0	0	0	0	0	0	1	0	0	0	0	0	0	0	0	0	0	0	0	0	1	0	0	0	0	0	0	0	0	0	0	0	0	0	0	0	0	0	0	0	0	0	0
0.03	north20_all	80	3435	1174	826	794	438	277	416	378	314	162	267	177	203	151	236	80	64	57	161	65	52	44	97	23	27	35	32	23	30	21	17	41	48	27	33	18	9	10	12	33	27	4	11	8	10	6	12	5	4	7	2	5	3	2	5	8	4	2	4	1	0	2	2	0	0	3	1	3	2	4	1	2	1	1	1	1	4	6	1	2	2	0	1	0	0	1	0	1	0	0	0	0	2	0	0	0	0	0	0	0	1	0	0	0	0	0	0	0	0	0	0	0	0	0	0	0	0	0	0	0	0	0	0	0
0.03	north20_active	80	1923	573	404	492	207	126	240	224	191	81	159	100	117	97	162	41	28	25	111	41	24	19	63	12	16	15	22	11	17	9	9	21	41	17	26	11	6	6	5	22	20	1	6	4	5	0	7	3	3	3	1	4	3	1	2	7	2	1	2	1	0	0	0	0	0	2	0	1	0	3	0	2	1	0	0	1	3	0	0	2	1	0	1	0	0	1	0	0	0	0	0	0	0	0	0	0	0	0	0	0	0	0	0	0	0	0	0	0	0	0	0	0	0	0	0	0	0	0	0	0	0	0	0	0
0.03	south21_all	80	3383	1133	856	842	437	277	405	373	316	176	313	154	203	157	196	68	79	56	212	77	49	46	79	28	27	57	34	21	46	28	19	37	40	18	28	23	14	6	10	14	13	5	6	6	17	5	11	18	3	5	11	7	6	4	2	5	5	3	2	4	5	0	7	1	1	3	3	1	0	4	1	0	2	3	2	0	4	3	0	0	0	0	0	0	0	0	0	0	0	0	1	0	0	0	1	0	0	0	0	0	2	0	0	2	0	0	0	0	0	0	0	0	0	0	0	0	1	0	0	0	0	0	0	1
0.03	south21_active	80	1822	527	441	517	200	133	231	232	164	80	210	89	121	98	133	26	38	29	146	47	26	24	52	7	16	35	18	10	23	16	7	19	23	8	19	7	4	3	5	6	6	3	3	2	11	3	8	16	2	3	9	7	3	2	1	4	4	0	0	1	4	0	4	0	0	2	3	1	0	1	0	0	1	2	1	0	1	1	0	0	0	0	0	0	0	0	0	0	0	0	0	0	0	0	0	0	0	0	0	0	1	0	0	2	0	0	0	0	0	0	0	0	0	0	0	0	0	0	0	0	0	0	0	1
0.03	south22_all	80	3443	1103	829	861	442	278	404	369	323	181	305	137	193	181	200	67	71	65	225	74	45	41	92	40	33	52	36	19	54	22	23	46	41	21	27	21	10	8	12	22	18	5	7	6	16	4	15	9	4	4	11	3	4	7	1	12	7	2	4	4	7	1	7	1	0	3	2	1	0	1	0	1	0	3	2	0	6	3	1	0	0	0	0	1	0	1	0	0	0	2	0	0	0	0	1	0	0	0	0	0	1	0	0	2	0	0	0	0	0	0	0	0	0	0	0	0	0	0	0	0	0	0	0	1
0.03	south22_active	80	1890	518	438	530	208	126	222	225	173	84	202	77	103	113	129	24	31	31	150	44	21	20	60	16	15	35	15	9	32	12	12	27	25	15	18	10	3	3	4	11	14	4	2	2	12	3	10	9	3	3	8	2	2	2	0	10	5	0	1	1	5	0	5	0	0	1	2	1	0	1	0	0	0	2	1	0	3	1	0	0	0	0	0	1	0	1	0	0	0	2	0	0	0	0	1	0	0	0	0	0	1	0	0	2	0	0	0	0	0	0	0	0	0	0	0	0	0	0	0	0	0	0	0	1
0.03	south23_all	80	3458	1061	848	829	437	311	402	353	306	181	291	145	208	195	233	77	77	63	222	69	50	34	93	41	37	42	39	18	41	26	28	29	48	18	24	19	8	8	11	22	22	5	8	8	21	5	13	12	2	3	5	3	4	8	2	9	10	0	3	6	3	1	8	2	0	3	0	1	0	1	0	2	0	1	2	0	5	2	2	1	0	0	0	1	0	2	0	0	0	2	1	0	0	0	1	0	0	1	0	0	0	0	0	2	0	0	0	0	0	0	0	0	0	0	0	0	0	0	0	0	0	0	0	0
0.03	south23_active	80	1924	471	448	498	222	141	219	213	171	92	190	82	111	126	147	33	39	27	155	35	27	15	58	18	16	31	19	9	30	14	13	14	28	12	16	9	2	1	3	12	20	4	3	4	16	3	7	8	2	2	3	2	1	3	1	8	7	0	1	2	1	0	6	0	0	1	0	1	0	1	0	1	0	0	1	0	3	0	1	1	0	0	0	1	0	1	0	0	0	2	0	0	0	0	1	0	0	1	0	0	0	0	0	2	0	0	0	0	0	0	0	0	0	0	0	0	0	0	0	0	0	0	0	0
0.03	south24_all	80	3522	1074	841	853	449	326	411	328	299	189	269	159	205	179	269	86	76	63	205	69	49	36	84	37	31	38	43	20	38	24	32	36	38	25	26	17	9	8	11	20	24	4	4	9	14	6	14	5	2	6	4	5	6	8	2	11	9	2	3	3	5	1	5	4	1	2	0	0	0	0	2	2	0	0	1	0	4	2	2	1	0	0	0	1	0	2	0	0	0	3	1	0	0	0	1	0	1	1	0	0	0	0	0	0	0	0	0	0	0	0	1	0	0	0	0	0	0	0	0	0	0	0	0	0
0.03	south24_active	80	2001	474	441	519	235	149	237	182	182	102	163	95	120	119	159	37	39	28	139	36	28	12	52	19	15	27	20	12	25	15	19	14	25	16	20	12	5	2	5	11	21	3	1	4	11	4	7	1	2	3	2	4	2	4	1	10	6	2	2	2	3	0	5	2	0	0	0	0	0	0	0	1	0	0	0	0	2	2	1	1	0	0	0	1	0	1	0	0	0	2	0	0	0	0	1	0	0	1	0	0	0	0	0	0	0	0	0	0	0	0	0	0	0	0	0	0	0	0	0	0	0	0	0	0
0.03	south25_all	80	3488	1132	888	823	439	323	417	309	289	194	258	172	223	176	267	91	76	52	187	66	46	36	72	34	34	27	33	22	56	30	29	51	36	19	19	16	14	9	11	12	28	2	4	7	11	5	7	7	5	8	3	3	6	4	4	6	7	4	5	3	5	0	5	4	1	1	0	0	1	0	3	2	0	1	0	0	2	3	3	1	0	0	0	0	0	2	0	0	0	1	1	0	0	0	0	0	1	1	0	0	0	0	0	0	0	0	0	0	0	1	1	0	0	0	0	0	0	0	0	0	0	0	0	0
0.03	south25_active	80	1998	520	475	484	235	151	237	160	175	109	159	102	131	124	154	41	40	23	111	35	26	13	44	16	16	19	16	11	39	17	18	16	23	9	14	10	7	2	7	8	22	2	1	5	8	3	2	2	3	3	2	2	2	2	3	5	4	2	4	2	3	0	4	2	0	0	0	0	1	0	0	1	0	1	0	0	2	2	3	1	0	0	0	0	0	1	0	0	0	0	0	0	0	0	0	0	0	1	0	0	0	0	0	0	0	0	0	0	0	0	0	0	0	0	0	0	0	0	0	0	0	0	0	0
0.03	south26_all	80	3442	1148	910	823	457	321	376	303	289	190	258	174	212	144	263	90	90	56	182	64	47	37	68	27	29	24	29	20	55	33	30	52	24	21	21	14	12	8	20	21	18	6	5	7	6	7	5	13	9	10	6	2	6	2	3	13	4	4	4	3	5	0	6	5	2	0	1	0	2	0	4	3	0	2	0	0	0	4	10	1	3	0	0	0	0	2	0	0	0	1	0	0	3	0	0	0	1	0	0	0	0	0	0	0	0	0	0	0	0	1	1	0	0	0	0	0	0	0	0	0	0	0	0	0
0.03	south26_active	80	1911	528	484	479	237	138	221	155	179	105	157	93	128	101	169	41	43	25	100	29	28	17	43	12	13	16	12	8	38	17	20	17	14	12	12	7	9	2	14	13	12	3	2	5	4	4	1	5	6	5	3	2	3	1	2	4	2	2	4	2	3	0	5	3	1	0	1	0	1	0	0	1	0	1	0	0	0	3	9	1	3	0	0	0	0	1	0	0	0	0	0	0	3	0	0	0	0	0	0	0	0	0	0	0	0	0	0	0	0	0	0	0	0	0	0	0	0	0	0	0	0	0	0	0
0.03	south27_all	80	3483	1163	886	786	444	318	409	299	293	193	240	167	192	151	216	87	95	52	174	66	45	36	70	32	33	26	27	15	55	32	24	49	31	17	30	14	12	8	22	21	19	8	5	7	7	6	4	12	9	6	15	1	5	2	2	15	5	3	4	1	3	0	6	2	3	0	1	0	2	2	4	2	1	2	0	1	1	3	10	0	3	0	2	0	0	2	0	0	0	0	1	0	3	0	1	0	1	0	0	0	0	0	0	0	0	0	0	0	0	1	0	0	0	0	0	0	0	0	0	0	0	0	0	0
0.03	south27_active	80	1932	532	462	446	222	138	249	169	183	106	156	89	113	101	139	41	47	25	102	36	23	19	42	15	15	16	15	4	40	16	15	24	19	11	18	7	9	4	15	14	12	4	2	3	6	4	2	7	6	3	10	1	3	0	2	6	2	1	4	1	1	0	5	1	1	0	1	0	1	1	0	0	0	1	0	1	1	1	9	0	3	0	2	0	0	1	0	0	0	0	1	0	3	0	0	0	0	0	0	0	0	0	0	0	0	0	0	0	0	0	0	0	0	0	0	0	0	0	0	0	0	0	0	0
0.03	south28_all	80	3477	1160	899	785	459	310	388	308	291	197	262	174	191	155	233	86	100	56	148	70	41	38	93	32	30	26	32	16	39	30	21	36	30	12	36	11	13	7	20	33	25	9	5	11	5	7	8	13	8	5	18	2	4	2	0	11	4	1	4	2	3	0	2	2	2	3	3	0	2	5	3	10	1	2	0	1	6	2	8	0	3	1	2	1	0	3	0	0	0	1	1	0	3	0	1	0	0	1	0	0	0	0	0	0	0	0	0	0	0	0	0	0	0	0	0	0	0	0	0	0	0	0	0	0
0.03	south28_active	80	1910	521	467	466	231	130	228	174	170	100	168	97	113	107	154	45	52	27	85	43	21	20	58	16	15	16	21	5	30	19	12	25	15	8	24	5	10	2	13	22	19	3	2	5	5	5	5	7	5	2	8	1	1	0	0	3	2	0	4	0	1	0	2	1	1	1	1	0	1	4	0	0	0	1	0	1	6	1	7	0	3	0	2	1	0	1	0	0	0	1	1	0	3	0	0	0	0	1	0	0	0	0	0	0	0	0	0	0	0	0	0	0	0	0	0	0	0	0	0	0	0	0	0	0
0.03	south29_all	80	3484	1170	832	803	452	306	434	362	284	173	242	181	188	148	229	83	81	62	161	74	35	43	88	33	29	35	29	20	31	27	17	41	30	12	33	9	13	6	12	34	28	8	3	13	3	5	10	7	6	5	14	4	3	2	1	5	3	0	2	4	2	2	6	1	1	4	4	0	2	5	5	8	1	2	0	3	6	1	2	0	1	1	2	1	2	4	0	0	0	2	2	0	1	0	1	0	0	1	0	0	0	0	0	0	0	0	0	0	0	0	0	0	0	0	0	0	0	0	1	0	0	0	0	0
0.03	south29_active	80	1890	541	413	460	223	139	246	215	152	88	160	101	113	91	143	42	45	29	112	43	15	19	50	16	12	26	17	9	23	17	9	29	17	9	25	6	10	2	6	26	23	3	1	8	3	2	8	4	2	3	7	3	1	0	0	3	1	0	2	0	1	1	5	0	0	2	2	0	1	4	3	0	0	1	0	1	6	0	2	0	0	0	2	1	2	2	0	0	0	2	1	0	1	0	0	0	0	1	0	0	0	0	0	0	0	0	0	0	0	0	0	0	0	0	0	0	0	0	0	0	0	0	0	0
0.03	south30_all	80	3432	1185	848	775	465	291	416	374	272	173	256	189	195	144	233	80	87	61	181	71	33	41	87	29	26	44	25	23	35	24	15	59	40	12	28	12	12	6	5	32	22	8	1	14	4	6	10	8	6	6	11	5	6	0	2	3	1	0	3	4	2	2	8	2	0	5	3	0	1	5	5	8	0	3	0	2	6	3	3	0	1	1	1	2	2	2	0	0	0	2	1	0	7	0	1	0	0	2	0	0	0	0	0	0	0	0	0	0	0	0	0	0	0	0	0	0	0	0	1	0	0	0	0	0
0.03	south30_active	80	1876	535	417	446	230	124	224	227	153	93	170	105	125	86	150	43	49	32	127	38	15	17	58	15	13	26	13	9	26	15	7	46	24	11	24	6	7	1	1	21	15	3	1	10	2	2	8	4	1	4	3	3	4	0	1	1	0	0	2	0	1	1	6	1	0	2	1	0	1	3	3	0	0	3	0	0	6	2	1	0	0	0	1	2	2	1	0	0	0	2	0	0	7	0	0	0	0	2	0	0	0	0	0	0	0	0	0	0	0	0	0	0	0	0	0	0	0	0	0	0	0	0	0	0
0.03	south31_all	80	3360	1169	796	851	432	329	400	323	272	169	283	168	217	164	243	89	78	52	149	68	40	32	94	20	30	39	31	38	32	29	16	56	38	17	22	13	11	13	9	19	11	7	15	13	6	5	20	12	7	4	4	4	3	2	1	6	3	2	4	5	2	1	2	4	2	3	0	3	0	4	1	2	1	1	0	2	3	4	6	0	1	1	1	0	0	0	0	0	1	0	2	0	0	0	0	1	0	0	0	0	0	0	0	0	0	1	0	0	0	0	0	0	0	1	0	0	0	0	0	1	0	0	0	0
0.03	south31_active	80	1895	545	386	496	225	138	241	195	139	78	189	90	129	102	171	51	40	29	95	39	18	16	69	5	14	21	22	20	12	15	5	29	22	8	17	5	6	6	5	10	7	4	11	6	3	2	16	7	5	0	2	3	1	1	0	4	1	1	1	4	1	0	0	1	1	2	0	3	0	3	1	1	1	0	0	2	3	3	1	0	0	0	0	0	0	0	0	0	0	0	1	0	0	0	0	0	0	0	0	0	0	0	0	0	0	1	0	0	0	0	0	0	0	1	0	0	0	0	0	1	0	0	0	0
0.03	south32_all	80	3284	1181	783	855	435	304	400	318	288	187	300	168	221	167	224	84	83	56	177	67	43	30	74	23	31	33	42	32	32	21	14	54	41	19	22	10	10	11	5	21	12	7	14	12	9	7	19	11	7	6	4	1	2	2	1	7	5	2	3	1	4	1	1	8	1	3	1	3	0	4	1	3	2	2	0	1	3	2	3	0	1	1	1	0	0	1	1	0	2	1	1	0	1	0	0	1	0	0	0	0	0	0	0	0	0	1	0	0	0	0	0	0	0	1	0	0	0	0	0	1	0	0	0	0
0.03	south32_active	80	1806	545	397	516	223	131	209	192	155	86	206	91	130	118	142	46	43	31	115	42	22	13	60	6	14	16	35	16	14	10	7	30	24	11	15	6	7	6	3	11	8	3	13	5	5	2	16	6	4	2	1	1	1	1	0	5	2	1	1	0	3	0	0	3	1	2	0	3	0	3	1	2	2	1	0	1	3	1	0	0	0	1	1	0	0	1	1	0	0	0	0	0	1	0	0	0	0	0	0	0	0	0	0	0	0	1	0	0	0	0	0	0	0	1	0	0	0	0	0	1	0	0	0	0
0.03	south33_all	80	3296	1198	817	846	413	315	363	307	298	195	294	160	188	151	205	77	74	66	184	70	42	35	75	24	36	42	39	30	37	21	11	54	46	20	32	16	15	13	4	22	32	8	15	13	12	6	17	10	4	8	9	2	4	2	1	10	4	4	3	4	4	1	1	6	1	4	1	3	2	5	2	2	1	2	0	1	3	3	3	0	0	1	1	0	0	2	1	0	2	1	1	0	1	0	0	0	0	0	1	0	0	0	0	0	0	0	0	0	0	0	0	0	1	1	0	0	0	0	0	1	0	0	0	0
0.03	south33_active	80	1869	558	402	521	208	134	185	174	176	83	194	74	105	104	133	36	39	26	117	40	21	12	58	8	17	25	31	16	23	11	6	31	25	11	24	11	11	6	0	11	27	3	12	4	8	1	13	5	1	2	3	2	4	1	0	8	1	3	1	2	3	1	0	3	0	3	0	3	2	3	1	1	1	1	0	1	3	2	0	0	0	1	1	0	0	1	1	0	0	0	0	0	1	0	0	0	0	0	0	0	0	0	0	0	0	0	0	0	0	0	0	0	0	1	0	0	0	0	0	1	0	0	0	0
0.03	south34_all	80	3341	1174	843	836	411	298	378	309	283	201	292	154	190	150	181	72	80	57	185	80	41	36	73	21	32	42	44	25	41	28	12	47	30	19	32	21	21	10	4	20	27	8	13	8	10	4	13	10	3	5	9	1	5	3	2	9	2	4	2	9	3	1	1	6	1	2	1	0	2	6	3	1	1	1	0	0	3	1	3	0	0	2	1	0	0	2	1	0	4	1	1	0	1	0	0	0	0	0	1	0	0	0	0	0	0	0	1	0	0	0	0	0	1	0	0	0	0	0	1	1	0	0	1	0
0.03	south34_active	80	1877	557	416	495	209	120	200	173	165	100	194	80	117	102	113	31	46	25	132	47	22	12	51	11	11	27	36	10	22	14	4	29	18	13	26	14	13	3	1	16	25	5	9	1	9	0	10	6	0	2	3	1	5	1	1	7	1	3	1	5	3	1	0	3	0	1	0	0	2	3	2	1	1	1	0	0	3	1	1	0	0	1	1	0	0	1	1	0	2	0	0	0	1	0	0	0	0	0	0	0	0	0	0	0	0	0	0	0	0	0	0	0	0	0	0	0	0	0	0	1	0	0	0	0
0.03	south35_all	80	3358	1105	846	807	396	318	393	295	287	182	285	152	219	139	176	72	74	61	153	81	36	40	82	29	33	50	39	23	43	27	14	38	44	23	30	19	25	9	7	21	30	7	13	9	8	4	11	11	5	5	9	2	7	4	3	6	6	5	3	9	2	1	3	4	1	2	1	0	2	2	3	2	0	0	0	1	0	1	2	0	0	1	0	1	0	1	1	0	4	1	0	2	0	0	0	0	0	0	1	0	0	0	1	0	0	0	1	0	0	0	0	0	1	0	0	2	0	0	1	0	0	0	1	0
0.03	south35_active	80	1914	517	424	477	212	125	235	167	178	97	194	81	130	84	103	30	47	26	102	45	17	16	55	16	14	30	30	10	26	13	3	22	28	17	24	11	15	3	3	18	26	4	8	2	7	1	9	7	3	3	3	1	7	1	1	4	5	4	1	5	2	1	2	2	0	1	0	0	2	0	2	1	0	0	0	0	0	1	1	0	0	0	0	1	0	0	1	0	2	0	0	2	0	0	0	0	0	0	0	0	0	0	0	0	0	0	0	0	0	0	0	0	0	0	0	2	0	0	0	0	0	0	0	0
0.03	south36_all	80	3397	1164	828	844	387	298	399	328	298	177	294	156	233	152	172	64	89	51	156	67	36	36	84	34	28	49	38	18	42	22	19	46	31	27	25	16	20	9	8	27	30	8	8	11	10	4	12	13	4	3	6	3	5	6	3	8	7	4	3	8	2	3	4	2	1	2	0	0	0	6	4	1	0	0	0	1	0	1	2	0	1	2	0	1	1	1	0	0	2	0	0	2	0	0	0	0	0	0	1	0	0	0	1	0	0	0	1	0	0	3	0	0	0	0	0	2	0	0	1	0	0	0	1	0
0.03	south36_active	80	1925	564	409	484	194	115	250	183	187	101	183	84	143	94	102	26	56	24	105	36	16	16	46	18	10	25	27	6	27	13	5	29	20	19	15	9	11	3	3	23	23	4	5	2	9	2	9	8	3	1	4	0	5	1	1	5	5	3	1	5	2	1	2	1	0	2	0	0	0	5	3	0	0	0	0	0	0	1	1	0	0	1	0	1	1	0	0	0	2	0	0	2	0	0	0	0	0	0	0	0	0	0	0	0	0	0	0	0	0	0	0	0	0	0	0	2	0	0	0	0	0	0	0	0
0.03	south37_all	80	3390	1184	847	860	408	283	408	310	323	172	297	158	246	162	195	56	87	66	154	58	38	33	101	42	35	51	35	16	47	24	23	49	29	28	31	13	15	11	9	34	14	9	5	11	7	7	13	10	4	4	3	3	8	5	5	8	8	2	4	2	3	2	3	1	0	1	0	1	0	6	1	1	0	1	2	1	2	0	2	0	1	1	0	1	1	0	0	0	3	0	1	2	0	0	0	1	0	0	0	0	0	0	1	0	0	0	0	0	0	3	0	0	0	0	0	2	0	0	0	0	0	0	1	0
0.03	south37_active	80	1860	565	428	502	197	107	250	177	205	96	175	77	146	93	119	26	48	33	94	29	17	13	65	22	15	27	23	5	31	15	6	33	18	20	19	5	7	4	4	25	6	6	4	3	6	4	9	5	4	1	2	0	7	0	2	5	5	2	2	0	2	0	2	0	0	1	0	1	0	5	1	0	0	0	2	0	0	0	0	0	0	1	0	1	1	0	0	0	3	0	1	2	0	0	0	0	0	0	0	0	0	0	0	0	0	0	0	0	0	0	0	0	0	0	0	2	0	0	0	0	0	0	0	0
0.03	south38_all	80	3331	1193	807	852	410	287	399	332	337	161	264	151	238	174	200	58	84	71	152	55	38	30	113	40	34	48	33	17	51	22	17	59	16	26	36	13	8	11	7	28	24	9	5	13	9	8	10	5	4	6	9	5	6	6	2	8	4	1	3	3	1	2	5	1	0	1	1	3	0	9	4	1	0	1	4	1	2	0	2	0	1	2	0	1	1	0	0	0	1	0	1	1	0	0	1	1	0	0	0	1	0	0	0	0	0	0	0	0	0	3	0	1	0	0	0	0	0	0	0	0	0	0	0	0
0.03	south38_active	80	1826	568	389	483	188	116	245	191	211	81	151	86	149	96	126	32	39	38	95	37	16	13	74	19	15	22	19	7	36	11	6	43	8	14	25	5	5	5	4	18	13	4	3	6	6	7	6	2	4	2	9	1	4	0	1	4	2	1	1	1	0	0	4	1	0	1	1	3	0	7	1	0	0	0	2	0	0	0	0	0	0	2	0	1	1	0	0	0	1	0	1	1	0	0	1	0	0	0	0	0	0	0	0	0	0	0	0	0	0	0	0	1	0	0	0	0	0	0	0	0	0	0	0	0
0.03	south39_all	80	3382	1141	812	814	416	287	381	325	319	155	252	161	237	165	203	62	75	71	144	58	44	39	111	37	38	40	30	20	44	25	16	54	20	19	35	11	10	11	7	24	31	7	8	11	12	7	8	3	3	6	11	2	8	7	3	3	1	3	4	3	1	4	5	1	1	1	2	4	0	4	4	1	0	2	5	0	2	1	1	2	2	1	0	0	1	0	0	0	1	2	1	1	0	0	1	1	0	0	0	1	0	0	0	0	0	0	0	0	0	3	0	3	0	0	0	0	0	0	0	0	0	0	0	0
0.03	south39_active	80	1833	548	402	451	186	127	231	200	201	77	151	85	146	84	131	33	32	40	101	37	18	16	71	19	15	19	14	8	31	14	4	38	10	11	25	3	6	5	6	17	14	3	4	7	10	6	6	3	2	3	11	1	5	0	1	1	0	3	1	1	0	1	4	1	1	1	1	3	0	2	1	0	0	1	3	0	0	0	0	1	0	1	0	0	1	0	0	0	1	2	1	1	0	0	1	0	0	0	0	0	0	0	0	0	0	0	0	0	0	0	0	3	0	0	0	0	0	0	0	0	0	0	0	0
0.03	south40_all	80	3349	1120	849	830	397	281	382	346	298	157	249	162	224	165	208	74	74	64	146	72	44	42	105	39	37	28	34	16	45	25	19	45	24	18	24	10	7	11	10	21	31	4	8	13	10	3	1	10	3	7	10	3	9	6	5	5	1	3	3	3	0	4	4	2	2	3	2	3	1	4	3	1	0	3	3	0	0	1	0	2	2	1	0	0	0	0	0	0	1	2	0	1	1	0	1	1	0	0	0	1	0	0	0	0	0	0	0	0	0	0	0	3	0	0	0	0	0	0	0	0	0	0	0	0
0.03	south40_active	80	1830	533	397	464	190	130	227	228	185	71	152	84	142	85	136	42	29	38	94	45	20	18	67	20	14	13	16	7	28	13	7	27	16	9	16	3	5	5	9	19	17	1	4	8	8	3	1	10	2	4	9	2	5	0	3	3	0	3	1	1	0	1	4	1	1	2	1	2	1	2	0	0	0	2	1	0	0	0	0	1	0	1	0	0	0	0	0	0	1	2	0	1	1	0	1	0	0	0	0	0	0	0	0	0	0	0	0	0	0	0	0	3	0	0	0	0	0	0	0	0	0	0	0	0
