label	Group	numOtus	Otu0	Otu1	Otu2	Otu3	Otu4	Otu5	Otu6	Otu7	Otu8	Otu9	Otu10	Otu11	Otu12	Otu13	Otu14	Otu15	Otu16	Otu17	Otu18	Otu19	Otu20	Otu21	Otu22	Otu23	Otu24	Otu25	Otu26	Otu27	Otu28	Otu29	Otu30	Otu31	Otu32	Otu33	Otu34	Otu35	Otu36	Otu37	Otu38	Otu39	Otu40	Otu41	Otu42	Otu43	Otu44	Otu45	Otu46	Otu47
0.03	north1_all	80	11184	6320	4623	3037	1581	622	573	412	225	266	194	103	100	56	50	24	30	25	14	20	12	8	8	15	9	2	1	5	1	6	0	0	1	2	2	0	0	0	1	0	0	0	0	0	0	0	0	0
0.03	north1_active	80	5298	4384	3735	2482	1263	170	352	247	57	191	153	36	32	12	23	4	13	11	7	16	7	2	4	15	9	0	0	2	0	4	0	0	0	2	0	0	0	0	1	0	0	0	0	0	0	0	0	0
0.03	north2_all	80	11314	6717	4939	3150	1773	639	623	433	230	269	217	92	86	53	57	27	40	31	16	23	12	15	7	16	11	1	2	4	0	1	0	0	1	2	3	0	0	0	1	0	0	0	0	0	0	0	0	0
0.03	north2_active	80	5612	4830	4126	2629	1460	156	404	276	63	199	169	32	30	14	29	8	21	12	12	21	8	3	4	15	11	0	0	2	0	1	0	0	0	2	0	0	0	0	1	0	0	0	0	0	0	0	0	0
0.03	north3_all	80	11533	6958	5520	3518	1936	620	676	452	234	279	225	97	80	51	59	32	44	31	14	26	14	15	4	23	5	1	2	0	1	1	0	0	0	2	3	1	0	0	1	0	0	0	0	0	0	0	0	0
0.03	north3_active	80	5982	5187	4696	3017	1624	145	456	305	73	205	178	36	29	20	31	9	22	13	8	26	10	3	3	20	5	0	1	0	0	1	0	0	0	2	0	0	0	0	1	0	0	0	0	0	0	0	0	0
0.03	north4_all	80	11495	7191	5704	3661	1922	637	678	453	223	282	239	94	70	56	70	31	41	25	13	38	12	10	3	14	7	1	2	0	1	0	0	2	3	1	3	1	0	0	1	0	0	0	0	0	0	0	0	0
0.03	north4_active	80	6010	5420	4891	3163	1590	151	458	306	66	213	194	36	25	21	43	9	23	9	6	37	8	3	1	9	6	1	1	0	0	0	0	2	1	1	0	0	0	0	1	0	0	0	0	0	0	0	0	0
0.03	north5_all	80	11461	7351	5572	3782	1899	632	656	441	218	280	251	106	84	51	66	33	36	20	14	43	15	5	6	12	8	2	1	0	1	0	0	2	3	0	0	1	0	0	0	0	0	0	0	0	0	0	0	0
0.03	north5_active	80	6061	5467	4806	3297	1589	165	447	305	81	214	210	43	26	20	39	10	17	8	4	38	10	1	1	8	6	2	1	0	0	0	0	2	1	0	0	0	0	0	0	0	0	0	0	0	0	0	0	0
0.03	north6_all	80	11342	7094	5155	3506	1790	664	612	445	221	283	271	99	81	55	65	32	28	20	21	43	9	4	9	8	8	2	1	0	0	1	0	2	3	0	0	0	0	0	0	0	0	0	0	0	0	0	0	0
0.03	north6_active	80	5844	5163	4386	2986	1476	191	403	292	75	219	224	40	23	18	40	12	11	8	6	37	5	1	1	3	6	2	1	0	0	0	0	2	1	0	0	0	0	0	0	0	0	0	0	0	0	0	0	0
0.03	north7_all	80	11146	6597	4557	3099	1710	657	609	413	225	267	231	99	82	51	58	31	29	23	21	44	8	3	9	8	11	1	2	1	2	1	1	1	0	0	0	0	0	0	0	0	0	0	0	0	0	0	0	0
0.03	north7_active	80	5537	4658	3734	2601	1380	200	387	269	69	193	183	33	27	12	34	16	10	11	5	38	4	0	1	6	9	1	2	0	0	0	1	1	0	0	0	0	0	0	0	0	0	0	0	0	0	0	0	0
0.03	north8_all	80	11073	6381	4647	3080	1699	674	593	464	215	259	231	103	82	51	47	31	30	27	20	34	13	5	12	9	23	1	2	1	3	2	1	1	0	0	4	0	0	0	0	0	0	0	0	0	0	0	0	0
0.03	north8_active	80	5467	4562	3795	2581	1336	180	373	311	49	179	189	33	26	13	23	18	14	15	5	29	6	0	2	7	21	0	2	0	0	0	1	1	0	0	0	0	0	0	0	0	0	0	0	0	0	0	0	0
0.03	north9_all	80	11213	6347	4824	3175	1735	656	598	486	215	259	247	109	74	54	47	30	29	31	20	24	12	6	11	7	25	2	1	2	4	5	1	1	0	1	4	0	0	0	0	0	0	0	0	0	0	0	0	0
0.03	north9_active	80	5593	4627	3994	2686	1354	174	378	332	47	172	200	43	26	13	22	18	12	20	8	19	5	0	1	7	23	0	1	1	0	4	1	1	0	1	0	0	0	0	0	0	0	0	0	0	0	0	0	0
0.03	north10_all	80	11383	6537	5279	3446	1890	663	603	542	216	290	294	115	75	54	54	36	22	30	18	23	14	8	8	10	26	2	0	1	2	5	1	0	0	1	4	0	0	0	1	0	0	0	0	0	0	0	0	0
0.03	north10_active	80	5886	4862	4504	2973	1502	172	401	399	44	207	248	57	26	18	25	24	10	17	10	17	7	1	1	9	23	0	0	1	0	4	1	0	0	1	0	0	0	0	0	0	0	0	0	0	0	0	0	0
0.03	north11_all	80	10906	5824	4135	2777	1487	611	557	405	246	231	200	106	76	58	53	48	23	28	12	21	12	6	7	5	11	4	6	1	1	4	0	2	2	0	0	0	1	0	1	0	0	1	0	0	0	0	0	0
0.03	north11_active	80	4795	3922	3222	2232	1071	167	334	252	59	152	149	52	15	15	29	19	9	13	2	18	8	3	0	2	8	2	4	1	0	3	0	2	2	0	0	0	0	0	1	0	0	0	0	0	0	0	0	0
0.03	north12_all	80	11090	6198	4464	3126	1615	652	630	431	231	249	211	96	73	55	48	42	27	27	15	25	6	5	7	5	15	5	2	2	1	4	0	2	2	0	0	0	1	0	0	0	0	0	0	1	0	0	0	0
0.03	north12_active	80	5190	4351	3656	2597	1221	174	409	276	59	171	158	45	18	17	29	16	11	11	5	22	4	3	2	4	12	4	1	1	0	3	0	2	2	0	0	0	0	0	0	0	0	0	0	1	0	0	0	0
0.03	north13_all	80	11386	6609	4991	3457	1737	623	707	470	224	244	216	106	75	51	53	38	31	20	10	34	11	8	4	6	17	5	2	1	1	1	1	2	1	0	0	1	1	0	0	2	0	0	0	1	0	0	0	0
0.03	north13_active	80	5659	4792	4204	2965	1379	152	475	303	56	176	170	45	19	18	29	19	12	9	5	31	8	4	2	5	14	4	1	0	0	0	0	2	1	0	0	1	0	0	0	0	0	0	0	1	0	0	0	0
0.03	north14_all	80	11465	6974	5474	3702	1878	639	702	495	230	246	233	109	64	48	41	37	30	15	10	56	12	7	5	5	15	4	0	1	0	1	1	0	1	0	0	1	1	0	0	2	0	0	0	1	0	0	0	0
0.03	north14_active	80	5960	5173	4698	3211	1554	155	479	321	62	183	184	41	21	18	21	17	15	11	5	54	8	4	4	5	12	3	0	0	0	0	0	0	1	0	0	1	0	0	0	0	0	0	0	1	0	0	0	0
0.03	north15_all	80	11528	6942	5618	3683	1925	647	678	483	242	278	239	107	70	46	50	30	27	17	7	62	16	8	5	5	11	3	0	2	0	1	1	0	1	0	0	1	1	0	0	2	0	0	0	1	0	0	0	0
0.03	north15_active	80	6067	5172	4822	3198	1615	148	462	319	66	213	194	39	24	19	21	13	12	13	2	59	11	4	4	5	10	2	0	1	0	0	0	0	1	0	0	1	0	0	0	0	0	0	0	1	0	0	0	0
0.03	north16_all	80	11295	6858	5526	3502	1982	678	647	480	254	282	262	107	68	56	50	31	22	32	11	83	14	8	7	4	8	2	0	1	0	1	0	0	1	0	0	0	1	0	0	2	0	0	0	0	1	0	0	0
0.03	north16_active	80	5940	5136	4720	3022	1664	146	440	332	68	213	198	44	21	17	26	15	10	24	2	79	9	2	4	4	8	2	0	1	0	1	0	0	1	0	0	0	0	0	0	0	0	0	0	0	0	0	0	0
0.03	north17_all	80	11369	6807	5599	3488	1970	671	661	465	276	285	245	105	80	63	60	28	19	30	13	54	13	8	7	5	4	3	1	1	0	1	0	0	1	0	0	0	1	0	0	0	0	0	0	0	1	0	0	0
0.03	north17_active	80	5977	5146	4801	3007	1656	145	463	328	81	218	185	43	28	22	32	11	9	21	4	48	10	3	3	5	4	2	1	1	0	1	0	0	1	0	0	0	0	0	0	0	0	0	0	0	0	0	0	0
0.03	north18_all	80	11433	6750	5661	3515	2021	649	679	493	265	266	254	103	74	66	53	28	23	34	18	66	12	10	7	3	5	3	2	0	2	1	1	0	0	0	0	0	0	0	0	0	0	0	0	0	1	0	0	0
0.03	north18_active	80	6086	5103	4856	3030	1696	132	473	354	78	205	198	44	25	21	31	12	13	25	6	58	12	4	3	3	4	0	2	0	0	1	1	0	0	0	0	0	0	0	0	0	0	0	0	0	0	0	0	0
0.03	north19_all	80	11421	6885	5704	3608	2000	640	656	510	260	281	259	108	71	69	52	28	30	26	14	46	15	6	6	5	7	4	2	0	3	1	2	0	0	0	0	0	0	0	1	0	0	0	0	0	0	0	0	0
0.03	north19_active	80	6126	5244	4905	3100	1644	143	441	369	77	211	203	49	25	24	27	10	22	14	5	41	13	4	3	5	6	0	2	0	0	1	1	0	0	0	0	0	0	0	0	0	0	0	0	0	0	0	0	0
0.03	north20_all	80	11587	6976	5572	3631	2025	631	602	516	244	278	293	103	68	75	49	31	35	29	16	40	14	9	6	12	8	3	3	0	3	0	2	0	0	0	0	0	0	0	1	0	0	0	0	0	0	0	0	0
0.03	north20_active	80	6183	5266	4796	3121	1662	152	396	358	77	208	235	47	19	27	25	10	26	18	3	37	9	5	3	10	7	0	3	0	0	0	1	0	0	0	0	0	0	0	0	0	0	0	0	0	0	0	0	0
0.03	south21_all	80	24792	7940	2188	1477	945	1429	780	902	505	193	139	113	94	65	113	70	71	21	12	11	20	7	33	6	2	1	3	1	1	3	3	2	0	2	1	0	0	0	0	0	0	0	0	0	0	0	0	0
0.03	south21_active	80	21241	6386	571	681	405	1197	613	769	423	119	82	33	66	33	105	57	60	7	4	1	11	3	31	4	2	1	3	0	1	0	0	2	0	1	0	0	0	0	0	0	0	0	0	0	0	0	0	0
0.03	south22_all	80	24974	7997	2180	1446	982	1410	755	906	534	199	138	109	76	69	135	53	81	21	15	12	16	7	24	12	4	3	3	0	2	2	2	0	0	2	1	0	0	0	0	0	2	0	0	0	0	0	0	0
0.03	south22_active	80	21425	6481	557	642	405	1172	581	772	449	117	80	34	42	37	122	39	70	7	8	1	9	4	22	10	4	2	3	0	1	0	0	0	0	1	0	0	0	0	0	0	2	0	0	0	0	0	0	0
0.03	south23_all	80	25010	7980	2210	1451	960	1346	775	897	551	198	144	113	80	56	129	47	63	21	15	16	12	8	26	11	4	2	5	0	2	1	1	0	0	1	0	0	0	0	0	0	2	0	0	0	0	0	0	0
0.03	south23_active	80	21549	6395	592	634	410	1106	585	774	457	114	85	46	52	29	115	38	53	4	7	2	8	6	25	9	3	1	4	0	1	0	0	0	0	1	0	0	0	0	0	0	2	0	0	0	0	0	0	0
0.03	south24_all	80	24951	8126	2182	1455	970	1236	812	821	553	209	141	107	103	65	168	57	70	19	16	14	14	6	10	14	4	4	6	0	1	0	1	2	0	0	0	0	0	0	0	0	2	0	0	0	0	0	1	0
0.03	south24_active	80	21477	6518	598	608	417	985	615	707	466	122	86	37	69	33	150	45	64	4	7	2	10	3	9	12	2	2	5	0	0	0	0	0	0	0	0	0	0	0	0	0	2	0	0	0	0	0	1	0
0.03	south25_all	80	24970	8214	2212	1487	980	1300	856	764	525	220	141	106	121	59	176	59	72	24	17	12	19	4	9	10	6	6	5	2	3	0	1	2	0	0	0	0	0	0	0	0	2	0	0	0	0	0	1	0
0.03	south25_active	80	21476	6530	614	641	433	1055	666	648	440	119	89	36	87	27	160	50	66	6	5	3	15	2	7	8	4	2	4	1	2	0	0	0	0	0	0	0	0	0	0	0	2	0	0	0	0	0	1	0
0.03	south26_all	80	24680	8298	2223	1523	982	1370	871	652	525	220	156	102	131	72	187	66	106	25	17	13	18	3	10	5	8	7	6	2	3	0	2	3	0	0	1	0	0	0	0	0	0	0	0	0	0	0	1	0
0.03	south26_active	80	21140	6599	621	686	436	1121	681	543	453	121	89	31	92	32	173	52	101	8	6	6	15	2	7	4	5	4	6	1	2	0	0	0	0	0	0	0	0	0	0	0	0	0	0	0	0	0	1	0
0.03	south27_all	80	24756	8488	2264	1501	999	1389	827	719	537	224	180	103	116	69	154	56	140	24	22	10	15	3	20	1	9	6	6	2	4	1	1	1	1	0	1	0	0	0	0	0	0	2	0	0	0	0	0	0
0.03	south27_active	80	21181	6749	604	683	455	1138	650	603	451	122	100	32	79	39	140	43	135	9	9	5	12	2	16	1	8	3	6	1	2	0	0	0	0	0	0	0	0	0	0	0	0	2	0	0	0	0	0	0
0.03	south28_all	80	24795	8339	2333	1487	1007	1333	852	792	582	225	179	100	110	73	123	54	115	18	19	13	14	5	32	3	15	6	4	0	3	1	1	1	1	0	1	0	0	0	0	0	1	2	1	0	0	0	0	0
0.03	south28_active	80	21208	6697	626	671	461	1089	681	672	502	120	94	30	77	33	111	42	109	6	7	6	12	2	26	2	14	4	3	0	1	0	0	0	0	0	0	0	0	0	0	0	1	2	1	0	0	0	0	0
0.03	south29_all	80	24867	8089	2332	1495	998	1341	843	865	581	222	171	103	89	62	114	45	108	19	21	13	9	6	30	5	15	6	8	2	3	1	0	1	1	0	0	0	0	0	0	0	1	2	1	0	0	0	0	0
0.03	south29_active	80	21276	6502	639	643	459	1092	668	738	489	120	86	28	62	31	102	36	103	6	7	5	7	2	26	4	14	4	7	0	0	0	0	0	0	0	0	0	0	0	0	0	1	2	1	0	0	0	0	0
0.03	south30_all	80	24917	8065	2311	1502	1037	1330	879	896	541	229	154	94	95	64	144	45	94	20	19	12	7	9	27	6	16	7	6	3	1	2	0	0	1	0	0	0	1	0	0	0	1	2	1	0	0	1	0	0
0.03	south30_active	80	21343	6493	635	659	468	1085	689	770	453	128	81	23	64	27	132	35	87	8	8	4	5	2	23	3	16	2	4	1	0	0	0	0	0	0	0	0	0	0	0	0	1	2	1	0	0	0	0	0
0.03	south31_all	80	23627	7854	2234	1424	932	1294	813	886	481	214	126	116	140	67	127	26	59	18	12	17	17	9	16	6	9	3	9	1	2	0	2	0	2	0	0	0	0	0	0	0	0	0	0	0	0	0	0	0
0.03	south31_active	80	20002	6277	580	628	407	1048	620	773	388	124	71	38	98	30	112	16	55	5	5	8	15	1	11	4	4	1	9	0	2	0	0	0	0	0	0	0	0	0	0	0	0	0	0	0	0	0	0	0
0.03	south32_all	80	25164	8044	2284	1453	970	1328	828	902	452	210	133	114	150	64	106	43	80	14	11	11	21	11	20	6	11	4	8	1	1	0	2	1	0	0	0	0	1	0	0	0	0	0	0	0	0	0	0	0
0.03	south32_active	80	21529	6565	607	645	432	1061	631	782	364	121	73	39	105	28	94	34	75	3	5	4	17	1	15	4	7	1	8	0	1	0	0	0	0	0	0	0	1	0	0	0	0	0	0	0	0	0	0	0
0.03	south33_all	80	25589	8200	2262	1387	1017	1390	737	843	468	193	143	101	126	54	111	51	74	11	10	9	19	8	22	4	9	4	6	1	1	1	0	1	0	0	0	0	1	0	0	0	0	0	0	0	1	0	0	1
0.03	south33_active	80	21918	6662	622	635	461	1114	548	710	380	108	80	30	83	19	100	38	65	2	5	3	15	1	18	3	8	1	6	0	1	0	0	0	0	0	0	0	1	0	0	0	0	0	0	0	1	0	0	0
0.03	south34_all	80	25697	8119	2215	1402	1034	1326	708	814	493	213	147	103	107	55	93	57	84	15	14	12	17	6	26	5	10	2	7	0	1	1	0	1	1	0	0	0	1	0	0	1	0	0	0	0	1	0	0	1
0.03	south34_active	80	21993	6545	624	619	465	1071	523	678	405	132	87	31	63	17	85	36	72	2	7	3	11	2	24	4	8	0	5	0	1	0	0	0	1	0	0	0	1	0	0	0	0	0	0	0	1	0	0	0
0.03	south35_all	80	25535	8216	2275	1372	1025	1302	721	804	495	212	175	96	100	56	107	56	80	21	11	14	19	2	23	3	4	1	7	1	1	1	0	0	1	0	0	0	0	0	0	1	0	1	0	0	1	0	0	1
0.03	south35_active	80	21893	6536	621	621	463	1053	544	671	400	127	102	25	56	21	98	32	64	3	8	2	14	1	22	3	3	1	5	1	1	0	0	0	1	0	0	0	0	0	0	0	0	1	0	0	1	0	0	0
0.03	south36_all	80	25321	8200	2230	1424	1001	1319	773	748	520	228	159	97	89	54	103	45	77	24	17	12	13	8	22	3	3	2	3	2	2	2	0	0	2	0	0	1	1	0	0	1	0	1	0	0	0	0	0	0
0.03	south36_active	80	21753	6477	606	631	441	1098	612	628	428	136	97	23	56	27	94	23	63	3	12	2	9	5	22	3	1	2	1	2	2	1	0	0	1	0	0	0	1	0	0	0	0	1	0	0	0	0	0	0
0.03	south37_all	80	25005	8181	2264	1410	983	1282	852	748	508	220	149	96	101	58	128	41	69	20	18	11	12	10	28	3	2	2	2	3	5	1	0	2	3	0	0	1	2	1	1	1	0	1	0	0	0	0	0	0
0.03	south37_active	80	21453	6464	615	604	427	1048	677	644	419	130	84	28	69	32	116	24	57	4	10	1	9	5	28	3	1	2	1	3	5	1	0	0	2	0	0	0	1	1	0	0	0	1	0	0	0	0	0	0
0.03	south38_all	80	25024	8078	2223	1448	1011	1250	833	777	529	204	127	84	110	58	126	44	78	22	18	12	8	13	22	4	1	2	4	4	4	1	0	2	4	0	0	1	2	1	1	1	0	1	0	0	0	0	0	0
0.03	south38_active	80	21471	6383	593	649	452	1009	660	680	456	119	70	22	78	33	114	26	67	5	8	1	5	7	20	3	0	2	3	4	4	1	0	0	1	0	0	0	1	1	0	0	0	1	0	0	0	0	0	0
0.03	south39_all	80	24915	8075	2266	1441	958	1268	827	827	562	196	115	95	111	63	109	53	80	25	19	10	8	9	20	4	2	2	8	3	4	0	0	2	3	0	0	1	1	2	1	1	0	0	0	1	0	0	0	0
0.03	south39_active	80	21356	6381	601	674	438	1029	624	732	490	111	56	28	72	30	92	41	70	6	6	3	4	5	18	3	2	1	7	3	4	0	0	0	1	0	0	0	0	1	0	0	0	0	0	0	0	0	0	0
0.03	south40_all	80	24927	8173	2256	1450	972	1279	828	834	607	197	150	96	119	64	90	58	80	29	16	12	10	10	9	4	3	1	8	3	3	0	1	1	2	0	0	0	0	2	0	1	0	0	0	1	0	0	0	0
0.03	south40_active	80	21348	6444	602	684	443	1052	619	736	536	117	76	24	81	29	75	44	70	11	4	3	7	7	7	3	2	0	7	3	3	0	0	0	0	0	0	0	0	1	0	0	0	0	0	0	0	0	0	0
