label	Group	numOtus	Otu0	Otu1	Otu2	Otu3	Otu4	Otu5	Otu6	Otu7	Otu8	Otu9	Otu10	Otu11	Otu12	Otu13	Otu14	Otu15	Otu16	Otu17	Otu18	Otu19	Otu20	Otu21	Otu22	Otu23	Otu24	Otu25	Otu26	Otu27	Otu28	Otu29	Otu30	Otu31	Otu32	Otu33	Otu34	Otu35	Otu36	Otu37	Otu38	Otu39	Otu40	Otu41	Otu42	Otu43	Otu44	Otu45	Otu46	Otu47	Otu48	Otu49	Otu50	Otu51	Otu52	Otu53	Otu54	Otu55	Otu56	Otu57	Otu58	Otu59	Otu60	Otu61	Otu62	Otu63	Otu64	Otu65	Otu66	Otu67	Otu68	Otu69	Otu70	Otu71	Otu72	Otu73	Otu74	Otu75	Otu76	Otu77	Otu78	Otu79	Otu80	Otu81	Otu82	Otu83	Otu84	Otu85	Otu86	Otu87	Otu88	Otu89	Otu90	Otu91	Otu92	Otu93	Otu94	Otu95	Otu96	Otu97	Otu98	Otu99	Otu100	Otu101	Otu102	Otu103	Otu104	Otu105	Otu106	Otu107	Otu108	Otu109	Otu110	Otu111	Otu112	Otu113	Otu114	Otu115	Otu116	Otu117	Otu118	Otu119	Otu120	Otu121	Otu122	Otu123	Otu124	Otu125	Otu126	Otu127	Otu128	Otu129	Otu130	Otu131	Otu132	Otu133	Otu134	Otu135	Otu136	Otu137	Otu138	Otu139	Otu140	Otu141	Otu142	Otu143	Otu144	Otu145	Otu146	Otu147	Otu148	Otu149	Otu150	Otu151	Otu152	Otu153	Otu154	Otu155	Otu156	Otu157	Otu158	Otu159	Otu160	Otu161	Otu162	Otu163	Otu164	Otu165	Otu166	Otu167	Otu168	Otu169	Otu170	Otu171	Otu172	Otu173	Otu174	Otu175	Otu176	Otu177	Otu178	Otu179	Otu180	Otu181	Otu182	Otu183	Otu184	Otu185	Otu186	Otu187	Otu188	Otu189	Otu190	Otu191	Otu192	Otu193	Otu194	Otu195	Otu196	Otu197	Otu198	Otu199	Otu200	Otu201	Otu202	Otu203
0.03	north1_all	80	4872	1139	1234	938	870	203	490	455	373	201	55	140	245	173	187	58	68	118	85	96	34	92	91	50	86	87	57	96	59	65	59	53	47	92	52	39	56	17	17	36	30	46	36	10	6	21	4	19	9	7	34	29	6	8	4	22	5	3	1	12	7	5	4	3	24	6	1	0	2	22	16	9	3	9	3	10	8	2	1	4	13	15	2	0	10	0	6	2	1	3	1	5	0	0	9	0	1	0	0	0	12	8	0	6	3	0	0	0	1	2	2	1	1	3	1	1	0	0	0	0	0	5	0	0	0	2	0	0	5	0	0	0	0	1	0	0	0	1	1	0	0	0	0	0	0	0	0	0	1	0	0	0	0	0	0	0	0	1	0	0	0	0	0	0	0	0	0	0	0	0	0	0	0	0	0	0	0	0	0	0	0	0	0	0	0	0	0	0	0	0	0	0	0	0	0	0	0	0	0	0	0	0	0	0
0.03	north1_active	80	4669	939	1146	889	837	137	445	423	351	182	36	119	238	145	162	38	47	102	78	84	25	83	86	44	85	84	48	94	58	64	59	49	44	89	49	36	53	13	16	35	27	45	34	9	6	21	1	18	8	5	32	27	5	6	1	21	4	3	1	12	6	5	2	0	24	5	1	0	2	22	16	7	1	9	3	10	8	2	0	4	13	15	0	0	10	0	6	2	0	3	1	5	0	0	9	0	1	0	0	0	12	8	0	6	3	0	0	0	1	2	2	1	1	3	1	1	0	0	0	0	0	5	0	0	0	2	0	0	5	0	0	0	0	1	0	0	0	1	0	0	0	0	0	0	0	0	0	0	1	0	0	0	0	0	0	0	0	0	0	0	0	0	0	0	0	0	0	0	0	0	0	0	0	0	0	0	0	0	0	0	0	0	0	0	0	0	0	0	0	0	0	0	0	0	0	0	0	0	0	0	0	0	0	0
0.03	north2_all	80	4791	1103	1417	976	941	213	589	361	298	230	59	154	281	168	133	62	61	88	100	82	25	104	105	31	104	79	42	75	78	57	97	76	47	58	75	34	17	20	15	13	18	62	43	20	5	31	13	9	10	3	1	29	13	8	2	5	7	3	2	16	6	35	10	4	14	3	5	1	8	17	9	13	2	3	1	3	2	5	5	1	3	2	0	1	5	5	2	0	3	7	2	0	0	0	0	8	0	0	0	4	0	11	14	0	1	0	0	0	3	0	0	1	1	0	0	0	1	0	0	0	0	1	0	0	0	0	8	0	3	0	0	1	0	1	2	2	0	0	0	0	0	0	0	1	0	0	0	0	0	0	1	0	0	1	0	0	0	0	0	0	0	0	0	0	0	0	0	0	0	0	0	0	0	0	0	0	0	0	0	0	0	0	4	0	0	0	0	0	0	0	0	0	0	0	0	0	0	0	0	0	0	0	0	0
0.03	north2_active	80	4580	924	1297	917	913	138	563	330	282	200	36	131	267	156	121	43	39	78	90	62	14	99	99	24	96	76	34	72	74	54	92	72	39	58	72	30	16	18	14	12	16	61	40	18	4	29	2	6	8	2	0	28	11	8	1	5	7	3	1	16	5	35	9	0	14	1	5	0	8	17	9	13	1	3	0	3	1	5	5	1	2	2	0	0	5	5	2	0	3	6	2	0	0	0	0	8	0	0	0	4	0	11	14	0	1	0	0	0	3	0	0	1	0	0	0	0	1	0	0	0	0	0	0	0	0	0	8	0	3	0	0	0	0	1	2	0	0	0	0	0	0	0	0	0	0	0	0	0	0	0	1	0	0	1	0	0	0	0	0	0	0	0	0	0	0	0	0	0	0	0	0	0	0	0	0	0	0	0	0	0	0	0	4	0	0	0	0	0	0	0	0	0	0	0	0	0	0	0	0	0	0	0	0	0
0.03	north3_all	80	5009	1001	1172	1000	871	147	421	392	337	236	68	138	277	149	137	51	50	73	73	80	46	91	125	33	74	77	29	81	72	56	43	67	56	73	48	35	37	29	3	15	17	27	33	14	8	26	19	12	33	1	10	21	12	13	7	10	22	7	3	20	9	22	22	6	2	8	3	4	3	13	1	2	3	0	1	18	0	2	11	0	0	2	0	7	3	2	2	5	1	1	0	0	1	2	6	14	4	3	1	0	0	1	0	1	0	0	0	1	0	0	0	3	0	0	0	0	2	1	1	1	1	0	0	0	0	0	0	0	0	0	0	0	0	0	0	4	0	0	2	0	0	0	0	0	0	0	0	0	0	0	0	1	0	0	0	0	0	0	0	0	0	0	0	0	0	1	0	0	0	0	0	0	0	0	0	0	0	0	0	0	0	0	0	0	0	0	0	0	0	0	0	0	0	0	0	0	0	0	0	0	0	0	0	0
0.03	north3_active	80	4779	848	1095	941	832	98	379	358	317	203	38	113	263	125	125	35	43	51	61	53	29	88	121	20	68	74	20	79	70	55	36	65	49	73	47	32	33	29	1	14	17	26	30	8	6	26	15	12	32	1	9	21	9	10	7	10	21	6	2	20	6	21	21	4	2	6	3	4	2	12	1	2	0	0	1	17	0	1	10	0	0	2	0	7	3	2	2	5	1	0	0	0	1	2	6	14	3	3	0	0	0	1	0	0	0	0	0	1	0	0	0	3	0	0	0	0	2	0	1	0	1	0	0	0	0	0	0	0	0	0	0	0	0	0	0	4	0	0	2	0	0	0	0	0	0	0	0	0	0	0	0	1	0	0	0	0	0	0	0	0	0	0	0	0	0	1	0	0	0	0	0	0	0	0	0	0	0	0	0	0	0	0	0	0	0	0	0	0	0	0	0	0	0	0	0	0	0	0	0	0	0	0	0	0
0.03	north4_all	80	5029	867	1488	1105	788	171	419	446	382	275	30	119	283	130	137	55	61	91	113	55	38	91	88	42	76	94	49	108	103	70	43	92	51	49	39	25	49	38	11	35	18	41	30	8	7	25	9	4	20	6	4	21	9	15	3	7	35	3	3	17	3	22	12	5	6	1	12	2	16	8	4	5	0	18	2	16	0	12	1	3	1	5	3	6	3	0	3	3	0	8	2	1	0	2	1	0	6	9	1	0	1	4	0	0	0	0	2	2	0	0	1	0	0	0	0	0	0	0	1	0	1	0	0	0	0	1	0	0	0	0	0	0	0	1	0	0	0	0	1	0	0	0	0	0	0	0	0	0	0	0	0	0	0	0	0	1	0	0	0	0	0	0	1	0	0	0	0	0	0	0	0	0	0	0	0	0	0	0	0	0	0	0	0	0	0	0	0	0	0	0	0	0	0	0	0	0	0	0	3	0	0	0	0	0
0.03	north4_active	80	4836	660	1402	1032	724	114	394	415	367	263	15	98	260	111	127	34	43	77	107	46	21	85	70	31	74	90	39	104	99	67	40	90	47	48	36	25	48	37	7	29	18	38	22	4	4	23	5	3	18	5	3	20	9	14	2	7	35	3	3	17	3	22	11	1	6	1	12	2	2	8	3	5	0	18	2	16	0	10	1	3	1	5	0	6	3	0	3	3	0	8	2	1	0	2	1	0	6	9	0	0	0	4	0	0	0	0	2	2	0	0	1	0	0	0	0	0	0	0	1	0	1	0	0	0	0	1	0	0	0	0	0	0	0	1	0	0	0	0	1	0	0	0	0	0	0	0	0	0	0	0	0	0	0	0	0	0	0	0	0	0	0	0	0	0	0	0	0	0	0	0	0	0	0	0	0	0	0	0	0	0	0	0	0	0	0	0	0	0	0	0	0	0	0	0	0	0	0	0	3	0	0	0	0	0
0.03	north5_all	80	5053	746	1644	1035	547	136	561	463	405	305	50	80	268	95	178	44	48	55	81	31	20	131	103	13	49	73	34	72	109	54	42	51	36	44	33	24	19	42	4	20	17	27	24	4	6	31	6	18	37	1	19	19	7	15	7	23	8	12	3	15	12	11	3	1	6	4	22	4	9	2	11	12	0	8	5	8	5	3	1	1	4	1	1	0	11	2	1	1	0	0	1	1	0	3	0	5	0	3	3	0	1	8	1	0	1	0	0	0	0	0	0	1	4	1	1	0	0	0	0	0	5	0	0	0	0	0	0	0	0	0	0	0	0	6	0	4	0	0	0	0	0	0	0	0	0	0	0	1	0	0	0	3	0	3	0	0	0	0	0	1	0	0	0	0	0	0	1	0	0	0	0	0	0	0	0	0	0	0	0	0	0	0	0	0	0	0	0	0	0	0	0	0	0	0	0	0	0	0	0	0	0	0	0	0
0.03	north5_active	80	4831	553	1556	985	497	96	543	434	396	288	25	64	250	79	162	30	34	43	68	26	8	131	97	8	43	69	27	69	106	48	39	48	32	44	31	23	15	38	1	15	16	27	21	2	6	30	5	17	37	1	17	18	2	13	6	22	7	10	0	14	12	10	2	0	5	3	21	2	9	2	10	12	0	6	5	8	5	3	0	1	4	1	1	0	10	2	0	1	0	0	1	1	0	3	0	5	0	3	1	0	1	8	0	0	1	0	0	0	0	0	0	0	4	1	1	0	0	0	0	0	5	0	0	0	0	0	0	0	0	0	0	0	0	6	0	4	0	0	0	0	0	0	0	0	0	0	0	1	0	0	0	0	0	3	0	0	0	0	0	0	0	0	0	0	0	0	0	0	0	0	0	0	0	0	0	0	0	0	0	0	0	0	0	0	0	0	0	0	0	0	0	0	0	0	0	0	0	0	0	0	0	0	0	0
0.03	north6_all	80	5113	645	1301	1174	503	153	541	486	398	342	45	101	193	108	165	31	46	70	56	48	26	130	108	17	66	48	25	41	75	70	71	101	41	31	31	40	12	58	5	20	35	38	30	7	3	25	1	10	19	4	10	20	14	5	6	52	36	6	6	11	7	0	28	1	0	5	13	1	11	5	3	5	0	3	1	0	4	3	1	8	7	3	0	25	1	9	7	4	4	0	1	2	1	0	3	2	4	4	0	1	2	0	1	2	0	0	1	1	1	5	0	0	0	5	1	0	0	1	0	0	2	0	0	0	0	0	0	0	0	0	0	0	0	0	0	0	0	0	0	0	0	0	0	0	0	0	0	0	0	0	0	0	0	1	0	0	0	1	0	0	0	0	0	0	1	0	1	0	0	0	0	0	0	0	0	0	0	0	0	0	0	0	0	0	2	0	0	0	0	0	1	0	0	0	0	0	0	0	0	0	0	0	0	0
0.03	north6_active	80	4895	464	1236	1120	431	86	514	453	379	321	22	71	188	96	138	20	30	50	49	39	19	127	105	7	63	43	15	38	73	69	66	99	40	29	27	40	11	49	2	17	34	36	29	5	0	24	0	9	18	2	9	20	8	1	4	52	34	6	6	11	7	0	21	0	0	3	12	0	11	5	2	5	0	2	1	0	1	3	1	7	7	1	0	25	1	9	7	1	3	0	1	0	1	0	3	0	4	4	0	0	2	0	0	2	0	0	1	1	0	4	0	0	0	5	0	0	0	0	0	0	2	0	0	0	0	0	0	0	0	0	0	0	0	0	0	0	0	0	0	0	0	0	0	0	0	0	0	0	0	0	0	0	0	0	0	0	0	1	0	0	0	0	0	0	0	0	1	0	0	0	0	0	0	0	0	0	0	0	0	0	0	0	0	0	2	0	0	0	0	0	0	0	0	0	0	0	0	0	0	0	0	0	0	0
0.03	north7_all	80	5066	827	1280	1013	843	160	482	439	468	309	54	123	278	122	170	85	52	70	80	69	22	109	132	18	158	110	22	67	54	91	51	37	47	83	54	60	24	25	9	25	19	26	43	11	8	3	6	8	47	2	21	19	8	10	7	24	13	3	2	9	16	10	15	4	6	3	3	6	14	16	25	22	1	9	0	7	5	1	1	9	8	1	0	2	4	2	6	1	0	0	1	0	1	8	0	3	0	10	0	0	1	7	4	9	0	0	0	0	0	0	0	2	1	1	1	0	0	0	0	0	0	6	0	0	0	0	2	0	0	0	0	0	0	0	4	0	0	0	0	3	1	1	0	0	0	0	0	0	0	0	0	0	0	0	0	0	0	0	0	2	0	0	0	0	0	0	0	0	0	0	0	0	0	0	0	0	0	0	0	0	0	0	0	0	0	0	0	0	0	0	2	0	0	0	0	3	0	0	0	0	0	0	0	0
0.03	north7_active	80	4863	616	1164	945	771	94	448	405	443	286	27	98	263	100	159	54	39	61	69	44	12	104	127	10	151	105	14	65	53	89	46	35	47	81	52	55	24	25	8	22	18	25	42	10	7	3	5	8	46	0	15	18	8	8	5	23	13	3	2	9	16	9	11	2	6	2	1	6	14	16	24	22	0	9	0	7	4	0	1	9	8	1	0	1	4	2	4	1	0	0	1	0	0	8	0	2	0	10	0	0	1	7	4	9	0	0	0	0	0	0	0	2	1	1	0	0	0	0	0	0	0	6	0	0	0	0	2	0	0	0	0	0	0	0	4	0	0	0	0	3	0	1	0	0	0	0	0	0	0	0	0	0	0	0	0	0	0	0	0	2	0	0	0	0	0	0	0	0	0	0	0	0	0	0	0	0	0	0	0	0	0	0	0	0	0	0	0	0	0	0	2	0	0	0	0	3	0	0	0	0	0	0	0	0
0.03	north8_all	80	5180	887	1530	1168	709	165	428	409	506	263	40	96	236	94	135	44	43	73	93	82	25	91	65	15	89	26	34	69	71	51	51	49	48	40	30	21	36	24	4	22	22	26	27	8	6	18	6	10	19	5	24	20	8	2	15	12	17	3	0	13	2	8	22	0	1	1	1	3	16	11	7	22	6	0	2	19	12	1	3	1	2	1	8	11	2	2	12	0	1	0	1	0	0	0	0	2	7	4	1	2	0	0	0	4	1	0	11	1	0	0	0	0	3	0	0	0	2	0	0	1	0	0	0	0	0	6	0	0	0	0	0	1	0	7	0	0	0	0	0	0	0	0	0	0	1	0	0	0	0	0	0	0	7	0	0	0	0	0	2	0	0	0	0	0	0	0	0	0	0	0	0	3	3	0	0	0	0	0	0	0	0	0	0	0	0	0	0	0	1	0	0	0	0	0	0	0	0	0	0	0	0	0	0	0
0.03	north8_active	80	4953	662	1444	1118	637	109	388	388	485	226	26	82	229	84	120	36	30	56	78	71	14	83	63	9	87	25	30	63	69	48	47	45	44	38	29	20	34	24	2	19	19	26	27	4	1	18	4	10	18	1	24	20	7	1	15	10	13	3	0	12	2	8	22	0	0	1	1	1	15	11	7	22	6	0	2	18	12	1	3	0	2	1	2	11	1	2	12	0	0	0	0	0	0	0	0	1	7	4	0	1	0	0	0	4	0	0	11	1	0	0	0	0	3	0	0	0	2	0	0	1	0	0	0	0	0	6	0	0	0	0	0	1	0	7	0	0	0	0	0	0	0	0	0	0	1	0	0	0	0	0	0	0	7	0	0	0	0	0	2	0	0	0	0	0	0	0	0	0	0	0	0	3	3	0	0	0	0	0	0	0	0	0	0	0	0	0	0	0	1	0	0	0	0	0	0	0	0	0	0	0	0	0	0	0
0.03	north9_all	80	5080	711	1517	911	612	187	408	453	448	248	53	101	259	119	194	46	29	78	58	72	25	95	96	19	77	67	23	94	63	64	65	55	78	64	32	62	40	31	8	24	33	41	26	4	4	53	8	7	28	6	8	35	7	2	10	11	7	2	3	26	16	6	17	3	9	3	16	4	9	12	10	8	1	4	13	5	1	5	0	4	6	10	0	3	8	17	3	1	1	2	5	2	0	0	0	6	0	12	1	0	1	5	0	3	0	0	0	1	0	0	0	1	1	3	1	0	0	1	0	0	0	1	5	4	0	0	0	0	6	0	0	0	0	2	0	0	0	0	0	2	1	0	0	0	0	0	1	0	0	0	3	0	0	0	0	0	0	0	0	0	0	0	0	0	0	0	0	1	0	0	0	0	0	0	0	0	0	0	0	0	0	0	0	0	0	0	0	0	0	0	0	0	0	0	0	0	0	0	0	0	0	0	0	0
0.03	north9_active	80	4893	554	1377	860	541	123	378	423	431	229	35	77	246	103	182	33	17	54	47	57	18	85	89	10	67	58	21	93	60	59	57	51	64	63	30	61	29	28	4	23	31	41	23	4	2	52	8	6	22	2	6	35	4	1	2	10	6	1	3	25	12	6	16	3	8	3	15	3	9	9	10	8	0	2	12	4	1	3	0	4	6	10	0	3	7	17	3	1	0	0	5	2	0	0	0	6	0	12	0	0	1	5	0	3	0	0	0	1	0	0	0	1	0	3	0	0	0	1	0	0	0	1	5	4	0	0	0	0	6	0	0	0	0	2	0	0	0	0	0	2	1	0	0	0	0	0	0	0	0	0	3	0	0	0	0	0	0	0	0	0	0	0	0	0	0	0	0	1	0	0	0	0	0	0	0	0	0	0	0	0	0	0	0	0	0	0	0	0	0	0	0	0	0	0	0	0	0	0	0	0	0	0	0	0
0.03	north10_all	80	4996	715	1358	862	524	128	526	414	426	322	32	108	137	60	163	42	53	39	70	51	29	92	57	22	66	92	31	95	142	113	50	76	33	108	33	71	20	78	2	15	32	24	38	4	7	17	6	7	25	1	6	22	18	5	6	11	6	4	1	25	12	15	12	1	5	5	10	4	1	16	0	11	1	0	3	2	2	1	4	7	1	3	3	2	19	0	5	2	0	3	6	0	0	0	6	0	0	5	0	1	0	0	3	1	1	0	5	4	0	0	0	0	0	1	0	0	0	0	0	1	0	6	0	8	0	0	0	0	0	0	0	0	1	0	1	2	0	0	1	0	0	0	0	0	0	0	2	0	0	0	0	0	5	0	0	0	0	0	0	0	0	0	0	0	0	0	0	0	0	0	0	0	0	0	0	0	0	0	0	0	2	0	0	0	0	0	0	0	0	0	0	2	0	0	0	0	0	0	0	0	0	0	0	0
0.03	north10_active	80	4809	520	1272	810	451	84	505	391	416	301	18	82	127	49	156	22	39	32	61	41	15	87	52	19	63	90	28	90	137	103	47	74	31	104	32	66	13	74	2	10	31	24	35	3	4	15	2	4	24	0	5	22	13	4	4	10	6	3	0	25	11	13	10	1	5	5	7	4	0	16	0	11	0	0	1	0	0	0	4	6	1	2	3	1	19	0	4	2	0	0	5	0	0	0	1	0	0	5	0	1	0	0	3	0	0	0	5	4	0	0	0	0	0	1	0	0	0	0	0	1	0	6	0	8	0	0	0	0	0	0	0	0	1	0	1	2	0	0	1	0	0	0	0	0	0	0	2	0	0	0	0	0	5	0	0	0	0	0	0	0	0	0	0	0	0	0	0	0	0	0	0	0	0	0	0	0	0	0	0	0	2	0	0	0	0	0	0	0	0	0	0	2	0	0	0	0	0	0	0	0	0	0	0	0
0.03	north11_all	80	5020	757	1409	1087	657	136	464	434	378	277	38	124	223	104	181	43	53	80	93	67	27	121	86	23	121	84	18	106	98	67	66	33	36	35	50	24	19	47	7	18	15	58	24	3	3	34	3	4	16	3	6	29	1	11	5	10	13	2	4	18	11	22	10	0	5	3	14	1	8	14	3	0	0	0	4	1	1	4	2	1	1	10	0	6	14	2	8	0	1	0	13	0	0	1	0	6	1	0	0	0	1	1	1	1	0	0	0	0	5	5	0	0	3	1	0	0	0	0	0	0	0	2	0	0	0	0	0	0	0	0	0	0	0	3	1	0	0	0	0	0	1	0	0	0	0	0	0	0	0	0	0	0	0	0	0	0	0	0	0	0	0	0	0	0	0	0	0	0	8	0	0	0	0	0	0	0	0	0	0	0	0	0	0	0	0	0	0	0	0	0	0	0	0	0	0	0	0	0	0	0	0	0	0	0
0.03	north11_active	80	4821	556	1343	1047	571	89	425	398	357	265	16	93	208	87	174	21	37	64	74	55	16	113	81	18	114	80	16	106	97	62	55	32	32	35	48	22	12	46	6	17	12	58	22	2	3	32	0	2	16	3	5	28	0	10	3	10	13	0	3	17	10	21	8	0	5	2	14	1	8	14	3	0	0	0	1	0	1	3	2	1	1	10	0	6	14	1	8	0	1	0	12	0	0	1	0	6	1	0	0	0	1	1	1	0	0	0	0	0	5	5	0	0	3	1	0	0	0	0	0	0	0	2	0	0	0	0	0	0	0	0	0	0	0	3	1	0	0	0	0	0	0	0	0	0	0	0	0	0	0	0	0	0	0	0	0	0	0	0	0	0	0	0	0	0	0	0	0	0	8	0	0	0	0	0	0	0	0	0	0	0	0	0	0	0	0	0	0	0	0	0	0	0	0	0	0	0	0	0	0	0	0	0	0	0
0.03	north12_all	80	5063	760	1421	1081	665	143	544	517	455	268	50	93	296	111	194	38	42	76	82	51	29	86	111	26	70	62	27	58	86	47	45	26	67	64	37	33	20	28	10	5	15	60	36	4	4	22	7	7	36	5	7	9	7	6	2	7	17	2	0	15	6	8	12	4	3	1	21	1	4	14	7	29	0	21	9	11	0	0	3	5	4	4	0	0	6	0	4	2	0	1	1	6	1	0	6	0	1	0	1	0	0	1	9	6	1	0	4	0	0	7	0	0	3	1	0	1	0	0	0	1	0	2	0	0	0	0	0	1	1	0	0	0	0	0	1	0	1	5	3	1	0	0	0	0	0	0	0	0	0	0	0	0	0	0	0	0	0	0	0	0	0	0	0	0	0	0	0	0	0	0	0	0	0	0	0	0	0	0	0	0	0	1	0	0	0	0	0	0	0	0	0	0	0	0	0	0	0	0	0	0	0	0	0	0
0.03	north12_active	80	4878	564	1349	1043	611	92	516	484	439	249	22	74	283	85	177	27	32	52	68	43	13	81	109	16	64	61	19	54	85	45	42	20	62	64	35	31	20	19	7	5	13	59	35	4	2	21	4	5	36	4	5	8	4	6	1	6	17	0	0	14	6	7	12	4	3	0	21	0	4	13	5	29	0	20	8	11	0	0	2	5	3	4	0	0	6	0	4	2	0	0	1	6	0	0	1	0	1	0	1	0	0	0	9	4	1	0	4	0	0	7	0	0	3	1	0	1	0	0	0	1	0	2	0	0	0	0	0	0	0	0	0	0	0	0	0	0	0	5	3	1	0	0	0	0	0	0	0	0	0	0	0	0	0	0	0	0	0	0	0	0	0	0	0	0	0	0	0	0	0	0	0	0	0	0	0	0	0	0	0	0	0	1	0	0	0	0	0	0	0	0	0	0	0	0	0	0	0	0	0	0	0	0	0	0
0.03	north13_all	80	5018	804	1342	1064	599	184	464	430	466	217	41	113	211	73	166	51	47	51	67	49	24	133	70	37	84	80	62	106	125	91	43	64	36	32	62	33	33	25	15	20	37	30	28	2	2	19	12	20	26	7	17	7	5	0	3	3	13	10	2	19	26	17	4	6	7	3	10	3	10	2	10	13	1	7	0	3	2	3	6	17	4	0	2	1	6	0	3	15	0	0	4	0	0	7	6	2	1	9	0	3	0	2	0	0	1	1	5	0	1	0	0	1	4	0	1	0	0	0	0	0	0	0	0	0	0	0	0	0	0	0	0	0	0	1	0	0	2	0	0	0	0	0	0	0	0	0	0	0	0	0	0	0	0	0	0	0	0	0	0	0	0	0	0	0	0	0	0	0	8	0	1	0	0	0	0	0	0	0	0	0	0	0	0	0	0	0	0	0	0	0	0	0	1	0	0	0	0	0	0	0	0	0	0	0
0.03	north13_active	80	4812	583	1263	1015	542	117	435	376	451	203	17	94	192	56	151	27	39	41	57	42	12	128	65	23	77	69	55	104	122	88	39	62	33	30	51	31	30	24	8	20	35	29	28	1	0	19	11	14	26	5	15	7	5	0	3	3	13	10	1	18	26	16	3	2	7	3	8	1	10	2	10	13	1	7	0	3	2	2	4	17	3	0	1	1	6	0	3	14	0	0	1	0	0	7	6	2	1	9	0	3	0	2	0	0	0	0	5	0	1	0	0	0	3	0	0	0	0	0	0	0	0	0	0	0	0	0	0	0	0	0	0	0	0	1	0	0	2	0	0	0	0	0	0	0	0	0	0	0	0	0	0	0	0	0	0	0	0	0	0	0	0	0	0	0	0	0	0	0	8	0	0	0	0	0	0	0	0	0	0	0	0	0	0	0	0	0	0	0	0	0	0	0	0	0	0	0	0	0	0	0	0	0	0	0
0.03	north14_all	80	5282	616	1456	918	487	122	638	404	382	305	43	93	191	105	170	35	36	57	111	39	10	145	51	15	74	77	14	108	53	62	78	38	54	60	28	50	27	40	11	20	25	41	37	5	5	30	0	7	22	4	5	38	0	7	1	13	14	4	6	8	19	25	18	1	9	1	0	3	1	10	6	9	0	6	4	9	4	3	0	0	6	0	1	2	0	9	2	1	0	1	1	0	0	1	2	10	4	4	0	1	0	0	1	11	0	0	1	0	1	1	0	0	0	0	0	1	0	0	0	0	0	0	0	0	0	0	0	0	0	0	0	0	0	0	0	0	0	1	0	0	0	0	1	0	0	0	0	0	0	0	0	0	0	0	0	0	0	0	0	0	1	0	0	3	0	0	0	0	0	0	0	0	0	0	0	0	0	4	0	0	0	0	0	0	0	0	0	0	0	0	0	0	0	0	1	0	0	1	0	0	0	0	0	0
0.03	north14_active	80	5079	428	1397	880	403	70	606	379	364	268	26	65	180	89	155	16	24	33	89	31	6	142	46	11	65	68	10	106	52	59	77	37	51	60	27	45	26	37	4	19	24	41	35	2	1	30	0	4	20	3	4	36	0	4	0	11	14	2	1	8	18	24	17	1	8	1	0	3	0	10	6	9	0	6	4	9	4	3	0	0	6	0	0	2	0	9	1	1	0	1	1	0	0	1	2	10	4	4	0	1	0	0	1	11	0	0	1	0	1	0	0	0	0	0	0	0	0	0	0	0	0	0	0	0	0	0	0	0	0	0	0	0	0	0	0	0	0	1	0	0	0	0	1	0	0	0	0	0	0	0	0	0	0	0	0	0	0	0	0	0	1	0	0	3	0	0	0	0	0	0	0	0	0	0	0	0	0	4	0	0	0	0	0	0	0	0	0	0	0	0	0	0	0	0	1	0	0	1	0	0	0	0	0	0
0.03	north15_all	80	5155	644	1369	1132	486	107	510	449	375	228	37	98	224	100	181	43	50	69	77	41	21	188	104	18	81	67	22	79	84	87	65	99	50	71	55	32	39	26	12	21	13	57	20	5	2	37	16	1	24	4	18	11	8	5	3	27	5	2	4	30	14	19	21	1	7	4	8	4	5	10	1	4	1	0	0	7	5	4	5	1	1	1	4	2	3	7	2	0	0	1	3	0	1	6	1	5	0	0	1	0	0	0	0	19	0	0	0	0	0	0	0	0	0	6	0	1	0	0	0	0	0	10	0	0	0	0	0	0	1	0	5	0	0	0	0	3	0	0	0	2	0	0	0	0	0	0	3	0	0	0	0	0	0	0	0	0	0	0	0	0	0	0	0	0	0	0	2	0	0	0	0	0	0	0	0	0	0	0	0	0	0	0	0	0	0	0	0	0	0	0	0	0	0	0	0	0	0	0	0	0	0	0	0	0
0.03	north15_active	80	4957	478	1295	1090	428	66	471	429	358	205	15	72	206	77	172	32	33	49	56	31	17	184	96	9	70	65	15	76	76	84	61	96	41	68	52	30	39	24	3	19	13	55	18	5	2	37	15	1	23	2	17	10	5	5	1	27	4	1	3	28	14	18	20	0	6	1	7	0	4	10	1	3	1	0	0	7	5	4	2	1	1	1	1	2	3	7	2	0	0	1	3	0	1	6	1	5	0	0	0	0	0	0	0	19	0	0	0	0	0	0	0	0	0	6	0	0	0	0	0	0	0	10	0	0	0	0	0	0	0	0	5	0	0	0	0	3	0	0	0	2	0	0	0	0	0	0	3	0	0	0	0	0	0	0	0	0	0	0	0	0	0	0	0	0	0	0	2	0	0	0	0	0	0	0	0	0	0	0	0	0	0	0	0	0	0	0	0	0	0	0	0	0	0	0	0	0	0	0	0	0	0	0	0	0
0.03	north16_all	80	4810	650	1593	1253	568	102	516	587	349	347	25	87	211	86	158	38	29	59	70	41	30	84	98	19	84	93	15	89	89	61	66	45	41	30	42	38	21	38	4	16	32	46	32	11	10	23	6	7	6	4	4	18	4	4	2	19	22	5	5	24	5	25	3	0	6	0	11	3	18	2	3	33	2	2	6	12	2	2	2	0	2	8	1	2	4	4	8	10	1	3	0	1	1	4	0	3	10	0	0	1	8	0	2	5	0	0	0	0	11	0	0	0	0	1	0	0	0	0	1	0	0	0	0	0	0	0	0	0	0	1	1	0	1	0	0	0	0	0	0	0	0	0	0	0	3	0	0	0	0	1	0	0	0	0	0	0	0	0	0	0	0	0	0	0	2	0	0	0	0	0	0	0	0	0	0	0	0	0	0	0	0	0	0	0	0	1	0	0	0	0	0	0	0	0	0	0	0	0	0	0	0	0	0	0
0.03	north16_active	80	4604	468	1513	1211	516	55	480	548	334	314	13	55	195	69	152	22	20	36	41	27	19	80	94	5	79	87	14	82	87	59	55	40	37	29	39	36	16	38	1	13	32	44	31	11	7	21	3	1	6	3	4	17	4	0	1	19	21	3	2	22	5	24	2	0	6	0	11	1	10	2	3	33	0	2	3	12	1	2	1	0	1	8	0	2	4	4	8	10	0	2	0	1	0	4	0	3	10	0	0	0	8	0	2	5	0	0	0	0	11	0	0	0	0	1	0	0	0	0	0	0	0	0	0	0	0	0	0	0	0	1	1	0	1	0	0	0	0	0	0	0	0	0	0	0	3	0	0	0	0	1	0	0	0	0	0	0	0	0	0	0	0	0	0	0	2	0	0	0	0	0	0	0	0	0	0	0	0	0	0	0	0	0	0	0	0	1	0	0	0	0	0	0	0	0	0	0	0	0	0	0	0	0	0	0
0.03	north17_all	80	5102	565	1440	1019	520	140	544	539	475	309	17	76	203	85	143	35	40	55	52	52	29	140	82	22	29	67	22	96	110	89	53	60	48	92	38	57	22	90	5	26	31	37	43	3	2	27	4	6	16	5	9	39	5	6	0	23	3	6	5	22	17	6	9	1	8	5	12	4	6	4	9	2	1	10	2	11	1	1	2	9	3	1	3	0	1	20	1	4	0	3	4	0	1	0	0	0	11	1	0	0	0	0	1	0	4	0	1	0	4	1	0	0	6	1	0	0	0	0	0	0	0	0	0	0	1	1	0	0	0	0	0	0	0	1	0	0	0	0	0	0	0	0	0	0	0	0	0	0	0	0	0	0	0	0	0	0	0	0	0	0	0	0	0	0	0	2	0	0	0	0	0	0	0	0	1	0	0	0	0	0	0	0	0	0	0	0	0	0	0	4	0	0	0	0	0	0	0	0	0	0	0	0	0	0
0.03	north17_active	80	4874	372	1344	987	457	83	524	508	459	295	5	55	183	63	139	22	17	33	39	32	16	135	79	10	26	64	9	82	105	80	47	58	40	90	36	52	19	87	3	18	28	34	41	3	2	26	1	5	15	5	8	38	4	3	0	22	3	2	1	22	16	5	9	0	8	4	10	4	5	4	9	2	1	9	1	11	1	1	1	1	3	1	2	0	1	20	1	4	0	2	2	0	0	0	0	0	11	1	0	0	0	0	1	0	4	0	1	0	4	1	0	0	5	1	0	0	0	0	0	0	0	0	0	0	1	1	0	0	0	0	0	0	0	0	0	0	0	0	0	0	0	0	0	0	0	0	0	0	0	0	0	0	0	0	0	0	0	0	0	0	0	0	0	0	0	2	0	0	0	0	0	0	0	0	0	0	0	0	0	0	0	0	0	0	0	0	0	0	0	4	0	0	0	0	0	0	0	0	0	0	0	0	0	0
0.03	north18_all	80	4833	387	1508	1103	397	101	645	460	519	389	32	63	149	52	202	33	29	41	39	38	21	132	41	19	38	63	17	127	127	62	34	32	31	74	32	55	15	55	5	12	28	23	21	0	4	22	0	2	29	1	7	34	1	6	0	9	11	2	7	4	14	6	1	0	5	0	8	1	14	11	4	4	4	2	1	0	0	3	4	9	2	8	0	5	2	1	9	1	0	1	0	0	0	0	3	0	0	4	1	0	2	1	1	7	2	0	0	0	0	4	0	0	5	0	0	0	0	1	1	0	0	6	0	0	0	0	0	0	0	0	0	0	0	7	2	0	2	0	0	0	0	0	0	0	0	1	0	0	0	0	0	0	0	0	0	0	0	0	0	0	0	0	0	0	0	0	0	0	0	0	0	0	0	0	0	0	0	0	8	0	0	0	0	0	0	0	0	0	0	0	0	0	0	0	0	0	0	0	0	0	0	0	0	0
0.03	north18_active	80	4657	232	1447	1026	305	62	615	439	501	367	16	41	134	35	181	16	13	28	16	22	10	112	35	7	28	62	9	126	121	57	29	25	29	72	29	52	12	53	1	11	28	21	21	0	2	22	0	2	24	0	2	33	0	5	0	8	11	1	4	3	13	6	0	0	4	0	8	1	13	10	4	4	1	1	1	0	0	2	0	5	2	8	0	5	2	0	8	1	0	0	0	0	0	0	3	0	0	4	0	0	1	1	1	7	2	0	0	0	0	4	0	0	5	0	0	0	0	1	0	0	0	6	0	0	0	0	0	0	0	0	0	0	0	7	2	0	0	0	0	0	0	0	0	0	0	1	0	0	0	0	0	0	0	0	0	0	0	0	0	0	0	0	0	0	0	0	0	0	0	0	0	0	0	0	0	0	0	0	8	0	0	0	0	0	0	0	0	0	0	0	0	0	0	0	0	0	0	0	0	0	0	0	0	0
0.03	north19_all	80	5023	405	1455	920	344	74	612	473	378	411	27	60	144	63	232	24	38	33	28	38	15	77	69	16	56	94	8	135	68	61	37	41	43	66	42	41	23	32	14	11	32	30	29	5	3	29	2	5	28	2	5	17	2	2	2	9	6	3	1	9	10	16	4	1	0	1	1	3	10	7	11	3	1	0	0	1	2	0	3	32	1	0	2	1	5	3	0	3	0	0	0	0	0	6	0	1	0	18	0	0	0	0	0	0	0	0	0	1	0	3	0	6	0	0	0	0	0	1	0	0	1	2	0	0	0	0	0	0	0	0	2	0	0	1	0	0	0	0	0	0	0	0	0	0	1	0	0	0	0	0	0	0	0	0	0	0	0	0	0	0	0	0	0	0	0	0	0	2	0	0	0	0	0	0	0	0	0	0	0	0	0	0	0	0	0	0	0	0	1	0	0	0	0	0	0	0	0	0	0	0	0	0	0	0
0.03	north19_active	80	4839	230	1387	833	279	35	594	461	357	395	17	39	114	41	226	8	17	21	12	25	9	71	66	8	51	91	4	127	67	59	28	31	40	64	38	40	19	32	5	6	32	28	26	3	0	25	2	3	26	0	4	17	2	1	1	9	5	1	0	9	6	15	4	0	0	0	0	0	10	7	9	3	0	0	0	0	0	0	3	31	1	0	1	1	5	3	0	3	0	0	0	0	0	6	0	1	0	18	0	0	0	0	0	0	0	0	0	1	0	3	0	6	0	0	0	0	0	1	0	0	0	2	0	0	0	0	0	0	0	0	2	0	0	1	0	0	0	0	0	0	0	0	0	0	1	0	0	0	0	0	0	0	0	0	0	0	0	0	0	0	0	0	0	0	0	0	0	2	0	0	0	0	0	0	0	0	0	0	0	0	0	0	0	0	0	0	0	0	1	0	0	0	0	0	0	0	0	0	0	0	0	0	0	0
0.03	north20_all	80	4740	430	1522	955	390	117	650	456	454	429	26	74	145	54	234	32	29	20	38	48	24	77	47	14	28	76	17	59	81	41	42	57	36	54	31	32	11	45	5	15	46	39	20	5	5	35	5	5	17	2	6	19	2	12	7	8	14	3	4	24	9	15	19	1	5	2	4	1	4	1	12	1	1	2	3	6	2	3	2	0	0	4	0	2	1	0	1	3	0	0	2	0	0	3	0	0	0	1	0	0	0	0	0	0	0	1	0	6	0	8	0	1	0	0	0	0	0	0	0	0	1	0	0	0	0	4	0	1	0	0	0	0	0	0	0	5	0	0	0	0	0	0	0	0	1	0	0	0	0	0	0	0	0	0	0	0	0	0	0	0	0	0	0	0	1	0	0	0	0	4	0	0	0	0	0	0	0	0	0	0	0	0	0	0	0	0	0	0	0	0	0	0	0	0	0	0	0	0	0	0	0	0	0	0
0.03	north20_active	80	4548	258	1465	888	302	68	626	436	435	414	10	51	131	39	228	14	20	9	28	28	11	68	37	4	24	73	7	55	72	38	35	54	34	53	28	28	9	45	3	10	46	39	17	3	1	34	3	3	17	0	5	18	2	8	4	8	13	2	1	23	6	15	18	1	5	2	3	1	4	1	10	1	1	2	3	6	1	1	2	0	0	0	0	2	1	0	1	3	0	0	2	0	0	0	0	0	0	1	0	0	0	0	0	0	0	0	0	6	0	8	0	0	0	0	0	0	0	0	0	0	1	0	0	0	0	4	0	0	0	0	0	0	0	0	0	5	0	0	0	0	0	0	0	0	0	0	0	0	0	0	0	0	0	0	0	0	0	0	0	0	0	0	0	0	1	0	0	0	0	4	0	0	0	0	0	0	0	0	0	0	0	0	0	0	0	0	0	0	0	0	0	0	0	0	0	0	0	0	0	0	0	0	0	0
0.03	south21_all	80	5038	662	1371	1052	407	134	589	537	317	246	45	92	228	111	145	52	27	46	73	36	21	133	86	10	59	86	19	66	54	91	54	42	58	46	34	31	40	16	4	6	22	51	37	9	7	56	7	6	17	2	5	6	4	8	3	21	18	2	2	32	8	29	12	0	5	3	3	0	2	6	3	11	1	3	4	0	1	8	3	10	0	0	0	1	1	1	5	2	0	0	0	2	4	0	1	1	2	0	0	1	0	0	3	0	0	0	2	1	0	0	0	0	0	5	0	0	0	0	0	0	0	0	0	2	0	2	0	0	0	0	0	0	0	0	0	0	0	0	1	0	0	0	0	0	7	1	0	0	0	0	0	0	0	0	0	0	0	0	0	0	0	1	0	0	0	0	0	0	0	0	0	0	0	0	0	0	0	0	0	0	0	0	0	0	0	0	0	0	0	0	0	0	0	0	0	0	0	0	0	1	0	0	0	2
0.03	south21_active	80	4823	477	1302	1004	346	90	564	521	306	230	20	73	208	87	129	35	21	30	51	26	10	126	73	3	55	83	10	66	52	88	52	40	51	45	29	30	39	14	2	4	21	51	31	6	4	56	6	1	17	0	3	4	2	8	2	18	17	1	0	32	8	26	11	0	3	3	2	0	1	5	2	10	0	3	4	0	1	8	1	10	0	0	0	1	1	1	3	2	0	0	0	0	2	0	0	1	1	0	0	0	0	0	3	0	0	0	2	1	0	0	0	0	0	5	0	0	0	0	0	0	0	0	0	2	0	2	0	0	0	0	0	0	0	0	0	0	0	0	1	0	0	0	0	0	7	1	0	0	0	0	0	0	0	0	0	0	0	0	0	0	0	1	0	0	0	0	0	0	0	0	0	0	0	0	0	0	0	0	0	0	0	0	0	0	0	0	0	0	0	0	0	0	0	0	0	0	0	0	0	1	0	0	0	2
0.03	south22_all	80	5346	788	1463	976	710	165	517	451	416	242	41	115	246	132	161	52	50	67	82	72	25	149	113	22	84	69	19	128	62	43	62	37	56	57	34	38	19	34	10	25	17	49	18	6	7	19	9	8	9	3	11	20	8	16	5	10	22	4	1	9	29	7	5	2	13	1	5	2	3	7	3	5	5	3	5	6	0	3	2	18	2	0	2	0	9	0	3	2	1	1	5	0	0	0	0	0	5	7	0	0	2	0	0	0	0	0	0	0	2	0	0	0	0	3	0	0	0	0	0	0	0	0	1	0	0	3	0	0	0	0	0	0	0	0	0	1	0	1	2	0	0	0	0	0	0	0	0	0	0	0	0	0	3	0	0	0	0	0	0	0	0	0	0	0	0	0	0	0	0	0	0	0	0	0	0	0	0	0	0	0	0	0	0	0	2	0	0	0	0	0	0	0	0	0	0	0	0	0	0	0	0	0	0	0
0.03	south22_active	80	5165	609	1387	921	644	91	493	414	392	201	18	88	227	104	152	33	33	58	72	57	18	145	108	11	68	67	17	126	57	42	54	33	54	55	33	36	16	29	7	18	13	47	16	2	3	18	6	5	9	3	10	19	1	9	5	10	22	4	0	9	28	6	5	2	13	1	4	2	3	7	3	3	4	3	5	6	0	2	1	18	2	0	0	0	9	0	3	2	0	1	4	0	0	0	0	0	5	7	0	0	2	0	0	0	0	0	0	0	2	0	0	0	0	3	0	0	0	0	0	0	0	0	0	0	0	3	0	0	0	0	0	0	0	0	0	1	0	0	1	0	0	0	0	0	0	0	0	0	0	0	0	0	3	0	0	0	0	0	0	0	0	0	0	0	0	0	0	0	0	0	0	0	0	0	0	0	0	0	0	0	0	0	0	0	2	0	0	0	0	0	0	0	0	0	0	0	0	0	0	0	0	0	0	0
0.03	south23_all	80	5063	858	1355	1026	804	184	529	388	414	242	47	125	234	115	157	76	61	49	98	78	24	105	83	25	100	70	49	47	54	49	71	46	30	67	45	31	27	34	6	22	21	22	6	8	1	13	6	36	23	4	11	16	8	8	11	27	8	2	2	17	15	10	9	4	5	6	6	1	6	6	1	12	4	4	6	3	0	8	0	5	16	1	1	2	5	3	6	0	3	15	2	5	0	0	1	0	5	0	0	0	17	0	4	0	1	1	2	0	0	1	0	0	0	3	0	0	1	1	1	0	0	0	0	1	0	0	0	0	0	1	0	0	0	0	0	0	0	0	0	0	0	0	0	0	0	0	0	0	0	0	2	0	0	0	0	0	0	0	0	0	0	0	0	0	0	0	0	0	0	0	0	0	0	0	0	0	0	0	0	0	0	0	0	0	0	0	0	0	0	0	0	0	0	0	0	0	0	0	0	0	0	0	0	0
0.03	south23_active	80	4834	680	1290	976	766	139	499	360	396	207	29	105	227	91	143	61	45	42	86	66	16	99	77	19	94	67	43	46	54	46	71	46	28	66	43	28	25	32	2	20	18	22	6	5	0	10	6	34	23	4	11	12	7	5	8	26	8	2	1	16	15	10	7	3	2	6	6	0	6	5	0	12	2	4	6	3	0	7	0	5	16	0	0	2	5	3	6	0	1	10	1	5	0	0	0	0	5	0	0	0	10	0	3	0	1	1	2	0	0	0	0	0	0	3	0	0	1	1	1	0	0	0	0	1	0	0	0	0	0	0	0	0	0	0	0	0	0	0	0	0	0	0	0	0	0	0	0	0	0	0	2	0	0	0	0	0	0	0	0	0	0	0	0	0	0	0	0	0	0	0	0	0	0	0	0	0	0	0	0	0	0	0	0	0	0	0	0	0	0	0	0	0	0	0	0	0	0	0	0	0	0	0	0	0
0.03	south24_all	80	4576	1031	1424	1032	714	181	539	435	470	265	39	164	227	168	128	84	60	90	105	80	27	107	135	26	107	90	41	81	73	42	87	80	80	39	30	41	28	42	13	21	21	32	41	13	7	41	12	13	20	4	13	31	7	7	4	12	18	5	6	14	7	3	10	2	7	3	3	4	1	6	22	0	0	11	6	14	0	0	7	9	1	13	1	3	8	1	11	8	0	2	1	12	2	15	1	5	1	0	1	0	1	4	0	4	0	2	0	0	10	1	0	0	14	0	0	0	0	0	0	0	0	2	0	0	0	0	0	0	0	0	0	2	0	0	0	1	0	0	0	0	0	0	0	0	0	0	0	0	0	0	0	0	0	0	0	0	0	0	0	0	0	0	0	0	4	0	0	0	0	0	0	0	0	0	0	0	0	0	0	0	0	0	0	0	0	0	3	0	0	0	0	0	0	0	0	0	0	0	0	0	0	0	0	0
0.03	south24_active	80	4341	805	1338	958	668	134	492	412	451	224	20	135	217	152	123	66	47	67	93	68	15	98	132	22	104	88	28	78	70	39	83	77	73	36	24	38	28	31	9	21	17	32	41	9	6	40	9	8	19	3	12	30	4	5	3	12	16	5	5	14	6	2	10	1	6	2	2	3	1	4	22	0	0	9	6	14	0	0	6	9	1	13	0	3	8	1	11	7	0	2	0	8	1	15	0	5	1	0	1	0	1	4	0	4	0	2	0	0	10	1	0	0	13	0	0	0	0	0	0	0	0	2	0	0	0	0	0	0	0	0	0	2	0	0	0	1	0	0	0	0	0	0	0	0	0	0	0	0	0	0	0	0	0	0	0	0	0	0	0	0	0	0	0	0	4	0	0	0	0	0	0	0	0	0	0	0	0	0	0	0	0	0	0	0	0	0	3	0	0	0	0	0	0	0	0	0	0	0	0	0	0	0	0	0
0.03	south25_all	80	4232	972	1364	982	862	211	565	489	344	277	49	166	293	134	147	78	66	74	101	69	34	79	131	28	72	51	24	87	69	97	17	43	48	70	43	33	38	31	10	7	62	31	29	5	5	45	8	13	5	9	15	8	12	8	12	21	2	2	1	4	18	2	10	2	15	15	4	4	5	1	15	3	0	17	0	0	9	3	0	6	4	2	1	0	8	6	1	12	1	1	1	1	1	0	5	7	3	0	1	2	0	2	0	11	1	3	1	0	0	1	1	0	1	0	0	1	0	0	0	0	0	0	0	6	0	0	0	1	0	0	0	0	0	1	0	13	0	0	0	0	1	0	0	2	0	0	0	0	0	0	0	0	0	0	0	0	0	0	0	0	0	0	0	0	0	3	0	0	0	0	0	0	0	0	0	0	0	0	0	0	0	0	0	0	0	1	0	0	0	0	0	0	0	0	0	0	0	0	0	0	0	0	0	0
0.03	south25_active	80	3967	765	1272	915	825	139	509	447	330	254	33	130	282	115	137	60	49	67	90	61	25	70	127	21	65	48	22	84	66	93	16	41	46	69	42	29	37	30	7	6	61	30	28	5	3	45	6	11	4	7	14	8	12	5	11	20	2	2	1	4	17	2	9	0	15	11	4	3	5	1	14	3	0	17	0	0	8	3	0	6	4	1	0	0	7	6	0	12	1	1	1	0	0	0	5	7	3	0	0	2	0	2	0	7	1	3	0	0	0	1	0	0	0	0	0	1	0	0	0	0	0	0	0	6	0	0	0	0	0	0	0	0	0	1	0	13	0	0	0	0	1	0	0	2	0	0	0	0	0	0	0	0	0	0	0	0	0	0	0	0	0	0	0	0	0	3	0	0	0	0	0	0	0	0	0	0	0	0	0	0	0	0	0	0	0	0	0	0	0	0	0	0	0	0	0	0	0	0	0	0	0	0	0	0
0.03	south26_all	80	4290	909	1124	888	833	159	463	381	357	317	49	117	228	129	184	66	55	71	121	72	32	53	106	37	86	62	34	36	47	59	71	59	45	32	44	50	49	33	6	30	51	33	24	6	5	31	3	13	23	2	6	5	2	21	7	15	4	9	4	21	31	8	4	1	16	0	8	0	0	4	2	14	3	0	3	3	2	0	2	5	13	6	0	7	2	3	0	3	0	0	0	0	1	3	1	2	6	0	1	1	0	17	0	0	2	1	0	0	1	0	1	0	0	0	0	0	0	0	0	0	0	0	0	0	0	0	1	0	0	0	1	0	0	0	1	5	2	0	0	0	0	0	0	0	0	0	0	0	0	1	0	0	0	3	0	0	0	0	0	0	0	0	0	0	0	0	0	0	0	0	0	0	0	0	0	0	0	0	0	0	0	0	0	0	0	0	0	0	0	0	0	0	0	0	0	0	0	0	0	0	0	0	0	0
0.03	south26_active	80	3933	705	1041	800	787	109	419	353	339	299	23	93	214	110	176	50	43	50	111	65	15	51	103	31	82	59	24	34	45	56	69	57	42	23	43	47	45	32	3	26	50	29	24	5	3	27	2	13	22	0	6	4	1	19	5	15	4	5	2	20	31	7	3	1	16	0	8	0	0	4	2	11	3	0	3	3	2	0	0	5	13	6	0	7	2	3	0	3	0	0	0	0	1	3	1	1	6	0	1	1	0	17	0	0	2	0	0	0	1	0	0	0	0	0	0	0	0	0	0	0	0	0	0	0	0	0	0	0	0	0	0	0	0	0	1	5	2	0	0	0	0	0	0	0	0	0	0	0	0	1	0	0	0	3	0	0	0	0	0	0	0	0	0	0	0	0	0	0	0	0	0	0	0	0	0	0	0	0	0	0	0	0	0	0	0	0	0	0	0	0	0	0	0	0	0	0	0	0	0	0	0	0	0	0
0.03	south27_all	80	3903	1053	1192	897	798	222	486	347	334	320	53	112	221	123	190	59	69	76	134	83	37	129	160	49	78	68	29	78	51	57	62	65	65	35	36	46	72	22	9	34	19	20	19	14	11	21	13	20	14	1	22	24	8	2	8	10	2	3	4	16	8	1	15	2	9	4	6	0	0	18	12	0	0	7	10	4	9	2	0	7	4	8	0	1	0	4	0	3	4	0	0	6	1	8	2	1	0	0	0	2	0	0	5	0	0	0	0	0	2	0	0	0	0	0	4	0	1	0	1	6	0	0	0	1	0	0	0	0	0	0	0	0	0	0	0	0	0	0	0	0	0	0	0	0	0	1	0	0	0	0	0	0	0	0	0	0	0	0	0	0	0	0	0	0	0	0	0	0	0	0	0	0	1	0	0	0	0	0	0	0	0	0	0	0	0	0	0	0	0	0	0	0	0	0	0	0	0	0	0	0	0	0	0	0
0.03	south27_active	80	3622	853	1101	831	757	154	448	320	316	288	28	86	209	103	177	46	49	54	116	77	30	126	154	40	75	59	22	74	47	56	60	62	61	32	35	43	71	20	6	33	15	18	18	7	6	18	13	19	13	1	21	22	6	2	5	10	2	2	3	16	6	1	11	1	9	1	6	0	0	18	9	0	0	5	9	4	9	2	0	7	4	8	0	1	0	4	0	3	2	0	0	6	0	8	2	0	0	0	0	2	0	0	5	0	0	0	0	0	1	0	0	0	0	0	4	0	1	0	0	6	0	0	0	0	0	0	0	0	0	0	0	0	0	0	0	0	0	0	0	0	0	0	0	0	0	1	0	0	0	0	0	0	0	0	0	0	0	0	0	0	0	0	0	0	0	0	0	0	0	0	0	0	1	0	0	0	0	0	0	0	0	0	0	0	0	0	0	0	0	0	0	0	0	0	0	0	0	0	0	0	0	0	0	0
0.03	south28_all	80	3884	1110	1107	925	789	189	488	379	290	304	42	143	362	139	164	53	37	91	75	81	38	85	72	26	69	44	48	52	89	54	58	64	50	67	36	26	57	6	16	41	31	34	27	9	4	37	13	10	20	2	22	7	13	20	6	14	30	6	0	6	11	4	13	2	14	2	13	2	1	10	4	7	1	5	6	8	11	8	0	13	5	1	0	19	1	4	14	7	0	2	0	0	1	9	1	4	11	5	0	2	0	12	0	0	0	0	0	0	0	0	0	4	0	0	0	0	0	0	0	0	0	0	0	0	0	0	0	1	0	0	0	0	0	1	0	0	0	0	0	8	0	1	0	0	0	0	0	0	0	0	0	0	0	0	2	0	0	0	2	1	0	0	0	3	1	0	0	0	0	0	0	0	0	0	0	0	0	0	0	0	0	0	0	3	0	0	0	0	0	0	0	0	0	0	0	0	0	0	0	0	1	0	0	0
0.03	south28_active	80	3581	878	996	851	745	135	454	351	274	286	25	123	344	124	152	44	28	73	70	75	26	79	70	18	67	42	43	50	76	51	57	57	48	66	35	25	55	6	9	40	31	32	25	8	2	36	12	9	20	0	21	6	12	18	1	14	30	6	0	5	9	3	9	1	14	2	13	2	1	10	4	7	0	5	5	7	6	7	0	13	4	1	0	19	0	4	14	6	0	2	0	0	1	9	1	4	11	5	0	0	0	12	0	0	0	0	0	0	0	0	0	4	0	0	0	0	0	0	0	0	0	0	0	0	0	0	0	1	0	0	0	0	0	0	0	0	0	0	0	8	0	1	0	0	0	0	0	0	0	0	0	0	0	0	2	0	0	0	2	1	0	0	0	3	1	0	0	0	0	0	0	0	0	0	0	0	0	0	0	0	0	0	0	3	0	0	0	0	0	0	0	0	0	0	0	0	0	0	0	0	0	0	0	0
0.03	south29_all	80	4192	1059	1104	1104	811	251	397	413	475	248	55	150	277	174	156	76	66	74	97	66	46	100	120	25	76	52	33	62	56	42	73	62	41	35	68	30	56	20	6	32	43	31	21	7	5	35	8	14	9	6	21	6	34	17	5	32	6	7	8	8	4	2	0	4	11	2	10	2	0	3	6	14	5	14	8	5	1	1	2	2	4	2	2	0	8	2	0	6	0	7	7	1	1	1	1	0	3	0	0	0	0	1	0	3	0	0	5	0	0	0	0	5	9	16	0	0	0	0	0	0	2	0	0	0	0	0	1	0	0	0	0	0	0	0	0	0	0	0	0	1	0	0	0	0	0	0	0	0	0	0	0	0	0	1	0	0	0	0	0	6	0	0	1	0	0	0	0	0	0	0	0	0	0	0	0	0	0	0	0	0	0	0	0	0	0	0	0	0	0	0	0	0	0	0	0	0	0	0	0	0	0	0	0	0
0.03	south29_active	80	3878	872	997	1054	760	197	373	370	454	225	31	124	270	158	146	62	56	58	89	62	41	91	113	17	73	47	25	60	46	40	66	62	38	35	66	23	52	17	3	28	42	30	21	5	5	35	7	9	9	5	20	5	31	9	4	32	3	6	6	7	4	2	0	3	9	2	10	1	0	3	6	14	4	14	8	4	0	0	1	2	4	2	2	0	8	2	0	6	0	7	7	0	0	1	0	0	3	0	0	0	0	1	0	2	0	0	5	0	0	0	0	5	9	16	0	0	0	0	0	0	0	0	0	0	0	0	1	0	0	0	0	0	0	0	0	0	0	0	0	1	0	0	0	0	0	0	0	0	0	0	0	0	0	1	0	0	0	0	0	6	0	0	1	0	0	0	0	0	0	0	0	0	0	0	0	0	0	0	0	0	0	0	0	0	0	0	0	0	0	0	0	0	0	0	0	0	0	0	0	0	0	0	0	0
0.03	south30_all	80	3160	757	775	711	477	152	237	267	392	172	49	149	147	82	104	60	66	53	96	78	26	79	68	25	44	33	21	29	25	43	61	60	51	31	58	49	12	22	14	26	22	21	11	3	3	25	11	3	22	11	18	15	1	10	4	13	6	1	4	27	17	21	5	2	7	1	14	7	12	3	10	0	4	5	1	4	1	1	0	3	0	0	1	2	2	0	0	0	7	2	1	0	0	8	0	3	2	0	1	0	0	0	0	0	5	1	0	0	3	8	1	1	0	0	2	0	1	0	0	0	1	0	0	5	0	0	0	0	0	0	1	0	0	0	0	6	0	0	0	0	0	0	0	0	0	0	0	0	0	0	0	0	0	0	0	0	0	0	0	0	0	0	0	0	0	0	0	0	0	0	0	0	0	0	0	0	1	0	0	0	0	0	0	0	0	0	0	0	0	0	0	0	0	1	0	0	0	0	0	0	0	0	0	0
0.03	south30_active	80	2958	615	696	683	454	94	219	242	372	142	34	131	140	72	91	48	41	33	88	70	21	77	66	23	39	24	13	27	20	40	55	56	51	27	57	43	11	22	10	26	18	21	10	3	2	23	9	2	20	6	14	14	0	9	2	13	6	0	1	27	15	21	5	2	7	1	12	0	12	2	10	0	1	5	1	4	1	0	0	3	0	0	0	2	2	0	0	0	7	2	1	0	0	8	0	2	2	0	0	0	0	0	0	0	5	1	0	0	3	8	0	1	0	0	1	0	0	0	0	0	1	0	0	5	0	0	0	0	0	0	1	0	0	0	0	6	0	0	0	0	0	0	0	0	0	0	0	0	0	0	0	0	0	0	0	0	0	0	0	0	0	0	0	0	0	0	0	0	0	0	0	0	0	0	0	0	1	0	0	0	0	0	0	0	0	0	0	0	0	0	0	0	0	1	0	0	0	0	0	0	0	0	0	0
0.03	south31_all	80	5116	448	1661	941	300	109	579	559	416	344	26	82	117	59	203	32	32	37	32	32	22	110	47	23	36	100	14	113	100	52	33	50	31	27	13	44	38	81	4	16	39	55	24	2	5	56	4	5	31	6	6	29	2	3	3	29	23	1	2	29	24	29	13	2	2	5	3	1	4	11	1	2	1	6	3	10	2	0	0	3	2	1	0	5	8	1	0	2	1	0	1	0	1	0	1	5	0	0	1	0	1	4	1	0	0	1	2	0	0	0	0	0	0	0	3	0	0	0	0	0	2	0	0	0	0	0	0	0	0	0	0	0	0	0	0	2	0	0	0	1	0	0	0	0	0	0	0	0	0	1	0	0	0	4	0	0	0	0	0	0	0	0	0	0	0	0	0	1	0	0	0	0	0	0	0	0	1	0	0	0	0	0	0	0	0	0	0	0	0	0	0	0	0	0	0	0	0	0	0	0	0	0	0	0
0.03	south31_active	80	4938	258	1597	860	250	63	562	546	396	327	10	46	96	40	201	18	15	20	19	18	13	100	40	8	29	97	7	111	99	48	30	47	29	26	9	41	36	80	2	14	39	53	19	0	2	54	3	5	30	4	6	29	0	2	1	21	23	0	1	29	24	29	13	1	2	5	2	0	4	11	1	2	1	5	3	9	0	0	0	3	1	0	0	5	7	1	0	2	0	0	1	0	1	0	1	5	0	0	0	0	0	4	1	0	0	1	0	0	0	0	0	0	0	0	2	0	0	0	0	0	0	0	0	0	0	0	0	0	0	0	0	0	0	0	0	2	0	0	0	1	0	0	0	0	0	0	0	0	0	1	0	0	0	4	0	0	0	0	0	0	0	0	0	0	0	0	0	1	0	0	0	0	0	0	0	0	0	0	0	0	0	0	0	0	0	0	0	0	0	0	0	0	0	0	0	0	0	0	0	0	0	0	0	0
0.03	south32_all	80	5201	365	1683	987	354	108	508	579	467	475	34	53	156	52	246	37	16	47	47	37	28	133	63	25	48	62	13	85	60	76	37	38	40	76	15	29	23	45	3	7	44	34	12	2	1	25	1	3	25	0	5	6	3	4	4	16	9	3	1	11	5	13	13	1	7	1	4	1	17	19	3	9	2	2	4	7	2	1	0	0	3	5	1	2	2	2	0	5	0	1	0	1	1	2	0	14	0	0	0	0	1	0	14	5	1	0	5	2	0	0	0	0	0	0	0	0	0	0	0	1	0	0	0	0	0	1	0	0	0	0	0	0	0	0	0	0	0	0	0	0	0	0	0	0	0	0	0	2	0	0	0	0	0	0	0	0	1	0	0	0	0	0	0	0	0	0	1	0	0	0	0	0	0	0	0	1	0	0	0	0	0	0	0	0	0	0	0	0	0	0	0	0	0	0	0	0	0	0	0	0	0	0	0	0
0.03	south32_active	80	5012	203	1621	926	282	58	487	556	427	459	13	32	141	28	237	18	8	23	34	25	9	127	45	12	44	58	6	82	56	70	34	34	36	75	15	28	21	43	2	4	41	34	11	0	1	24	1	1	22	0	4	5	3	2	0	16	8	3	0	10	2	12	11	1	6	0	4	1	16	19	2	9	2	2	4	6	1	1	0	0	1	0	0	2	1	2	0	5	0	0	0	0	0	2	0	14	0	0	0	0	1	0	14	5	0	0	5	2	0	0	0	0	0	0	0	0	0	0	0	1	0	0	0	0	0	1	0	0	0	0	0	0	0	0	0	0	0	0	0	0	0	0	0	0	0	0	0	2	0	0	0	0	0	0	0	0	1	0	0	0	0	0	0	0	0	0	1	0	0	0	0	0	0	0	0	1	0	0	0	0	0	0	0	0	0	0	0	0	0	0	0	0	0	0	0	0	0	0	0	0	0	0	0	0
0.03	south33_all	80	4965	396	1530	843	329	85	604	547	436	410	31	65	144	39	227	39	29	34	25	36	11	78	42	17	32	80	16	70	55	49	50	58	54	69	17	66	11	35	4	2	28	34	24	2	1	12	1	1	32	0	6	14	3	5	1	4	29	2	3	12	33	17	14	0	5	3	5	2	1	21	0	23	1	7	0	24	0	4	0	2	1	0	2	2	4	1	0	3	0	0	2	1	1	1	0	0	0	3	0	0	1	0	0	0	0	0	2	0	0	0	0	1	2	0	0	0	0	0	0	0	1	0	1	0	0	1	6	0	0	0	0	0	0	3	1	0	0	1	0	0	0	0	0	0	0	0	0	0	0	0	0	0	0	0	0	0	0	0	0	0	0	0	0	1	0	0	0	0	0	0	0	0	0	0	0	0	0	0	0	1	0	0	0	0	0	0	0	0	0	0	0	0	0	0	0	3	0	0	0	0	0	0	0	0
0.03	south33_active	80	4762	230	1485	762	266	42	569	520	415	400	15	33	122	26	220	17	14	24	18	21	1	76	29	10	26	77	8	69	54	47	41	54	49	66	10	64	8	34	1	1	27	34	23	2	0	12	1	1	32	0	6	12	2	1	0	3	28	1	0	12	32	16	14	0	5	2	4	1	0	20	0	22	1	7	0	24	0	3	0	2	1	0	2	2	4	1	0	3	0	0	1	0	0	1	0	0	0	3	0	0	0	0	0	0	0	0	1	0	0	0	0	1	1	0	0	0	0	0	0	0	0	0	0	0	0	0	6	0	0	0	0	0	0	3	1	0	0	1	0	0	0	0	0	0	0	0	0	0	0	0	0	0	0	0	0	0	0	0	0	0	0	0	0	1	0	0	0	0	0	0	0	0	0	0	0	0	0	0	0	1	0	0	0	0	0	0	0	0	0	0	0	0	0	0	0	3	0	0	0	0	0	0	0	0
0.03	south34_all	80	5131	382	1584	865	398	91	579	490	413	342	34	61	105	84	250	32	24	21	31	36	12	138	57	20	27	92	12	61	66	52	40	70	23	67	42	28	12	41	5	16	12	14	23	3	3	36	5	5	9	3	9	26	5	3	3	7	16	0	2	14	11	10	6	1	3	2	0	2	11	18	7	21	0	2	7	2	1	4	2	4	1	1	2	6	17	10	1	9	0	1	0	1	1	1	0	1	2	2	0	0	2	0	1	23	1	0	1	1	2	0	0	1	11	0	0	0	1	0	0	0	0	2	0	0	0	0	0	0	0	0	0	0	0	0	1	0	0	0	0	0	0	0	0	0	0	0	0	0	0	0	0	0	0	0	1	0	0	0	2	0	0	0	0	1	0	0	0	0	0	0	0	0	0	2	0	0	0	0	0	0	0	0	0	0	0	0	0	0	0	0	0	1	0	0	0	0	0	0	0	0	0	0	0	0
0.03	south34_active	80	4953	215	1513	794	308	49	553	463	394	311	14	35	93	42	242	13	8	8	17	22	2	132	43	12	21	92	6	57	65	50	36	65	18	64	35	27	8	40	4	12	10	14	18	2	1	35	2	3	9	1	7	26	4	3	1	7	16	0	0	14	11	9	5	0	3	1	0	1	11	18	7	20	0	1	7	2	1	2	2	3	1	0	1	6	17	9	1	8	0	1	0	0	1	0	0	1	2	2	0	0	2	0	1	23	0	0	1	1	2	0	0	1	11	0	0	0	0	0	0	0	0	2	0	0	0	0	0	0	0	0	0	0	0	0	0	0	0	0	0	0	0	0	0	0	0	0	0	0	0	0	0	0	0	0	1	0	0	0	2	0	0	0	0	1	0	0	0	0	0	0	0	0	0	2	0	0	0	0	0	0	0	0	0	0	0	0	0	0	0	0	0	1	0	0	0	0	0	0	0	0	0	0	0	0
0.03	south35_all	80	5167	383	1728	862	346	92	685	539	437	322	31	40	149	68	263	43	25	33	53	42	21	93	57	13	51	96	9	92	90	93	37	64	38	31	42	53	7	33	4	9	64	36	24	3	6	34	3	3	27	3	14	10	5	8	1	11	23	8	5	15	11	12	11	0	4	0	2	1	1	10	5	1	1	3	3	12	2	2	1	34	0	5	1	2	8	4	2	4	1	0	0	0	0	2	3	5	1	0	0	0	0	2	5	2	1	0	0	1	0	0	0	0	1	0	0	0	0	0	0	0	0	1	0	0	0	0	0	1	0	0	0	0	0	0	0	0	0	0	0	0	0	0	0	0	0	0	0	0	0	0	0	0	0	3	0	0	0	0	0	0	0	0	0	0	0	0	0	0	0	0	0	0	0	0	0	0	0	0	0	0	0	0	0	0	0	0	0	0	0	0	0	0	0	0	0	0	0	0	0	0	0	0	0	0
0.03	south35_active	80	4989	232	1644	786	274	40	657	512	412	310	15	14	123	43	256	21	5	21	37	28	10	84	49	9	46	88	5	88	87	92	34	63	34	28	26	51	4	30	2	5	61	35	20	1	1	33	3	1	26	0	11	10	5	6	1	11	22	4	3	14	11	12	11	0	3	0	2	1	0	9	5	1	0	1	3	12	0	2	0	34	0	5	0	2	8	4	2	4	0	0	0	0	0	2	3	5	1	0	0	0	0	1	5	2	0	0	0	0	0	0	0	0	1	0	0	0	0	0	0	0	0	1	0	0	0	0	0	1	0	0	0	0	0	0	0	0	0	0	0	0	0	0	0	0	0	0	0	0	0	0	0	0	0	3	0	0	0	0	0	0	0	0	0	0	0	0	0	0	0	0	0	0	0	0	0	0	0	0	0	0	0	0	0	0	0	0	0	0	0	0	0	0	0	0	0	0	0	0	0	0	0	0	0	0
0.03	south36_all	80	4843	526	1627	945	399	97	582	438	417	333	35	72	167	83	185	30	33	33	62	41	18	113	78	26	95	115	24	69	80	80	29	49	23	38	30	66	20	70	7	9	23	53	28	3	5	20	5	2	23	3	7	7	5	3	7	16	29	2	1	1	8	13	4	0	2	2	15	1	20	17	7	7	0	4	9	6	1	2	4	6	1	1	0	7	0	0	0	1	1	2	0	1	1	3	3	3	1	1	0	1	0	3	0	7	3	0	1	0	0	0	1	5	0	0	0	0	0	1	0	0	0	0	0	0	0	1	0	0	0	0	0	0	0	0	0	0	0	0	0	0	0	0	0	0	0	0	0	0	0	0	0	0	3	0	0	0	3	0	0	0	0	0	0	0	0	0	0	0	0	0	0	0	0	2	0	0	0	0	0	0	0	0	0	0	0	0	0	0	0	0	0	0	0	0	0	0	0	0	0	0	0	1	0	0
0.03	south36_active	80	4657	332	1562	869	320	53	560	420	389	307	15	34	140	53	175	18	18	17	51	26	6	109	68	17	78	111	16	68	74	79	26	46	20	38	23	65	11	69	5	5	22	53	26	1	1	19	3	0	21	3	6	7	2	3	4	11	29	1	0	1	8	13	4	0	1	2	15	0	20	15	5	7	0	2	7	6	1	2	3	6	1	1	0	7	0	0	0	0	1	1	0	1	0	3	1	2	0	1	0	0	0	3	0	7	2	0	0	0	0	0	0	5	0	0	0	0	0	0	0	0	0	0	0	0	0	0	0	0	0	0	0	0	0	0	0	0	0	0	0	0	0	0	0	0	0	0	0	0	0	0	0	0	3	0	0	0	3	0	0	0	0	0	0	0	0	0	0	0	0	0	0	0	0	2	0	0	0	0	0	0	0	0	0	0	0	0	0	0	0	0	0	0	0	0	0	0	0	0	0	0	0	0	0	0
0.03	south37_all	80	5254	695	1459	971	549	139	596	437	460	268	41	91	168	102	242	69	20	61	97	51	27	68	42	18	83	86	20	80	52	50	39	61	42	51	33	14	22	32	8	19	38	61	27	5	13	17	3	7	27	7	8	43	8	15	4	12	8	18	0	13	22	12	2	3	8	3	7	3	6	3	1	13	0	6	6	5	0	2	0	1	1	8	2	8	4	1	5	0	0	0	0	4	0	1	2	5	2	2	0	1	4	7	0	0	1	1	1	0	0	2	0	0	2	1	0	0	0	0	0	0	0	0	0	0	0	0	0	1	0	0	1	0	0	0	0	0	0	0	0	0	0	0	0	0	0	0	0	0	0	0	1	0	0	0	0	0	3	0	0	0	0	0	0	0	0	0	0	0	0	0	0	0	0	0	0	0	0	0	0	0	0	0	0	0	0	0	0	0	0	0	0	0	0	0	0	0	2	0	0	0	0	0	1	0
0.03	south37_active	80	5066	484	1395	914	484	73	553	421	440	237	20	65	147	75	237	46	14	49	86	41	17	63	33	10	80	83	13	78	50	44	33	61	39	48	30	13	21	30	3	15	38	60	25	5	4	16	1	3	26	6	3	43	5	13	2	11	8	18	0	12	17	11	2	1	8	2	4	2	6	3	1	13	0	6	5	5	0	2	0	1	0	8	2	6	4	1	5	0	0	0	0	4	0	1	2	5	1	2	0	0	3	7	0	0	1	0	0	0	0	2	0	0	2	1	0	0	0	0	0	0	0	0	0	0	0	0	0	1	0	0	0	0	0	0	0	0	0	0	0	0	0	0	0	0	0	0	0	0	0	0	0	0	0	0	0	0	3	0	0	0	0	0	0	0	0	0	0	0	0	0	0	0	0	0	0	0	0	0	0	0	0	0	0	0	0	0	0	0	0	0	0	0	0	0	0	0	2	0	0	0	0	0	0	0
0.03	south38_all	80	4767	687	1382	938	657	141	390	475	407	311	38	73	195	93	206	63	53	62	97	71	28	82	61	27	70	50	30	94	71	89	66	78	55	29	62	45	16	32	12	36	34	45	35	3	3	29	3	4	22	7	10	40	1	8	5	9	41	6	4	6	5	4	4	2	5	11	8	4	5	2	2	14	3	10	8	3	7	0	10	1	0	0	1	0	1	2	2	0	3	5	5	0	0	0	0	2	6	0	0	0	1	2	0	3	1	0	0	0	7	5	0	5	0	0	1	1	0	0	1	0	0	0	0	0	0	2	0	0	0	0	0	0	0	0	0	0	0	0	1	0	0	0	0	0	0	0	0	0	0	0	0	0	0	0	0	0	0	0	0	1	0	0	0	0	0	0	0	0	0	0	0	0	0	0	0	0	0	0	0	0	0	0	0	0	0	0	0	0	0	0	0	0	0	0	0	0	0	0	0	0	0	0	0	0
0.03	south38_active	80	4534	498	1324	870	591	92	368	459	389	299	24	64	177	73	186	52	38	52	86	67	19	78	51	11	65	42	20	92	70	83	62	76	51	25	57	43	11	30	5	19	34	44	34	1	2	25	1	3	21	4	7	39	0	6	5	9	40	3	3	6	5	4	4	0	5	11	8	3	5	2	0	14	0	10	8	2	3	0	10	0	0	0	1	0	1	2	2	0	0	5	5	0	0	0	0	2	6	0	0	0	0	2	0	3	1	0	0	0	7	5	0	5	0	0	0	1	0	0	0	0	0	0	0	0	0	2	0	0	0	0	0	0	0	0	0	0	0	0	1	0	0	0	0	0	0	0	0	0	0	0	0	0	0	0	0	0	0	0	0	0	0	0	0	0	0	0	0	0	0	0	0	0	0	0	0	0	0	0	0	0	0	0	0	0	0	0	0	0	0	0	0	0	0	0	0	0	0	0	0	0	0	0	0	0
0.03	south39_all	80	4388	773	1334	989	836	182	540	509	345	291	34	94	228	134	159	40	36	73	112	61	32	65	112	27	114	45	25	77	74	59	49	51	37	49	41	35	35	19	6	15	21	22	9	3	2	9	4	14	20	5	16	20	11	6	5	4	16	4	6	4	12	1	17	0	8	4	0	6	4	8	1	22	5	7	3	9	3	4	1	3	5	2	1	7	6	0	1	0	0	1	0	0	0	0	1	0	4	2	0	0	1	0	1	6	6	0	4	0	0	3	0	3	0	5	0	1	0	0	0	0	1	0	0	0	0	0	0	0	0	0	0	0	0	0	0	0	0	0	0	0	0	0	0	0	0	0	0	0	0	0	0	0	0	0	0	0	0	0	0	0	1	0	0	0	0	0	0	0	0	0	0	0	0	0	0	0	0	0	0	0	1	0	0	0	0	0	0	0	0	0	0	0	0	0	0	0	0	0	0	0	0	0	0	0
0.03	south39_active	80	4121	588	1268	943	804	111	498	491	332	279	21	70	223	102	155	28	27	57	97	54	20	61	111	21	105	43	17	75	72	56	40	48	33	48	36	34	30	16	3	14	21	22	9	1	1	9	2	12	19	2	14	20	11	2	5	4	11	4	5	3	12	1	17	0	7	2	0	4	4	7	1	22	4	7	2	9	3	3	1	3	5	2	1	7	6	0	1	0	0	1	0	0	0	0	1	0	4	2	0	0	0	0	1	6	6	0	4	0	0	3	0	2	0	4	0	0	0	0	0	0	0	0	0	0	0	0	0	0	0	0	0	0	0	0	0	0	0	0	0	0	0	0	0	0	0	0	0	0	0	0	0	0	0	0	0	0	0	0	0	0	0	0	0	0	0	0	0	0	0	0	0	0	0	0	0	0	0	0	0	0	1	0	0	0	0	0	0	0	0	0	0	0	0	0	0	0	0	0	0	0	0	0	0	0
0.03	south40_all	80	3073	715	1007	736	567	183	328	288	319	297	46	70	202	85	144	47	45	51	95	64	21	82	113	28	76	57	20	45	44	54	36	24	26	28	28	29	54	29	3	9	33	30	20	1	4	19	1	6	8	14	7	8	6	4	1	30	9	5	5	11	34	4	19	1	22	1	7	0	7	2	21	7	2	3	8	10	1	7	4	0	1	3	2	5	0	0	0	1	1	0	0	1	1	0	1	2	5	1	0	0	3	0	1	1	0	1	1	1	1	0	0	0	3	0	0	0	0	0	1	2	1	0	0	4	0	0	0	0	0	0	0	0	0	0	0	0	0	0	0	0	0	0	0	0	0	0	0	0	0	0	0	0	0	0	0	1	0	0	0	0	0	0	0	0	0	0	0	0	0	0	0	3	0	0	0	0	0	0	0	0	0	0	0	0	0	0	0	1	0	0	0	0	0	0	0	0	0	0	0	0	0	0	0	0
0.03	south40_active	80	2818	542	938	697	528	131	305	276	291	285	34	47	199	70	137	34	38	39	90	56	15	79	110	23	76	56	18	40	36	51	35	21	21	27	26	26	53	29	3	9	32	29	19	0	2	19	1	5	8	14	7	8	4	2	0	29	8	0	4	11	34	4	18	0	22	1	6	0	7	2	21	7	2	3	8	10	1	7	4	0	0	3	1	5	0	0	0	1	0	0	0	0	0	0	1	2	5	1	0	0	3	0	1	0	0	0	1	1	1	0	0	0	3	0	0	0	0	0	1	1	0	0	0	4	0	0	0	0	0	0	0	0	0	0	0	0	0	0	0	0	0	0	0	0	0	0	0	0	0	0	0	0	0	0	0	0	0	0	0	0	0	0	0	0	0	0	0	0	0	0	0	3	0	0	0	0	0	0	0	0	0	0	0	0	0	0	0	0	0	0	0	0	0	0	0	0	0	0	0	0	0	0	0	0
