label	Group	numOtus	Otu0	Otu1	Otu2	Otu3	Otu4	Otu5	Otu6	Otu7	Otu8	Otu9	Otu10	Otu11	Otu12	Otu13	Otu14	Otu15	Otu16	Otu17	Otu18	Otu19	Otu20	Otu21	Otu22	Otu23	Otu24	Otu25	Otu26	Otu27	Otu28	Otu29	Otu30	Otu31	Otu32	Otu33	Otu34	Otu35	Otu36	Otu37	Otu38	Otu39	Otu40	Otu41	Otu42	Otu43	Otu44	Otu45	Otu46	Otu47	Otu48	Otu49	Otu50	Otu51	Otu52	Otu53	Otu54	Otu55	Otu56	Otu57	Otu58	Otu59	Otu60	Otu61	Otu62	Otu63	Otu64	Otu65	Otu66	Otu67	Otu68	Otu69	Otu70	Otu71	Otu72	Otu73	Otu74	Otu75	Otu76	Otu77	Otu78	Otu79	Otu80	Otu81	Otu82	Otu83	Otu84	Otu85	Otu86	Otu87	Otu88	Otu89	Otu90	Otu91	Otu92	Otu93	Otu94	Otu95	Otu96	Otu97	Otu98	Otu99	Otu100	Otu101	Otu102	Otu103	Otu104	Otu105	Otu106	Otu107	Otu108	Otu109	Otu110	Otu111	Otu112	Otu113	Otu114	Otu115	Otu116	Otu117	Otu118	Otu119	Otu120	Otu121	Otu122	Otu123	Otu124	Otu125	Otu126	Otu127	Otu128	Otu129	Otu130	Otu131	Otu132	Otu133	Otu134	Otu135	Otu136	Otu137	Otu138	Otu139	Otu140	Otu141	Otu142	Otu143	Otu144	Otu145	Otu146	Otu147	Otu148	Otu149	Otu150	Otu151	Otu152	Otu153	Otu154	Otu155	Otu156	Otu157	Otu158	Otu159	Otu160	Otu161	Otu162	Otu163	Otu164	Otu165	Otu166	Otu167	Otu168	Otu169	Otu170	Otu171	Otu172	Otu173	Otu174	Otu175	Otu176	Otu177	Otu178	Otu179	Otu180	Otu181	Otu182	Otu183	Otu184	Otu185	Otu186	Otu187	Otu188	Otu189	Otu190	Otu191	Otu192	Otu193	Otu194	Otu195	Otu196	Otu197
0.03	north1_all	80	1596	2618	1323	329	955	606	127	239	56	357	309	154	25	22	19	20	139	182	88	22	26	14	11	41	92	53	99	6	35	21	22	22	61	6	68	18	13	9	13	39	23	29	15	45	15	5	7	1	13	16	55	10	20	8	11	9	16	2	13	0	27	7	5	1	0	4	2	6	4	12	32	8	8	2	12	13	2	7	0	1	4	8	0	5	0	0	5	4	1	2	0	2	0	0	1	3	1	0	0	6	3	0	1	5	0	0	0	1	0	0	1	0	0	0	3	0	0	0	0	0	0	0	0	0	4	0	0	0	0	0	5	14	0	0	0	0	0	0	0	4	2	1	0	0	0	0	0	0	0	0	0	0	0	0	0	0	0	0	0	0	0	0	0	0	0	0	2	0	0	0	0	0	0	0	0	0	0	0	0	0	0	0	0	0	0	0	0	0	0	0	0	0	0	0	0	0	0	0
0.03	north1_active	80	1267	2551	1234	264	927	567	90	214	34	346	297	135	13	12	8	11	130	175	82	15	15	5	6	34	92	53	94	2	31	15	18	19	58	4	60	16	11	8	9	39	20	26	15	45	15	2	2	0	10	15	54	10	18	8	10	8	16	2	12	0	27	4	4	1	0	4	1	6	4	12	32	8	7	1	11	12	2	7	0	0	4	8	0	5	0	0	5	4	1	1	0	2	0	0	1	2	0	0	0	5	3	0	1	5	0	0	0	1	0	0	1	0	0	0	3	0	0	0	0	0	0	0	0	0	4	0	0	0	0	0	5	14	0	0	0	0	0	0	0	4	2	0	0	0	0	0	0	0	0	0	0	0	0	0	0	0	0	0	0	0	0	0	0	0	0	0	2	0	0	0	0	0	0	0	0	0	0	0	0	0	0	0	0	0	0	0	0	0	0	0	0	0	0	0	0	0	0	0
0.03	north2_all	80	1678	2427	1355	406	846	612	97	229	72	338	230	217	31	26	19	23	149	113	120	26	34	15	13	27	91	53	73	15	36	11	13	41	46	4	37	14	14	13	5	38	10	25	26	24	10	14	4	8	30	7	13	6	20	4	32	19	3	8	14	2	11	0	2	0	0	2	0	8	14	15	0	18	7	1	16	2	11	6	2	21	9	2	4	0	4	1	0	8	0	2	7	8	5	1	2	4	0	0	7	0	0	0	0	0	0	0	0	0	0	0	0	0	0	2	0	1	8	5	0	0	0	2	0	0	0	0	0	0	0	0	0	0	0	0	0	0	2	0	0	1	0	0	2	0	0	0	0	0	0	0	0	0	0	0	0	0	0	0	0	0	0	0	2	0	0	0	0	1	0	0	0	0	0	0	0	0	0	0	0	0	0	0	0	0	0	0	0	0	0	0	0	0	0	0	0	0	0	0
0.03	north2_active	80	1387	2354	1268	328	796	576	68	199	45	316	218	198	24	12	10	9	142	103	115	18	29	7	6	22	89	50	62	7	35	9	8	35	45	1	33	14	10	12	4	38	10	24	24	22	9	11	1	8	30	6	12	6	18	4	32	18	2	8	13	1	10	0	1	0	0	1	0	8	14	14	0	18	7	1	16	2	10	6	2	21	9	2	4	0	3	0	0	8	0	2	7	8	5	1	2	4	0	0	7	0	0	0	0	0	0	0	0	0	0	0	0	0	0	2	0	1	8	5	0	0	0	2	0	0	0	0	0	0	0	0	0	0	0	0	0	0	2	0	0	1	0	0	1	0	0	0	0	0	0	0	0	0	0	0	0	0	0	0	0	0	0	0	2	0	0	0	0	1	0	0	0	0	0	0	0	0	0	0	0	0	0	0	0	0	0	0	0	0	0	0	0	0	0	0	0	0	0	0
0.03	north3_all	80	1035	1535	704	271	516	638	65	183	52	388	342	141	35	34	18	20	226	98	50	26	26	15	11	25	49	63	89	5	19	21	6	24	51	5	60	19	9	9	11	21	7	42	22	14	33	7	2	2	15	3	5	5	7	3	6	10	9	1	19	0	19	1	2	3	2	0	4	10	2	11	4	6	7	1	5	8	1	13	0	24	1	3	2	1	5	0	0	2	0	3	0	0	4	5	0	2	0	0	3	0	1	0	0	0	0	0	0	1	0	4	0	0	0	0	0	0	0	2	0	0	0	6	0	0	0	0	0	0	0	0	0	0	0	0	0	0	0	0	0	1	0	0	0	0	0	0	0	0	0	1	0	0	0	0	0	0	0	0	0	0	3	0	0	0	0	0	0	0	0	0	0	0	0	0	0	0	0	0	0	0	0	0	0	0	0	0	0	0	0	0	0	0	0	0	0	0	0	0
0.03	north3_active	80	769	1403	617	189	474	608	42	160	19	377	326	123	21	17	11	10	223	96	38	16	20	6	5	22	48	60	86	3	16	15	4	22	50	3	59	15	5	5	9	19	6	40	20	13	32	5	1	1	15	1	5	5	7	3	6	10	6	1	19	0	19	0	2	2	1	0	1	10	2	11	4	5	7	1	4	8	1	13	0	24	1	3	2	1	1	0	0	2	0	2	0	0	4	4	0	2	0	0	3	0	1	0	0	0	0	0	0	1	0	4	0	0	0	0	0	0	0	2	0	0	0	6	0	0	0	0	0	0	0	0	0	0	0	0	0	0	0	0	0	0	0	0	0	0	0	0	0	0	0	1	0	0	0	0	0	0	0	0	0	0	3	0	0	0	0	0	0	0	0	0	0	0	0	0	0	0	0	0	0	0	0	0	0	0	0	0	0	0	0	0	0	0	0	0	0	0	0	0
0.03	north4_all	80	1539	1908	1138	355	648	634	93	234	59	324	351	188	51	24	34	25	123	110	42	34	68	11	18	36	131	103	37	8	42	25	17	25	29	5	59	24	14	16	7	27	20	43	27	17	35	5	5	8	31	7	28	7	11	11	15	39	18	9	8	2	1	0	0	2	2	24	2	8	3	10	1	14	1	0	20	2	4	0	0	2	3	1	0	2	1	0	2	2	0	0	0	0	1	12	0	0	0	1	0	5	0	0	3	1	0	5	0	1	2	2	1	0	0	0	6	16	0	0	0	0	0	0	0	0	1	1	0	0	1	0	0	0	0	0	0	0	0	0	0	0	0	0	1	0	0	0	1	0	0	0	1	0	0	0	0	1	0	0	0	0	0	1	0	0	0	0	0	0	0	1	0	2	0	0	0	0	0	0	0	0	0	0	0	0	0	0	0	0	3	0	0	0	0	0	0	0	0	0
0.03	north4_active	80	1251	1802	1061	289	631	592	53	211	26	317	333	174	27	10	27	13	117	98	37	23	60	5	11	30	118	103	35	4	33	20	15	17	27	0	56	24	12	16	6	22	18	42	24	17	35	4	3	2	30	7	28	7	9	9	14	33	18	9	7	1	0	0	0	2	2	23	2	8	3	10	0	14	0	0	20	2	4	0	0	2	3	0	0	2	1	0	1	2	0	0	0	0	1	12	0	0	0	0	0	5	0	0	3	1	0	5	0	0	0	2	1	0	0	0	6	16	0	0	0	0	0	0	0	0	0	1	0	0	0	0	0	0	0	0	0	0	0	0	0	0	0	0	0	0	0	0	0	0	0	0	0	0	0	0	0	1	0	0	0	0	0	0	0	0	0	0	0	0	0	1	0	2	0	0	0	0	0	0	0	0	0	0	0	0	0	0	0	0	3	0	0	0	0	0	0	0	0	0
0.03	north5_all	80	1975	2095	1563	379	851	518	90	345	41	305	296	264	37	28	28	21	190	117	102	33	35	14	18	63	66	63	58	6	45	19	26	17	60	7	30	46	7	19	16	17	16	39	15	38	29	23	0	3	15	11	25	6	24	3	1	16	9	0	0	3	9	7	8	3	1	1	0	1	8	6	4	7	4	8	4	2	1	10	4	3	0	11	2	1	3	1	0	7	0	0	1	1	0	7	3	12	1	0	0	0	4	2	0	0	1	0	0	0	0	0	0	1	0	2	0	1	0	1	0	0	4	0	0	0	0	0	0	0	0	0	0	0	0	4	0	0	3	0	0	0	2	0	0	0	0	0	0	0	0	0	0	0	0	0	0	0	0	0	0	0	0	1	0	0	0	0	0	0	0	0	0	0	0	0	0	0	0	0	0	0	1	0	0	0	0	0	0	0	0	0	0	0	0	0	0	0	0	0
0.03	north5_active	80	1644	1979	1518	308	822	468	61	323	25	285	284	251	30	8	17	15	184	105	84	21	28	5	16	45	63	58	55	3	40	10	21	11	60	4	30	41	3	18	11	15	14	37	15	36	24	21	0	3	15	11	25	6	13	3	0	16	8	0	0	2	9	1	8	3	0	1	0	0	7	6	4	6	4	8	4	2	0	10	3	3	0	11	2	1	3	0	0	7	0	0	1	1	0	7	3	9	1	0	0	0	4	1	0	0	0	0	0	0	0	0	0	1	0	2	0	1	0	1	0	0	4	0	0	0	0	0	0	0	0	0	0	0	0	4	0	0	3	0	0	0	2	0	0	0	0	0	0	0	0	0	0	0	0	0	0	0	0	0	0	0	0	1	0	0	0	0	0	0	0	0	0	0	0	0	0	0	0	0	0	0	0	0	0	0	0	0	0	0	0	0	0	0	0	0	0	0	0	0
0.03	north6_all	80	2011	2301	1486	455	842	507	108	336	63	353	231	316	36	31	30	30	158	155	109	53	53	14	10	66	73	65	58	14	47	24	28	32	38	5	47	31	23	31	9	43	13	33	20	14	32	6	1	4	45	23	18	37	29	11	11	11	17	4	16	2	20	12	8	10	0	4	0	9	25	7	10	10	8	5	2	16	4	2	3	7	5	0	0	2	2	1	4	3	0	23	0	0	6	9	1	11	0	0	0	0	5	0	5	0	1	1	0	2	0	0	0	0	1	0	2	3	0	0	1	2	0	0	0	1	5	0	0	0	0	0	1	0	4	0	0	0	0	0	0	0	0	0	0	0	0	0	0	0	0	0	0	2	0	0	0	0	0	0	0	0	0	0	0	1	1	0	0	0	0	0	0	0	0	0	0	0	0	0	0	0	0	0	0	0	0	0	0	0	0	0	0	0	0	0	0	0	0	0
0.03	north6_active	80	1663	2216	1439	367	823	454	78	313	43	341	220	298	25	17	14	21	153	151	103	41	42	9	7	59	73	47	55	4	39	16	20	24	36	1	42	30	18	29	7	41	12	32	18	14	30	6	0	4	44	17	18	26	27	1	11	11	17	4	16	1	19	2	7	10	0	4	0	8	24	7	10	10	8	5	2	16	4	2	2	7	4	0	0	2	2	1	4	3	0	23	0	0	6	9	1	11	0	0	0	0	5	0	5	0	0	1	0	2	0	0	0	0	1	0	2	3	0	0	0	0	0	0	0	1	5	0	0	0	0	0	1	0	3	0	0	0	0	0	0	0	0	0	0	0	0	0	0	0	0	0	0	2	0	0	0	0	0	0	0	0	0	0	0	0	1	0	0	0	0	0	0	0	0	0	0	0	0	0	0	0	0	0	0	0	0	0	0	0	0	0	0	0	0	0	0	0	0	0
0.03	north7_all	80	1990	2209	1431	425	772	396	107	309	58	288	343	235	26	24	28	30	196	163	120	53	53	30	21	36	126	47	88	10	69	21	20	31	66	6	40	40	9	19	5	40	19	40	7	40	13	6	6	6	22	15	26	16	17	8	12	4	12	4	8	3	15	8	3	2	0	16	3	18	6	16	0	4	13	4	2	4	8	0	2	3	6	9	1	7	3	0	0	4	2	0	5	7	0	1	1	0	1	1	2	0	0	0	0	6	0	1	0	0	0	2	2	0	0	0	0	1	0	0	0	0	0	6	0	1	0	0	0	0	0	0	0	0	6	0	0	0	0	0	0	0	0	0	0	0	0	0	0	2	0	0	0	0	0	0	0	0	0	0	0	0	0	0	0	0	0	0	0	0	0	0	0	0	0	0	0	0	0	0	0	0	0	0	0	0	0	0	0	0	0	0	0	0	0	0	0	0	0	0
0.03	north7_active	80	1641	2123	1347	334	740	373	78	276	39	282	328	218	18	11	14	20	188	153	115	46	45	20	9	30	124	46	83	4	61	20	18	28	65	5	40	37	8	15	1	40	19	39	7	39	11	6	1	4	21	15	24	15	15	8	12	4	11	4	8	2	14	8	2	0	0	16	2	18	4	16	0	4	11	4	1	4	7	0	1	3	6	7	1	0	2	0	0	4	0	0	4	7	0	1	0	0	1	1	2	0	0	0	0	3	0	1	0	0	0	2	0	0	0	0	0	1	0	0	0	0	0	6	0	1	0	0	0	0	0	0	0	0	6	0	0	0	0	0	0	0	0	0	0	0	0	0	0	2	0	0	0	0	0	0	0	0	0	0	0	0	0	0	0	0	0	0	0	0	0	0	0	0	0	0	0	0	0	0	0	0	0	0	0	0	0	0	0	0	0	0	0	0	0	0	0	0	0	0
0.03	north8_all	80	1660	2197	1378	386	840	626	117	286	75	399	265	219	42	30	28	24	187	143	123	49	42	9	19	47	103	74	105	9	21	15	17	28	77	8	66	16	15	17	5	33	28	27	11	20	24	5	9	3	31	12	12	2	37	3	10	7	6	2	34	2	25	0	5	1	1	19	2	11	17	8	1	7	17	3	2	12	8	0	4	14	3	8	0	1	1	1	1	1	0	4	0	12	6	0	0	0	0	0	0	9	0	2	0	2	0	0	0	4	0	0	1	0	0	6	0	4	0	0	0	0	0	1	0	0	0	0	0	1	0	0	0	0	0	2	0	0	0	0	0	0	0	0	0	0	0	0	1	0	0	0	0	0	0	0	0	0	0	1	0	0	0	0	0	0	0	0	0	0	0	0	0	0	0	0	0	0	0	0	0	0	0	0	0	0	0	0	0	0	0	0	0	0	0	0	0	0	0	0
0.03	north8_active	80	1336	2073	1264	320	801	591	81	250	46	393	257	205	27	17	18	11	181	131	111	30	35	4	9	31	102	71	104	6	18	10	15	26	77	2	64	15	11	14	3	32	26	24	11	18	23	5	5	1	31	12	12	2	37	3	4	5	6	2	34	2	25	0	2	1	1	18	0	11	17	8	0	6	17	2	2	12	8	0	4	14	2	8	0	1	1	0	0	1	0	4	0	11	6	0	0	0	0	0	0	9	0	0	0	2	0	0	0	3	0	0	1	0	0	6	0	4	0	0	0	0	0	1	0	0	0	0	0	0	0	0	0	0	0	2	0	0	0	0	0	0	0	0	0	0	0	0	1	0	0	0	0	0	0	0	0	0	0	1	0	0	0	0	0	0	0	0	0	0	0	0	0	0	0	0	0	0	0	0	0	0	0	0	0	0	0	0	0	0	0	0	0	0	0	0	0	0	0	0
0.03	north9_all	80	1509	2107	1234	302	678	465	88	270	62	473	315	173	30	25	19	26	190	192	63	47	30	11	6	19	90	65	76	5	55	18	18	23	52	9	44	34	18	9	10	32	35	13	22	4	28	13	2	2	20	15	36	14	18	5	6	15	18	1	20	3	6	0	8	0	1	2	1	13	11	12	3	12	10	4	0	12	1	11	2	0	1	13	3	0	0	1	2	1	2	14	4	0	9	0	1	1	0	1	0	0	2	0	1	3	0	1	0	0	1	1	0	0	0	0	0	0	0	2	0	0	0	0	0	4	0	0	0	0	0	0	2	0	0	4	0	0	0	0	0	0	0	0	0	0	0	0	0	0	0	0	0	0	0	0	0	0	0	0	0	0	0	0	0	0	0	0	0	0	0	7	0	0	1	0	0	0	0	0	0	0	0	0	0	4	0	0	0	0	0	0	0	0	0	0	0	0	0	0
0.03	north9_active	80	1173	2015	1141	234	640	427	58	245	44	454	306	158	23	6	7	18	187	192	55	35	20	5	2	12	86	62	72	4	32	9	16	22	50	3	44	27	14	7	9	30	34	11	22	3	28	11	1	1	18	14	35	14	18	5	6	13	18	1	20	2	6	0	8	0	0	1	0	13	11	11	0	12	9	3	0	12	1	11	2	0	0	13	2	0	0	0	2	1	2	14	4	0	9	0	1	1	0	0	0	0	2	0	1	3	0	1	0	0	1	1	0	0	0	0	0	0	0	2	0	0	0	0	0	4	0	0	0	0	0	0	2	0	0	0	0	0	0	0	0	0	0	0	0	0	0	0	0	0	0	0	0	0	0	0	0	0	0	0	0	0	0	0	0	0	0	0	0	0	0	7	0	0	1	0	0	0	0	0	0	0	0	0	0	4	0	0	0	0	0	0	0	0	0	0	0	0	0	0
0.03	north10_all	80	1481	2489	1370	376	708	489	125	262	46	392	298	245	41	26	35	25	126	93	61	40	26	12	7	37	97	41	87	7	26	15	12	14	77	6	22	39	7	19	8	59	120	43	16	19	21	9	6	5	11	4	22	1	38	3	18	13	10	10	14	2	14	1	2	4	2	34	1	4	13	0	4	10	8	1	1	13	1	10	7	1	1	2	0	0	0	0	0	0	0	12	0	16	0	1	0	1	1	0	1	0	6	1	1	0	0	0	0	1	0	7	4	0	0	0	0	0	0	0	0	0	0	0	0	0	0	0	0	0	0	0	0	0	1	0	0	0	0	0	0	1	0	0	0	0	0	0	2	0	0	0	0	0	0	0	0	4	0	0	0	0	0	1	0	0	0	0	0	0	0	0	0	0	0	0	0	0	0	0	0	0	0	0	0	0	0	0	0	0	0	0	0	0	0	0	0	0	0	0
0.03	north10_active	80	1186	2389	1285	290	684	428	72	234	21	380	285	210	25	16	13	16	122	88	44	32	23	3	3	33	94	40	85	4	21	13	7	6	77	3	22	37	7	17	4	57	120	41	16	19	21	7	4	2	10	1	22	1	37	1	16	13	10	10	13	2	13	0	2	4	2	32	0	4	12	0	4	10	7	1	1	13	1	10	7	1	1	2	0	0	0	0	0	0	0	12	0	16	0	1	0	0	0	0	1	0	5	0	0	0	0	0	0	1	0	7	4	0	0	0	0	0	0	0	0	0	0	0	0	0	0	0	0	0	0	0	0	0	1	0	0	0	0	0	0	1	0	0	0	0	0	0	2	0	0	0	0	0	0	0	0	4	0	0	0	0	0	0	0	0	0	0	0	0	0	0	0	0	0	0	0	0	0	0	0	0	0	0	0	0	0	0	0	0	0	0	0	0	0	0	0	0	0	0
0.03	north11_all	80	3082	1888	1347	761	712	365	184	457	106	282	379	282	62	39	46	51	184	90	133	98	87	27	17	107	93	36	75	9	60	32	47	56	29	5	51	45	11	20	11	77	38	29	82	17	33	5	5	7	20	25	27	25	18	9	5	12	18	19	5	2	20	6	3	5	2	5	3	5	0	11	4	1	4	5	0	7	0	14	3	7	1	1	1	7	20	4	0	0	2	0	0	6	0	0	0	1	1	0	0	7	2	1	11	0	1	0	1	0	0	0	0	0	0	2	5	0	0	3	1	2	0	0	0	0	0	0	0	0	0	3	1	0	0	0	0	0	0	0	0	0	0	0	0	0	0	0	0	0	0	0	0	0	0	0	0	0	0	0	0	0	0	0	0	0	0	0	0	0	0	0	0	1	0	0	0	0	0	0	0	0	0	0	0	0	0	0	0	0	0	0	0	0	0	0	0	0	0	0
0.03	north11_active	80	2779	1783	1297	685	657	321	144	433	68	270	366	272	43	30	29	33	174	87	129	76	71	14	8	99	88	33	70	8	56	26	40	55	29	4	48	43	8	19	10	77	38	26	78	17	32	4	2	5	20	7	20	25	17	8	5	12	18	19	5	1	20	4	1	2	2	5	3	5	0	11	3	1	4	4	0	6	0	14	3	7	1	1	0	7	13	3	0	0	2	0	0	6	0	0	0	1	1	0	0	7	2	1	11	0	1	0	0	0	0	0	0	0	0	2	5	0	0	3	1	0	0	0	0	0	0	0	0	0	0	3	1	0	0	0	0	0	0	0	0	0	0	0	0	0	0	0	0	0	0	0	0	0	0	0	0	0	0	0	0	0	0	0	0	0	0	0	0	0	0	0	0	1	0	0	0	0	0	0	0	0	0	0	0	0	0	0	0	0	0	0	0	0	0	0	0	0	0	0
0.03	north12_all	80	2228	1973	1146	570	650	530	123	390	68	326	262	219	57	38	38	42	194	180	101	30	65	18	19	34	108	84	84	14	30	20	10	38	62	7	66	21	7	9	12	20	16	21	24	19	23	7	1	1	20	5	12	10	18	2	7	6	19	6	5	1	12	0	7	2	2	13	2	4	2	10	9	8	18	4	8	11	1	2	0	19	0	18	11	8	0	0	0	0	1	0	9	0	2	0	3	4	0	0	1	0	2	1	0	2	1	0	0	0	1	0	0	0	0	0	0	0	1	0	0	0	0	0	0	1	0	0	0	0	1	0	0	0	0	0	0	0	1	1	0	1	0	0	0	0	0	0	0	0	0	0	0	0	0	0	0	0	0	0	0	0	0	0	0	0	0	0	0	0	0	0	0	0	2	0	0	0	0	0	0	0	0	0	0	0	0	0	0	0	0	0	0	0	0	0	0	0	0	0
0.03	north12_active	80	1945	1865	1063	516	616	471	88	339	46	313	254	203	41	20	19	23	178	175	87	30	52	14	7	29	106	83	80	9	24	19	9	38	61	5	61	17	7	7	6	14	15	20	22	19	23	4	0	1	20	4	11	10	18	2	5	5	19	6	5	1	12	0	5	1	0	13	2	4	2	10	8	8	18	0	8	11	1	2	0	19	0	18	11	8	0	0	0	0	1	0	9	0	2	0	2	4	0	0	1	0	2	1	0	2	1	0	0	0	0	0	0	0	0	0	0	0	1	0	0	0	0	0	0	1	0	0	0	0	1	0	0	0	0	0	0	0	1	0	0	0	0	0	0	0	0	0	0	0	0	0	0	0	0	0	0	0	0	0	0	0	0	0	0	0	0	0	0	0	0	0	0	0	2	0	0	0	0	0	0	0	0	0	0	0	0	0	0	0	0	0	0	0	0	0	0	0	0	0
0.03	north13_all	80	1480	2059	1112	286	700	653	90	279	40	329	253	210	54	23	21	17	147	179	71	34	26	17	15	32	102	62	78	9	36	13	8	9	110	4	54	18	6	13	3	22	28	38	15	19	43	13	4	3	35	10	37	25	40	8	15	11	19	1	28	0	9	3	3	3	3	20	3	13	8	4	4	6	4	6	10	0	2	10	1	0	11	4	0	0	3	0	3	2	1	4	0	3	0	0	9	0	3	0	3	6	4	0	0	0	0	0	0	0	0	0	0	0	0	0	0	0	1	0	0	0	0	4	0	0	0	0	0	0	0	0	0	0	0	0	0	1	9	0	0	0	0	0	0	0	0	1	0	0	0	0	0	0	0	0	0	0	0	0	0	5	0	0	0	0	0	0	0	0	0	0	0	0	0	0	0	0	0	0	0	0	0	0	0	0	0	0	0	0	0	0	0	0	0	0	0	0	0	0
0.03	north13_active	80	1159	1980	1034	217	655	609	49	233	20	323	244	195	31	10	13	6	137	171	70	19	18	6	8	26	100	62	77	3	26	8	5	8	108	1	53	17	3	10	2	22	28	37	14	18	42	13	1	2	35	10	37	25	39	7	15	10	19	1	27	0	9	3	3	3	1	19	3	13	8	4	4	6	4	6	8	0	2	7	1	0	10	3	0	0	3	0	3	2	1	4	0	3	0	0	9	0	1	0	3	6	4	0	0	0	0	0	0	0	0	0	0	0	0	0	0	0	0	0	0	0	0	4	0	0	0	0	0	0	0	0	0	0	0	0	0	1	9	0	0	0	0	0	0	0	0	1	0	0	0	0	0	0	0	0	0	0	0	0	0	5	0	0	0	0	0	0	0	0	0	0	0	0	0	0	0	0	0	0	0	0	0	0	0	0	0	0	0	0	0	0	0	0	0	0	0	0	0	0
0.03	north14_all	80	1250	1946	1198	295	663	659	87	161	58	383	337	135	31	23	18	23	175	177	74	45	36	22	16	40	103	67	49	5	32	10	10	17	61	10	56	19	9	15	3	42	41	59	23	9	28	6	4	1	35	3	5	12	37	2	19	0	7	12	12	2	13	0	3	4	1	6	0	5	3	4	5	10	8	1	9	3	1	8	3	0	25	3	0	0	1	0	1	1	0	12	3	6	0	0	4	8	0	1	4	0	6	1	0	0	0	0	0	0	1	0	0	2	0	1	0	0	0	0	0	0	1	0	0	0	0	0	0	2	0	0	0	1	0	0	0	0	0	0	0	1	0	0	0	0	0	0	0	0	0	0	0	5	0	1	1	0	0	0	0	0	0	0	0	9	0	0	0	0	0	0	0	0	0	8	0	0	0	0	0	0	0	0	0	0	0	0	0	0	0	0	0	0	0	0	0	0	0	0
0.03	north14_active	80	966	1848	1061	233	629	632	57	143	28	373	327	112	14	7	8	10	156	172	67	37	28	12	5	28	102	65	48	3	26	7	5	13	58	4	52	17	7	8	2	42	37	59	23	8	27	5	3	1	32	2	5	10	37	2	19	0	6	10	12	2	13	0	1	0	0	5	0	5	3	4	5	10	7	0	9	3	1	8	2	0	24	3	0	0	1	0	0	1	0	12	3	6	0	0	4	8	0	0	4	0	6	0	0	0	0	0	0	0	1	0	0	2	0	1	0	0	0	0	0	0	1	0	0	0	0	0	0	0	0	0	0	1	0	0	0	0	0	0	0	0	0	0	0	0	0	0	0	0	0	0	0	5	0	0	1	0	0	0	0	0	0	0	0	9	0	0	0	0	0	0	0	0	0	8	0	0	0	0	0	0	0	0	0	0	0	0	0	0	0	0	0	0	0	0	0	0	0	0
0.03	north15_all	80	1282	2022	952	305	672	506	77	195	59	384	349	162	36	21	23	25	212	200	66	27	31	16	9	33	100	96	114	13	26	12	12	17	53	12	34	10	8	10	10	38	26	18	9	12	22	11	2	1	36	11	38	8	6	12	6	14	1	5	10	1	3	0	1	3	1	41	1	4	15	0	5	3	3	2	1	8	2	3	7	8	4	31	0	0	1	0	0	0	0	6	1	0	6	0	0	4	1	0	1	5	4	0	0	1	0	1	0	4	0	5	0	0	6	0	1	2	0	0	0	0	0	0	0	2	0	0	1	0	0	0	0	0	0	0	1	0	0	0	0	0	0	4	0	0	0	0	0	0	1	0	0	0	0	0	0	0	0	0	0	0	0	0	0	0	0	0	0	0	0	0	0	0	0	0	0	0	0	0	0	0	0	0	0	0	0	0	0	0	0	0	0	0	0	0	0	2	0	0
0.03	north15_active	80	941	1896	856	252	635	478	49	160	33	369	345	138	19	8	9	10	207	198	58	25	20	9	7	21	98	90	110	8	20	5	8	14	52	8	34	10	7	7	2	38	26	16	8	9	20	8	1	0	35	9	38	8	6	8	3	13	0	4	10	0	3	0	0	2	0	41	1	4	15	0	5	2	3	1	1	8	0	2	7	8	4	31	0	0	0	0	0	0	0	5	0	0	0	0	0	4	0	0	1	5	4	0	0	1	0	1	0	4	0	5	0	0	6	0	0	2	0	0	0	0	0	0	0	2	0	0	0	0	0	0	0	0	0	0	0	0	0	0	0	0	0	4	0	0	0	0	0	0	1	0	0	0	0	0	0	0	0	0	0	0	0	0	0	0	0	0	0	0	0	0	0	0	0	0	0	0	0	0	0	0	0	0	0	0	0	0	0	0	0	0	0	0	0	0	0	2	0	0
0.03	north16_all	80	1190	2000	1129	323	574	538	68	189	37	405	356	159	33	23	15	19	230	156	46	16	22	19	11	31	121	36	93	9	32	10	12	24	70	7	45	28	9	7	8	57	17	24	18	41	37	5	3	1	4	7	17	3	20	7	2	5	12	0	4	0	4	1	7	1	2	10	1	7	2	5	6	8	5	1	2	8	4	9	3	1	5	2	1	0	0	0	2	13	0	4	8	6	2	4	10	9	1	0	3	0	0	0	0	0	0	0	0	2	0	1	0	0	0	1	0	0	0	0	0	0	1	0	0	0	0	0	0	0	0	0	0	3	0	0	0	0	0	0	0	0	0	0	0	0	0	0	1	0	0	0	0	0	0	1	0	0	0	0	0	0	0	0	0	0	0	0	0	0	0	0	0	0	0	0	0	0	0	0	0	0	0	0	0	0	0	0	0	0	0	0	0	1	0	9	0	0	0	0
0.03	north16_active	80	876	1884	1004	211	517	509	42	147	20	393	345	137	16	10	7	14	224	148	39	12	13	11	5	28	119	34	90	6	27	7	7	12	67	5	44	23	8	6	5	55	17	23	16	40	37	4	1	0	3	6	17	3	20	7	2	4	6	0	3	0	3	0	4	0	0	9	0	7	1	5	5	8	5	1	2	8	3	9	3	1	5	2	0	0	0	0	2	7	0	4	8	5	2	4	10	9	1	0	3	0	0	0	0	0	0	0	0	1	0	1	0	0	0	1	0	0	0	0	0	0	1	0	0	0	0	0	0	0	0	0	0	3	0	0	0	0	0	0	0	0	0	0	0	0	0	0	1	0	0	0	0	0	0	0	0	0	0	0	0	0	0	0	0	0	0	0	0	0	0	0	0	0	0	0	0	0	0	0	0	0	0	0	0	0	0	0	0	0	0	0	0	1	0	9	0	0	0	0
0.03	north17_all	80	1143	1771	1020	262	551	604	74	237	45	553	307	165	31	27	26	14	126	172	90	30	20	15	9	22	81	70	35	6	37	9	15	19	33	6	69	5	13	5	6	48	46	33	19	20	20	7	3	2	26	1	38	4	22	8	4	9	7	11	6	0	2	4	1	1	1	4	0	5	4	3	23	1	2	1	4	1	2	4	7	0	6	0	0	1	2	0	2	0	2	1	1	2	0	3	0	0	0	0	0	0	0	2	1	2	2	0	0	0	2	0	1	0	0	10	0	2	3	0	0	0	0	1	0	0	1	0	0	0	0	0	0	0	0	0	0	0	0	0	0	1	0	0	0	0	0	0	0	0	0	0	0	0	0	0	0	0	0	0	0	0	0	0	0	0	0	0	0	0	0	0	0	0	0	0	0	0	0	0	0	0	0	0	0	0	0	0	0	0	0	0	0	0	0	0	0	0	0	0
0.03	north17_active	80	840	1669	913	181	501	574	35	196	19	517	288	138	13	14	15	8	121	163	82	23	15	5	1	10	80	67	34	2	36	5	12	10	33	2	67	5	4	5	5	48	44	32	17	19	20	6	2	1	24	0	38	4	19	5	4	9	7	11	4	0	1	1	1	0	1	4	0	5	3	3	23	1	1	1	4	1	2	4	7	0	5	0	0	0	2	0	0	0	2	1	0	2	0	3	0	0	0	0	0	0	0	2	1	1	2	0	0	0	2	0	0	0	0	10	0	0	3	0	0	0	0	1	0	0	1	0	0	0	0	0	0	0	0	0	0	0	0	0	0	1	0	0	0	0	0	0	0	0	0	0	0	0	0	0	0	0	0	0	0	0	0	0	0	0	0	0	0	0	0	0	0	0	0	0	0	0	0	0	0	0	0	0	0	0	0	0	0	0	0	0	0	0	0	0	0	0	0	0
0.03	north18_all	80	1205	1853	976	261	506	585	74	268	51	376	292	135	38	22	23	21	172	225	48	20	42	14	18	23	151	90	86	9	17	19	12	23	76	5	47	22	6	9	8	47	67	26	22	11	46	5	4	5	26	7	19	2	11	0	8	5	5	4	1	3	20	7	0	0	1	0	1	4	11	17	13	4	13	6	0	6	2	14	1	3	0	12	1	0	3	0	0	0	0	2	10	1	0	0	2	1	3	0	1	0	1	0	0	6	0	2	0	0	0	0	0	0	0	33	0	1	1	7	2	0	3	0	0	1	0	0	0	0	3	0	1	0	0	0	0	1	0	0	0	0	0	0	0	0	0	0	0	0	0	0	0	0	0	0	0	0	0	0	0	0	0	0	0	1	0	0	0	0	0	0	0	0	0	0	0	0	0	0	0	2	0	0	0	0	0	0	0	0	0	0	0	0	0	0	0	0	0	0
0.03	north18_active	80	889	1718	842	198	446	566	37	227	20	366	284	114	16	10	11	13	169	220	36	17	34	8	12	14	150	88	85	5	11	17	9	14	76	1	46	18	5	9	5	47	67	26	21	10	46	3	3	2	26	7	19	2	11	0	8	5	3	0	1	1	19	7	0	0	1	0	1	4	11	17	13	4	13	4	0	6	2	14	0	3	0	12	0	0	3	0	0	0	0	0	10	1	0	0	2	0	3	0	0	0	1	0	0	6	0	2	0	0	0	0	0	0	0	33	0	1	0	7	0	0	3	0	0	0	0	0	0	0	3	0	0	0	0	0	0	1	0	0	0	0	0	0	0	0	0	0	0	0	0	0	0	0	0	0	0	0	0	0	0	0	0	0	0	1	0	0	0	0	0	0	0	0	0	0	0	0	0	0	0	2	0	0	0	0	0	0	0	0	0	0	0	0	0	0	0	0	0	0
0.03	north19_all	80	1400	1968	976	313	620	582	80	255	53	233	307	167	29	23	27	35	147	166	65	37	39	9	9	27	107	60	125	3	27	8	18	14	37	5	21	26	7	12	8	37	27	20	9	7	33	3	6	3	25	6	17	10	13	1	25	12	14	0	9	1	9	4	1	2	6	1	3	1	3	1	6	4	5	0	5	8	2	13	3	8	28	1	1	1	0	0	0	1	0	1	2	16	18	2	0	0	0	0	2	5	1	0	0	0	0	0	0	2	0	0	0	0	0	0	1	0	0	1	0	0	0	0	0	0	0	8	0	0	0	0	0	0	5	1	0	0	0	0	0	0	0	0	0	0	0	1	0	0	0	2	0	0	0	1	0	0	0	0	0	0	0	0	0	0	1	0	0	0	0	0	0	0	0	0	0	0	0	0	0	0	0	0	0	0	0	0	0	0	0	0	0	0	6	0	0	0	0	0
0.03	north19_active	80	1089	1827	900	245	570	554	50	216	31	220	301	141	19	9	18	17	139	161	62	26	25	4	3	18	102	56	123	2	19	6	14	14	35	2	17	24	5	9	6	37	25	18	9	7	31	3	3	3	25	6	16	10	13	1	25	10	13	0	8	1	8	2	0	2	4	1	2	1	2	1	6	4	5	0	5	8	2	13	3	8	28	1	1	1	0	0	0	0	0	1	0	16	18	2	0	0	0	0	2	5	0	0	0	0	0	0	0	2	0	0	0	0	0	0	1	0	0	1	0	0	0	0	0	0	0	8	0	0	0	0	0	0	5	0	0	0	0	0	0	0	0	0	0	0	0	1	0	0	0	2	0	0	0	1	0	0	0	0	0	0	0	0	0	0	1	0	0	0	0	0	0	0	0	0	0	0	0	0	0	0	0	0	0	0	0	0	0	0	0	0	0	0	6	0	0	0	0	0
0.03	north20_all	80	1424	2077	1123	333	678	568	65	203	51	383	326	175	41	32	32	24	146	108	79	37	46	13	15	31	81	93	107	5	24	15	19	12	105	10	50	24	12	16	4	90	19	29	28	29	28	5	1	5	10	12	42	23	22	4	17	13	20	3	4	3	13	3	3	2	1	14	0	4	5	27	6	9	12	0	3	13	0	1	10	8	5	8	0	2	0	0	1	0	0	8	0	20	1	10	4	0	0	2	4	9	0	0	0	1	0	0	0	0	0	0	1	0	0	2	0	0	2	0	0	0	0	0	0	5	0	1	0	0	0	0	0	0	0	0	3	0	0	1	0	0	0	0	0	0	0	0	0	0	0	0	0	0	0	0	0	0	1	0	0	0	0	1	0	0	0	0	0	0	0	0	0	0	0	0	0	0	0	0	0	0	0	0	0	0	0	0	0	0	0	0	0	0	0	0	0	0	0	0
0.03	north20_active	80	1077	1957	1035	252	626	520	40	177	30	368	315	156	21	14	7	9	142	104	72	32	40	5	10	25	80	75	105	1	18	13	11	4	101	4	48	21	6	15	1	88	18	28	20	29	28	5	0	3	10	8	40	23	22	2	15	13	18	0	3	0	12	2	2	2	0	14	0	4	5	27	6	9	12	0	3	13	0	0	9	8	5	8	0	2	0	0	0	0	0	8	0	12	1	10	4	0	0	2	4	9	0	0	0	1	0	0	0	0	0	0	1	0	0	2	0	0	2	0	0	0	0	0	0	5	0	1	0	0	0	0	0	0	0	0	3	0	0	0	0	0	0	0	0	0	0	0	0	0	0	0	0	0	0	0	0	0	1	0	0	0	0	1	0	0	0	0	0	0	0	0	0	0	0	0	0	0	0	0	0	0	0	0	0	0	0	0	0	0	0	0	0	0	0	0	0	0	0	0
0.03	south21_all	80	1802	2496	1439	421	869	472	77	302	66	353	267	227	41	31	32	29	140	126	80	37	41	8	13	37	90	80	74	8	30	19	9	28	51	5	35	14	6	11	14	40	14	11	5	22	40	7	2	2	11	8	47	8	13	1	22	2	10	3	4	1	12	6	5	0	1	12	5	5	3	3	2	0	9	0	1	9	6	6	3	11	3	0	0	2	0	0	0	0	1	0	10	0	0	1	2	1	0	0	3	0	2	0	0	1	2	0	0	0	0	2	0	0	1	0	15	0	0	0	0	0	6	1	0	0	0	0	0	0	0	0	0	0	0	6	0	0	0	0	0	0	0	0	0	1	0	0	0	0	6	0	0	0	0	0	0	0	0	0	0	0	0	0	0	0	0	0	0	0	0	0	0	0	0	0	0	0	7	0	0	0	0	0	0	0	0	0	0	0	0	0	0	0	0	0	1	0	0	0
0.03	south21_active	80	1462	2433	1356	353	840	434	43	254	45	345	254	218	23	14	20	24	128	122	71	34	32	4	8	27	85	73	72	6	26	11	5	24	51	1	34	14	6	9	14	40	13	11	2	22	37	3	0	0	8	5	46	6	10	1	21	1	9	3	4	1	9	5	5	0	1	12	4	5	2	3	1	0	7	0	1	9	6	6	3	10	3	0	0	2	0	0	0	0	1	0	10	0	0	1	1	1	0	0	3	0	2	0	0	1	2	0	0	0	0	1	0	0	1	0	14	0	0	0	0	0	6	1	0	0	0	0	0	0	0	0	0	0	0	6	0	0	0	0	0	0	0	0	0	1	0	0	0	0	6	0	0	0	0	0	0	0	0	0	0	0	0	0	0	0	0	0	0	0	0	0	0	0	0	0	0	0	7	0	0	0	0	0	0	0	0	0	0	0	0	0	0	0	0	0	1	0	0	0
0.03	south22_all	80	1675	2538	1295	383	783	495	99	308	49	344	379	264	46	30	29	31	140	162	100	29	29	12	8	26	120	52	102	12	24	25	19	16	59	8	34	21	9	17	3	52	25	22	7	24	8	24	5	5	13	10	49	14	9	10	23	47	14	8	14	1	9	1	3	2	1	14	1	6	4	1	2	3	4	5	11	3	16	0	16	3	0	1	2	0	0	2	7	4	1	10	9	0	10	0	0	0	3	0	1	1	1	0	2	5	0	0	0	0	0	2	0	1	0	0	1	0	0	1	0	0	0	0	1	3	0	0	0	0	0	0	0	0	2	1	0	0	5	0	0	1	0	5	0	0	0	0	2	0	0	7	0	1	0	0	0	0	0	0	0	0	0	0	0	0	0	0	0	0	0	0	0	0	0	0	1	0	1	0	0	8	0	0	0	0	0	0	0	0	0	0	0	0	0	0	0	0	0	0
0.03	south22_active	80	1387	2454	1244	318	759	453	60	284	27	331	357	247	30	19	20	13	133	161	94	27	21	5	3	21	120	45	99	3	22	19	18	15	53	5	33	12	6	16	3	52	24	22	6	20	7	22	3	2	11	6	47	14	9	9	23	47	13	7	14	1	8	0	2	2	1	14	1	5	4	1	2	3	2	5	10	2	16	0	15	3	0	1	1	0	0	2	7	4	1	9	9	0	10	0	0	0	3	0	1	1	0	0	2	5	0	0	0	0	0	1	0	0	0	0	1	0	0	1	0	0	0	0	1	3	0	0	0	0	0	0	0	0	2	1	0	0	5	0	0	1	0	5	0	0	0	0	0	0	0	7	0	0	0	0	0	0	0	0	0	0	0	0	0	0	0	0	0	0	0	0	0	0	0	0	1	0	0	0	0	8	0	0	0	0	0	0	0	0	0	0	0	0	0	0	0	0	0	0
0.03	south23_all	80	1636	2377	1204	364	681	614	104	229	62	309	359	215	31	27	17	23	91	187	96	44	39	19	19	46	59	85	82	9	37	12	20	20	62	7	8	25	9	12	11	39	47	13	16	26	34	6	2	1	26	6	43	9	1	1	12	14	8	15	7	3	8	6	8	0	1	5	0	3	17	17	10	3	5	6	13	2	0	1	3	3	6	3	0	0	2	0	0	0	0	15	0	2	11	0	2	21	0	0	3	0	1	1	0	5	2	0	0	0	0	0	1	0	2	0	10	0	0	0	0	1	0	0	0	0	0	1	1	0	0	0	0	0	0	0	0	0	0	0	1	0	0	0	0	0	1	0	0	0	0	0	0	0	0	2	0	0	0	0	0	0	0	0	0	0	0	0	0	0	0	0	0	0	0	0	0	0	0	0	0	0	0	0	0	0	0	0	0	0	0	0	0	0	0	0	0	0	0	0
0.03	south23_active	80	1300	2316	1113	307	653	559	63	192	36	290	334	200	23	11	5	15	91	176	87	33	36	6	13	40	58	82	81	5	31	6	18	17	59	4	8	19	4	11	5	37	46	12	13	26	34	6	1	1	23	6	41	9	1	1	9	14	7	14	7	3	8	2	6	0	0	5	0	3	15	17	10	3	5	6	12	2	0	1	3	2	6	3	0	0	2	0	0	0	0	15	0	2	11	0	2	21	0	0	3	0	1	1	0	5	1	0	0	0	0	0	1	0	2	0	10	0	0	0	0	1	0	0	0	0	0	0	0	0	0	0	0	0	0	0	0	0	0	0	0	0	0	0	0	0	0	0	0	0	0	0	0	0	0	2	0	0	0	0	0	0	0	0	0	0	0	0	0	0	0	0	0	0	0	0	0	0	0	0	0	0	0	0	0	0	0	0	0	0	0	0	0	0	0	0	0	0	0	0
0.03	south24_all	80	1628	2695	1534	392	680	544	76	241	70	388	316	279	44	24	23	23	171	176	107	48	28	19	18	30	86	77	71	9	44	18	12	37	38	7	53	15	11	18	6	48	29	52	22	25	33	9	3	3	8	1	7	0	12	8	3	3	5	7	4	1	7	2	0	2	3	7	2	8	12	13	3	4	1	6	15	4	5	1	3	0	9	2	1	0	0	0	0	2	0	1	0	1	2	1	5	5	0	2	0	6	0	1	3	1	0	0	0	0	0	6	5	0	0	0	0	0	0	0	0	0	1	4	0	0	0	1	0	0	0	0	0	0	0	0	0	0	0	0	0	0	0	0	0	0	0	0	0	1	0	0	0	0	0	0	0	0	0	0	0	2	0	0	0	0	0	0	0	0	0	6	0	0	0	0	0	0	0	0	9	0	0	0	0	0	0	0	0	0	0	0	0	0	0	0	0	0	0	0
0.03	south24_active	80	1297	2624	1433	312	657	499	56	217	51	381	308	259	29	7	11	16	165	172	101	44	22	7	6	21	84	75	69	3	32	12	12	28	36	6	49	15	11	14	4	47	28	51	19	25	33	7	2	2	7	0	7	0	12	7	1	3	5	1	3	1	6	1	0	1	1	7	1	8	12	13	3	4	1	2	15	4	4	1	3	0	9	2	1	0	0	0	0	2	0	1	0	1	1	1	5	5	0	0	0	6	0	0	3	1	0	0	0	0	0	6	5	0	0	0	0	0	0	0	0	0	0	4	0	0	0	1	0	0	0	0	0	0	0	0	0	0	0	0	0	0	0	0	0	0	0	0	0	1	0	0	0	0	0	0	0	0	0	0	0	2	0	0	0	0	0	0	0	0	0	6	0	0	0	0	0	0	0	0	9	0	0	0	0	0	0	0	0	0	0	0	0	0	0	0	0	0	0	0
0.03	south25_all	80	1721	2628	1434	435	729	517	78	249	58	322	340	233	43	14	29	27	117	145	98	36	37	16	15	62	98	60	57	6	34	11	20	28	54	6	32	14	5	14	2	26	40	24	10	46	14	11	9	1	31	5	49	20	10	2	9	19	5	2	6	3	7	4	3	1	0	15	0	11	6	6	0	3	19	12	1	11	21	6	2	7	4	6	3	2	0	0	3	2	4	0	3	0	2	0	0	1	1	0	0	5	6	2	0	0	0	5	1	0	0	0	0	0	0	0	1	0	0	11	0	0	0	0	0	0	0	0	1	0	0	0	0	0	0	0	0	0	0	0	0	0	0	0	0	0	0	0	0	0	0	0	0	0	0	0	0	0	0	0	0	0	0	0	0	0	0	0	0	0	0	1	0	0	0	0	0	0	0	1	0	0	0	0	0	0	0	0	0	0	0	0	0	0	0	0	0	0	0	0
0.03	south25_active	80	1410	2536	1346	352	693	460	53	226	37	314	319	223	22	6	19	17	111	133	84	23	33	8	7	44	95	57	57	2	31	7	11	21	54	3	30	12	1	13	2	24	39	22	7	46	12	11	5	1	30	4	45	19	10	2	9	19	5	2	6	1	7	2	1	1	0	15	0	10	6	5	0	3	19	11	1	11	21	6	2	7	4	6	3	0	0	0	3	2	2	0	3	0	2	0	0	1	0	0	0	5	6	0	0	0	0	5	1	0	0	0	0	0	0	0	1	0	0	11	0	0	0	0	0	0	0	0	0	0	0	0	0	0	0	0	0	0	0	0	0	0	0	0	0	0	0	0	0	0	0	0	0	0	0	0	0	0	0	0	0	0	0	0	0	0	0	0	0	0	0	0	0	0	0	0	0	0	0	1	0	0	0	0	0	0	0	0	0	0	0	0	0	0	0	0	0	0	0	0
0.03	south26_all	80	1612	2485	1252	434	695	510	105	327	63	287	247	215	30	18	26	38	135	175	92	38	46	8	12	37	37	91	69	6	44	14	14	19	63	3	68	35	5	17	7	15	10	23	34	26	48	6	2	5	36	15	10	2	39	3	9	8	7	6	9	1	9	3	3	0	1	21	2	6	7	12	5	4	16	0	3	9	1	2	1	5	10	1	0	5	2	1	0	2	2	1	5	0	0	1	10	0	0	0	0	0	15	0	0	0	2	0	0	0	0	2	0	0	0	2	0	0	2	0	0	2	0	0	0	2	0	0	0	0	0	0	0	2	0	0	0	1	0	0	0	0	0	0	0	0	0	0	0	2	0	0	0	0	0	0	0	0	0	0	0	0	0	0	0	0	0	0	0	0	0	0	0	0	0	0	0	0	0	0	0	0	0	0	0	0	0	0	0	0	0	0	0	0	0	0	0	0	0	0
0.03	south26_active	80	1228	2414	1200	350	657	446	68	302	39	282	236	196	17	10	14	23	132	162	81	17	29	2	10	29	34	89	68	4	39	8	8	18	56	1	59	28	4	15	4	15	10	21	28	24	47	6	0	3	36	13	10	2	39	2	9	8	7	4	9	0	8	2	1	0	0	21	0	6	5	12	5	4	15	0	3	9	1	2	1	5	10	1	0	0	2	1	0	2	2	0	5	0	0	1	10	0	0	0	0	0	15	0	0	0	1	0	0	0	0	2	0	0	0	2	0	0	2	0	0	0	0	0	0	2	0	0	0	0	0	0	0	2	0	0	0	0	0	0	0	0	0	0	0	0	0	0	0	2	0	0	0	0	0	0	0	0	0	0	0	0	0	0	0	0	0	0	0	0	0	0	0	0	0	0	0	0	0	0	0	0	0	0	0	0	0	0	0	0	0	0	0	0	0	0	0	0	0	0
0.03	south27_all	80	1556	2309	1253	386	856	553	105	308	57	364	305	222	41	29	19	18	112	170	95	47	64	10	14	45	68	54	84	7	21	6	14	14	49	11	77	23	12	15	9	27	49	23	34	26	22	10	1	2	13	2	12	19	13	8	6	22	8	8	31	2	15	0	4	2	1	8	3	2	4	4	9	20	10	3	9	4	0	19	0	0	0	2	0	2	2	0	0	17	1	4	0	3	3	1	3	0	3	0	0	0	2	1	1	0	1	2	0	0	1	5	0	0	0	0	0	1	0	0	1	1	0	0	0	2	0	0	1	1	0	0	0	0	0	1	0	0	0	0	0	0	0	0	3	0	0	0	1	0	0	0	1	0	0	0	0	2	0	0	0	0	0	0	0	0	0	0	0	0	0	0	0	0	0	0	0	0	0	0	0	0	0	0	0	0	0	0	0	0	0	0	0	0	0	0	0	0	0	0
0.03	south27_active	80	1254	2235	1162	303	806	487	65	260	30	359	293	205	27	16	15	12	99	164	88	33	56	4	8	35	67	52	84	3	17	5	9	9	47	7	74	19	10	14	7	27	43	23	32	26	22	8	0	2	13	1	12	19	13	7	6	19	8	7	30	1	15	0	3	1	0	8	3	2	3	4	9	20	10	2	8	4	0	19	0	0	0	2	0	2	1	0	0	17	1	4	0	3	2	1	3	0	2	0	0	0	2	1	1	0	0	0	0	0	1	5	0	0	0	0	0	1	0	0	1	0	0	0	0	2	0	0	0	0	0	0	0	0	0	1	0	0	0	0	0	0	0	0	3	0	0	0	1	0	0	0	1	0	0	0	0	2	0	0	0	0	0	0	0	0	0	0	0	0	0	0	0	0	0	0	0	0	0	0	0	0	0	0	0	0	0	0	0	0	0	0	0	0	0	0	0	0	0	0
0.03	south28_all	80	1591	2450	1523	369	780	503	86	263	71	397	291	219	51	24	24	10	174	192	129	36	43	30	12	40	58	77	51	5	42	11	19	18	56	4	30	17	12	25	13	18	11	26	29	9	23	5	4	2	11	11	6	19	19	8	19	16	16	3	20	2	6	3	2	1	0	31	1	5	8	12	0	14	1	0	1	10	7	5	12	0	2	0	1	6	10	0	0	1	1	3	2	0	6	0	3	6	1	0	0	2	1	0	0	2	0	1	0	1	0	0	0	0	0	1	1	0	0	0	0	0	0	1	0	0	4	0	0	1	0	0	0	0	0	0	0	0	0	1	0	0	0	0	0	0	0	0	1	0	0	0	0	0	0	0	0	0	0	0	1	0	0	0	0	0	0	0	0	0	3	0	0	0	0	0	0	0	0	0	0	0	0	0	0	0	0	0	0	0	0	0	1	0	0	0	0	0	2	0
0.03	south28_active	80	1247	2380	1459	293	729	482	62	239	50	383	284	185	26	8	11	6	164	179	110	22	33	18	7	35	52	76	50	0	34	10	13	15	56	2	27	15	9	19	10	16	9	24	26	9	21	5	4	1	8	9	6	13	17	8	18	16	14	3	20	1	6	3	2	1	0	30	1	5	7	12	0	14	0	0	1	10	7	3	12	0	2	0	0	6	9	0	0	1	1	2	2	0	6	0	3	6	1	0	0	2	0	0	0	2	0	1	0	1	0	0	0	0	0	1	1	0	0	0	0	0	0	1	0	0	4	0	0	0	0	0	0	0	0	0	0	0	0	0	0	0	0	0	0	0	0	0	0	0	0	0	0	0	0	0	0	0	0	0	1	0	0	0	0	0	0	0	0	0	3	0	0	0	0	0	0	0	0	0	0	0	0	0	0	0	0	0	0	0	0	0	1	0	0	0	0	0	2	0
0.03	south29_all	80	1587	2620	1348	406	777	529	82	283	60	257	261	211	47	25	27	29	157	196	96	24	19	17	20	46	87	89	101	4	57	20	20	16	56	7	27	21	13	3	3	30	23	28	15	19	9	7	7	2	18	8	23	14	11	2	11	4	6	11	16	2	1	5	0	1	1	6	1	6	17	2	17	5	7	3	1	1	0	0	3	11	5	0	1	0	0	0	2	2	1	0	2	0	12	7	4	0	0	0	0	0	4	1	3	1	0	1	0	1	0	1	0	0	0	3	0	0	0	0	0	0	0	0	0	0	0	0	0	0	0	0	0	0	0	0	0	0	0	0	0	0	0	0	0	0	0	0	0	0	0	5	0	0	0	0	2	1	0	0	0	0	0	0	0	0	0	0	0	0	0	0	0	0	0	0	0	0	0	0	0	0	0	0	0	0	0	0	1	0	0	0	0	0	0	0	0	0	0	0
0.03	south29_active	80	1247	2562	1280	339	742	508	52	252	33	241	257	192	24	8	11	20	152	190	88	15	13	10	13	38	84	69	100	1	49	15	13	15	54	4	26	17	11	2	2	29	23	26	15	17	8	7	4	2	18	5	23	12	9	1	11	2	5	11	15	1	1	4	0	1	0	6	0	6	14	2	17	5	6	3	0	1	0	0	3	11	5	0	1	0	0	0	1	2	0	0	2	0	12	7	2	0	0	0	0	0	4	0	3	1	0	0	0	1	0	1	0	0	0	2	0	0	0	0	0	0	0	0	0	0	0	0	0	0	0	0	0	0	0	0	0	0	0	0	0	0	0	0	0	0	0	0	0	0	0	5	0	0	0	0	2	0	0	0	0	0	0	0	0	0	0	0	0	0	0	0	0	0	0	0	0	0	0	0	0	0	0	0	0	0	0	0	0	0	0	0	0	0	0	0	0	0	0	0
0.03	south30_all	80	1200	1918	1099	248	647	344	52	197	48	277	218	116	30	15	20	17	156	81	54	27	31	16	11	17	75	71	46	3	31	15	5	6	39	6	45	18	9	19	8	46	16	30	5	30	3	2	2	2	11	1	11	19	19	8	2	16	17	0	6	0	10	3	2	0	2	28	0	0	4	1	1	5	8	0	6	4	2	9	1	15	1	5	0	0	0	0	2	4	0	0	0	6	0	3	0	0	0	0	2	1	0	1	17	0	0	0	0	3	0	3	1	0	0	0	0	0	0	0	0	11	0	5	0	0	4	0	0	0	0	0	0	0	0	0	0	0	0	0	0	0	0	0	0	0	0	0	0	0	0	0	0	0	0	0	0	0	0	0	0	0	0	0	0	0	0	0	0	0	0	0	0	0	0	0	0	2	0	0	0	0	0	0	0	0	0	0	0	0	0	0	0	0	0	0	0	0	0	0
0.03	south30_active	80	964	1875	1054	195	625	330	29	166	27	255	206	105	19	5	8	10	154	77	49	21	23	8	10	15	69	71	43	1	30	12	4	6	39	4	42	16	4	17	6	46	15	30	4	29	2	2	0	2	10	0	11	17	19	0	2	16	17	0	6	0	10	2	2	0	2	26	0	0	4	1	1	4	8	0	6	3	2	9	1	15	0	5	0	0	0	0	2	4	0	0	0	6	0	3	0	0	0	0	2	0	0	1	17	0	0	0	0	3	0	2	0	0	0	0	0	0	0	0	0	11	0	5	0	0	4	0	0	0	0	0	0	0	0	0	0	0	0	0	0	0	0	0	0	0	0	0	0	0	0	0	0	0	0	0	0	0	0	0	0	0	0	0	0	0	0	0	0	0	0	0	0	0	0	0	0	2	0	0	0	0	0	0	0	0	0	0	0	0	0	0	0	0	0	0	0	0	0	0
0.03	south31_all	80	1591	2322	1395	392	825	504	108	290	53	375	283	265	40	25	19	28	228	142	113	35	49	10	13	28	77	51	66	9	55	8	29	17	85	7	18	43	10	15	5	10	35	22	22	17	42	4	3	4	25	10	22	18	14	3	13	14	20	10	23	1	8	2	12	7	1	2	1	15	7	12	0	5	0	0	9	0	5	4	4	4	7	1	0	0	10	1	0	1	0	0	0	0	9	2	0	4	1	1	8	2	9	0	1	2	0	0	1	0	0	1	1	0	0	0	0	5	5	0	0	0	0	0	0	0	0	0	0	0	0	0	0	0	0	0	0	0	0	0	0	0	0	0	0	0	0	0	0	0	0	0	0	0	0	0	6	0	0	0	0	0	0	0	0	0	0	0	0	0	0	0	0	0	0	0	0	0	0	0	0	0	0	1	0	0	0	0	0	0	0	0	0	0	0	0	0	0	0	0
0.03	south31_active	80	1255	2249	1311	301	792	455	71	260	26	358	263	252	24	14	10	20	224	135	103	27	34	5	10	20	74	48	61	7	50	2	23	13	85	2	16	24	7	10	4	7	35	22	20	14	42	4	1	4	25	3	22	18	12	2	11	14	20	10	21	1	8	1	11	1	1	2	1	15	7	12	0	5	0	0	9	0	5	4	4	4	0	1	0	0	3	0	0	0	0	0	0	0	9	2	0	4	1	1	8	2	9	0	0	2	0	0	0	0	0	1	1	0	0	0	0	5	5	0	0	0	0	0	0	0	0	0	0	0	0	0	0	0	0	0	0	0	0	0	0	0	0	0	0	0	0	0	0	0	0	0	0	0	0	0	6	0	0	0	0	0	0	0	0	0	0	0	0	0	0	0	0	0	0	0	0	0	0	0	0	0	0	0	0	0	0	0	0	0	0	0	0	0	0	0	0	0	0	0
0.03	south32_all	80	1705	2327	1389	409	834	454	101	333	70	425	294	151	38	26	30	28	121	148	88	50	25	19	10	19	62	39	41	8	16	7	13	17	70	6	31	20	4	11	6	38	32	46	27	10	58	9	4	3	12	10	59	6	14	1	22	6	10	2	4	3	9	1	1	0	2	22	3	5	0	5	17	7	1	6	3	0	7	9	0	0	11	2	1	0	4	0	0	3	2	9	0	1	2	2	3	4	0	0	0	1	4	0	0	0	2	0	0	0	1	0	0	0	0	0	0	0	0	0	0	0	2	0	0	0	0	0	0	0	0	0	0	0	1	0	0	0	0	0	0	0	0	0	6	0	0	0	0	0	0	1	0	0	0	0	5	0	0	0	0	0	0	0	0	0	0	0	0	1	0	0	2	0	0	0	0	0	0	0	0	0	0	0	0	0	2	0	0	0	0	0	0	0	0	0	0	0	0	0
0.03	south32_active	80	1353	2264	1294	342	810	406	64	300	36	409	287	146	23	13	18	14	113	141	77	43	18	12	5	13	56	37	41	1	16	6	9	15	69	4	29	13	4	6	5	36	32	46	27	9	57	8	3	0	11	8	59	6	14	1	20	4	9	2	4	1	9	0	1	0	2	22	3	5	0	4	15	7	1	6	2	0	7	9	0	0	11	2	1	0	4	0	0	2	2	9	0	1	2	2	3	4	0	0	0	0	4	0	0	0	2	0	0	0	1	0	0	0	0	0	0	0	0	0	0	0	2	0	0	0	0	0	0	0	0	0	0	0	1	0	0	0	0	0	0	0	0	0	6	0	0	0	0	0	0	1	0	0	0	0	5	0	0	0	0	0	0	0	0	0	0	0	0	1	0	0	1	0	0	0	0	0	0	0	0	0	0	0	0	0	2	0	0	0	0	0	0	0	0	0	0	0	0	0
0.03	south33_all	80	1844	2560	1312	382	908	509	121	282	70	363	322	205	39	21	17	36	138	123	124	26	33	11	17	25	68	40	91	11	51	10	22	15	56	4	28	24	4	12	15	28	12	36	8	39	46	19	6	2	23	5	29	14	17	1	28	19	4	6	5	2	24	5	3	0	2	2	1	5	3	4	5	8	3	1	4	1	4	2	1	10	2	8	0	0	3	0	0	0	2	6	1	1	2	1	2	7	2	0	0	4	1	0	0	1	1	0	0	1	1	1	1	0	0	4	25	1	0	0	0	0	0	0	0	2	0	0	0	0	0	0	0	0	0	1	0	0	0	0	0	1	0	0	0	0	0	0	0	0	0	0	0	0	0	0	0	0	1	0	0	0	0	0	0	0	0	0	0	1	0	0	0	0	0	0	0	0	0	0	0	0	0	0	0	0	0	0	0	0	0	0	0	0	0	0	0	0	0	0
0.03	south33_active	80	1499	2495	1241	312	877	457	84	243	48	348	302	195	31	13	10	15	134	116	105	16	26	7	10	22	64	34	90	3	42	8	19	9	55	3	26	21	4	10	12	28	12	26	8	38	44	17	4	2	23	5	27	13	16	0	27	19	4	5	3	1	23	4	0	0	1	2	0	4	3	4	4	8	3	1	4	1	4	1	1	10	2	7	0	0	2	0	0	0	2	0	1	0	2	0	2	7	2	0	0	4	1	0	0	0	1	0	0	1	1	0	1	0	0	4	25	1	0	0	0	0	0	0	0	2	0	0	0	0	0	0	0	0	0	1	0	0	0	0	0	1	0	0	0	0	0	0	0	0	0	0	0	0	0	0	0	0	1	0	0	0	0	0	0	0	0	0	0	1	0	0	0	0	0	0	0	0	0	0	0	0	0	0	0	0	0	0	0	0	0	0	0	0	0	0	0	0	0	0
0.03	south34_all	80	1737	2734	1341	391	895	483	97	316	61	415	323	155	45	25	16	23	236	122	99	36	50	9	14	63	79	67	110	11	33	24	24	26	47	2	55	29	17	7	5	40	26	30	3	22	44	5	1	3	10	19	41	11	20	9	11	11	9	8	6	1	17	3	6	4	2	2	1	0	3	5	15	9	7	2	6	3	11	3	1	1	5	0	0	2	2	0	1	12	0	1	0	3	2	0	0	0	0	0	0	6	1	0	0	0	1	0	0	1	0	0	0	3	0	2	2	1	0	0	0	1	9	0	0	0	0	0	0	0	0	0	0	0	0	0	1	0	0	0	0	0	1	0	0	0	0	0	0	0	0	0	0	0	0	0	0	0	0	0	0	0	0	0	0	0	0	0	0	0	9	0	0	0	0	11	0	0	0	0	0	0	0	0	0	0	0	0	0	0	0	0	0	0	0	0	0	0	0	0
0.03	south34_active	80	1378	2622	1293	319	868	428	64	278	40	403	314	138	28	18	10	13	223	114	92	26	45	0	4	59	76	66	108	4	32	19	24	19	44	2	55	27	9	3	4	40	24	29	1	22	43	5	0	2	8	18	41	10	20	9	11	11	9	4	5	0	15	2	6	2	2	1	1	0	3	5	15	9	5	2	6	3	11	2	1	1	5	0	0	2	2	0	0	12	0	1	0	3	2	0	0	0	0	0	0	6	0	0	0	0	1	0	0	0	0	0	0	0	0	2	2	1	0	0	0	1	9	0	0	0	0	0	0	0	0	0	0	0	0	0	1	0	0	0	0	0	0	0	0	0	0	0	0	0	0	0	0	0	0	0	0	0	0	0	0	0	0	0	0	0	0	0	0	0	9	0	0	0	0	11	0	0	0	0	0	0	0	0	0	0	0	0	0	0	0	0	0	0	0	0	0	0	0	0
0.03	south35_all	80	1762	2386	1396	424	703	571	96	336	56	369	281	216	38	31	22	27	131	183	67	61	29	17	16	26	108	75	98	16	34	17	15	23	56	3	34	13	12	16	5	44	8	16	35	37	37	13	5	1	37	12	19	13	14	10	10	12	7	16	10	2	4	5	5	1	2	13	0	21	10	3	2	3	6	1	2	3	5	9	4	17	25	4	1	0	2	0	0	0	2	3	1	1	0	0	1	5	1	1	0	0	7	0	2	1	0	3	0	0	0	13	3	0	0	1	0	5	3	0	0	0	0	0	1	0	0	0	0	0	0	1	0	0	0	0	0	0	0	0	3	0	0	0	0	0	0	1	3	0	0	0	0	0	0	0	0	0	0	0	0	0	0	0	0	0	0	2	0	0	0	0	0	0	0	0	0	0	0	0	0	0	0	0	0	0	0	0	0	9	0	0	0	0	0	0	0	0	0	0
0.03	south35_active	80	1433	2322	1298	362	669	540	60	312	36	356	267	207	18	11	10	18	126	175	64	41	22	5	14	22	103	72	94	9	20	12	9	19	54	2	34	7	10	13	4	44	7	13	30	37	36	7	3	0	36	9	18	12	9	9	9	11	7	15	10	1	3	3	3	1	1	13	0	21	10	3	2	3	5	1	2	2	5	7	4	17	25	4	0	0	0	0	0	0	2	3	1	1	0	0	0	5	0	1	0	0	7	0	2	1	0	3	0	0	0	13	3	0	0	1	0	5	3	0	0	0	0	0	0	0	0	0	0	0	0	1	0	0	0	0	0	0	0	0	3	0	0	0	0	0	0	0	3	0	0	0	0	0	0	0	0	0	0	0	0	0	0	0	0	0	0	2	0	0	0	0	0	0	0	0	0	0	0	0	0	0	0	0	0	0	0	0	0	9	0	0	0	0	0	0	0	0	0	0
0.03	south36_all	80	1744	2365	1244	443	863	445	106	308	69	299	329	204	34	22	23	24	164	181	98	47	58	10	20	29	81	71	96	6	35	21	17	29	65	6	32	23	10	19	8	38	12	18	10	42	29	7	1	2	22	11	14	13	3	3	25	4	7	11	20	0	19	2	5	1	0	19	2	15	24	10	6	53	1	2	10	0	1	7	15	1	8	10	2	3	4	0	6	10	2	0	10	4	1	2	7	0	1	3	2	0	0	0	9	3	0	2	0	1	0	11	0	0	0	13	0	7	0	3	0	0	0	0	0	15	0	0	0	0	0	0	0	0	0	0	4	0	0	1	1	0	0	0	0	0	0	0	0	0	0	0	0	0	0	0	0	0	0	0	0	0	0	0	0	0	0	0	0	0	0	0	0	0	0	0	0	0	0	0	0	0	0	0	0	0	0	0	0	0	0	0	0	0	0	0	0	0	0	1
0.03	south36_active	80	1439	2277	1175	365	833	414	62	258	47	280	318	176	18	13	8	15	155	172	90	43	50	3	11	25	79	64	92	3	34	16	14	23	64	4	32	19	7	16	6	38	11	18	5	41	28	5	0	1	22	8	13	9	3	3	25	4	7	10	20	0	19	1	5	0	0	18	1	15	24	10	4	52	1	2	10	0	0	7	15	1	8	10	2	0	4	0	6	9	2	0	10	3	1	2	7	0	0	3	2	0	0	0	9	3	0	0	0	1	0	11	0	0	0	13	0	7	0	3	0	0	0	0	0	15	0	0	0	0	0	0	0	0	0	0	4	0	0	1	0	0	0	0	0	0	0	0	0	0	0	0	0	0	0	0	0	0	0	0	0	0	0	0	0	0	0	0	0	0	0	0	0	0	0	0	0	0	0	0	0	0	0	0	0	0	0	0	0	0	0	0	0	0	0	0	0	0	0	1
0.03	south37_all	80	1755	2053	1311	459	823	443	113	287	49	370	204	183	43	29	17	24	158	95	62	44	26	18	17	88	40	77	89	7	25	9	24	16	75	8	41	33	8	15	8	30	62	78	21	38	39	7	4	3	20	3	35	8	14	5	31	8	5	4	31	1	5	2	2	3	3	12	0	9	2	1	10	8	7	2	2	3	6	3	7	2	1	3	0	0	0	1	0	4	0	8	1	0	0	0	0	0	0	1	2	1	1	0	1	1	0	2	0	2	1	0	0	0	0	1	0	0	5	0	0	0	0	2	0	0	0	0	0	0	0	0	1	6	0	0	0	0	0	0	0	0	0	0	0	0	0	0	0	0	0	0	0	0	1	0	1	0	0	0	0	0	0	0	0	0	0	0	0	0	0	0	0	0	0	0	0	1	0	0	0	0	0	0	0	0	0	3	0	0	0	0	0	0	0	0	0	0	0	0
0.03	south37_active	80	1442	1982	1239	388	772	391	84	233	31	354	188	167	25	17	11	13	153	89	55	36	21	8	11	78	39	74	80	4	15	8	20	15	70	1	38	26	4	15	5	30	60	76	19	36	38	3	0	1	20	3	35	8	14	4	30	7	5	2	30	1	4	1	2	3	0	12	0	9	2	0	10	8	7	2	2	3	6	3	7	2	1	3	0	0	0	1	0	3	0	8	1	0	0	0	0	0	0	0	2	1	1	0	1	1	0	0	0	2	0	0	0	0	0	0	0	0	5	0	0	0	0	2	0	0	0	0	0	0	0	0	1	6	0	0	0	0	0	0	0	0	0	0	0	0	0	0	0	0	0	0	0	0	1	0	0	0	0	0	0	0	0	0	0	0	0	0	0	0	0	0	0	0	0	0	0	1	0	0	0	0	0	0	0	0	0	3	0	0	0	0	0	0	0	0	0	0	0	0
0.03	south38_all	80	1759	2670	1296	417	932	535	94	254	62	353	325	207	35	20	14	19	194	132	115	51	46	12	20	37	61	42	74	11	47	20	23	27	72	8	82	48	20	11	9	32	23	28	5	21	23	3	3	6	46	14	18	19	34	5	12	3	5	11	15	6	0	1	3	1	1	2	1	12	26	2	1	10	1	4	12	0	0	9	24	7	11	8	0	0	0	0	6	0	1	1	0	5	5	1	0	12	1	1	3	0	2	0	7	0	0	0	0	11	0	0	1	0	0	1	9	0	2	0	0	2	1	8	0	0	0	0	0	0	0	0	0	0	0	0	0	0	0	0	0	0	0	0	0	0	0	0	0	0	0	0	0	0	0	0	0	0	0	0	0	0	0	0	0	0	0	0	0	0	0	0	0	0	0	0	0	0	0	1	0	0	0	0	2	0	0	0	0	0	0	0	0	0	0	0	0	0	0	0
0.03	south38_active	80	1424	2609	1245	332	905	474	61	221	35	341	299	200	15	14	12	13	187	124	104	39	24	2	9	32	55	39	68	4	42	11	20	23	71	4	79	45	13	8	7	31	22	27	5	20	22	2	3	3	46	12	17	17	34	3	12	3	5	11	15	4	0	1	3	1	1	2	1	12	26	2	1	8	1	4	12	0	0	7	24	5	11	8	0	0	0	0	6	0	0	0	0	5	4	1	0	12	0	1	3	0	2	0	7	0	0	0	0	11	0	0	1	0	0	1	9	0	2	0	0	0	1	8	0	0	0	0	0	0	0	0	0	0	0	0	0	0	0	0	0	0	0	0	0	0	0	0	0	0	0	0	0	0	0	0	0	0	0	0	0	0	0	0	0	0	0	0	0	0	0	0	0	0	0	0	0	0	0	0	0	0	0	0	0	0	0	0	0	0	0	0	0	0	0	0	0	0	0	0
0.03	south39_all	80	1659	2458	1271	401	829	475	93	277	61	296	337	230	42	23	23	28	169	125	118	36	36	14	20	50	85	80	74	14	36	17	13	28	81	3	30	19	3	16	13	43	49	41	28	32	35	14	4	3	7	5	19	5	34	1	8	17	3	2	16	5	10	4	4	1	0	31	0	14	22	10	2	3	11	3	1	0	0	5	1	19	5	2	1	1	5	0	2	0	2	2	7	1	3	23	4	7	0	0	3	0	0	1	0	2	0	0	1	0	0	0	0	0	0	2	0	0	1	0	0	0	0	1	0	1	0	0	0	0	0	0	0	4	0	0	0	0	0	0	0	0	0	2	0	0	0	0	0	0	0	0	0	0	0	0	0	0	0	0	0	0	0	0	0	0	0	0	0	0	0	0	0	0	0	0	0	0	0	0	0	0	0	0	0	0	0	0	0	0	0	0	0	0	0	0	0	0	0	0
0.03	south39_active	80	1297	2382	1212	298	798	447	69	230	39	285	326	208	27	9	14	18	162	119	111	33	29	3	12	39	81	78	74	10	33	8	11	20	77	2	27	18	3	16	5	39	44	40	25	32	34	13	2	1	7	3	17	4	34	0	7	17	3	2	16	5	10	2	2	1	0	31	0	14	22	10	1	3	10	3	1	0	0	5	1	19	5	2	1	1	5	0	0	0	2	1	7	1	3	23	4	7	0	0	3	0	0	0	0	2	0	0	1	0	0	0	0	0	0	2	0	0	1	0	0	0	0	1	0	1	0	0	0	0	0	0	0	4	0	0	0	0	0	0	0	0	0	2	0	0	0	0	0	0	0	0	0	0	0	0	0	0	0	0	0	0	0	0	0	0	0	0	0	0	0	0	0	0	0	0	0	0	0	0	0	0	0	0	0	0	0	0	0	0	0	0	0	0	0	0	0	0	0	0
0.03	south40_all	80	1213	1809	991	343	690	382	67	165	47	247	236	150	25	27	16	23	100	92	97	28	36	15	11	32	60	69	53	5	23	5	11	18	26	4	50	17	11	6	4	22	14	20	8	20	12	2	5	5	18	7	1	24	8	0	11	9	13	7	19	0	1	3	2	6	1	9	2	8	2	12	3	6	2	3	6	5	1	2	7	0	2	13	2	0	1	1	0	2	0	2	0	0	0	0	1	1	0	1	0	0	0	0	0	0	0	0	0	0	0	0	6	0	5	5	0	0	0	0	0	0	0	11	0	0	0	1	0	0	1	0	0	0	0	0	0	0	0	0	0	0	0	0	0	0	0	0	0	0	0	0	0	0	0	0	0	0	0	0	0	0	0	0	1	0	0	0	0	0	0	0	0	0	0	0	0	0	0	0	0	0	0	0	0	0	0	0	0	0	0	4	0	0	0	0	0	0	0	0
0.03	south40_active	80	928	1758	950	255	659	343	35	152	28	236	231	128	14	13	12	12	99	90	84	20	30	8	5	25	59	56	49	1	23	3	7	16	25	1	48	12	9	6	0	21	13	19	7	19	12	2	3	4	17	7	0	23	8	0	11	9	13	6	19	0	0	2	2	3	1	9	1	8	2	12	3	6	2	2	5	5	0	2	7	0	2	13	2	0	1	0	0	2	0	2	0	0	0	0	0	1	0	0	0	0	0	0	0	0	0	0	0	0	0	0	6	0	5	5	0	0	0	0	0	0	0	10	0	0	0	0	0	0	0	0	0	0	0	0	0	0	0	0	0	0	0	0	0	0	0	0	0	0	0	0	0	0	0	0	0	0	0	0	0	0	0	0	0	0	0	0	0	0	0	0	0	0	0	0	0	0	0	0	0	0	0	0	0	0	0	0	0	0	0	4	0	0	0	0	0	0	0	0
