label	Group	numOtus	Otu0	Otu1	Otu2	Otu3	Otu4	Otu5	Otu6	Otu7	Otu8	Otu9	Otu10	Otu11	Otu12	Otu13	Otu14	Otu15	Otu16	Otu17	Otu18	Otu19	Otu20	Otu21	Otu22	Otu23	Otu24	Otu25	Otu26	Otu27	Otu28	Otu29	Otu30	Otu31	Otu32	Otu33	Otu34	Otu35	Otu36	Otu37	Otu38	Otu39	Otu40	Otu41	Otu42	Otu43	Otu44	Otu45	Otu46	Otu47	Otu48	Otu49	Otu50	Otu51	Otu52	Otu53	Otu54	Otu55	Otu56	Otu57	Otu58	Otu59	Otu60	Otu61	Otu62	Otu63	Otu64	Otu65	Otu66	Otu67	Otu68	Otu69	Otu70	Otu71	Otu72	Otu73	Otu74	Otu75	Otu76	Otu77	Otu78	Otu79	Otu80	Otu81	Otu82	Otu83	Otu84	Otu85	Otu86	Otu87	Otu88	Otu89	Otu90	Otu91	Otu92	Otu93	Otu94	Otu95	Otu96	Otu97	Otu98	Otu99	Otu100	Otu101	Otu102	Otu103	Otu104	Otu105	Otu106	Otu107	Otu108	Otu109	Otu110	Otu111	Otu112	Otu113	Otu114	Otu115	Otu116	Otu117	Otu118	Otu119	Otu120	Otu121	Otu122	Otu123	Otu124	Otu125	Otu126	Otu127	Otu128	Otu129	Otu130	Otu131	Otu132	Otu133	Otu134	Otu135	Otu136	Otu137	Otu138	Otu139	Otu140	Otu141	Otu142	Otu143	Otu144	Otu145	Otu146	Otu147	Otu148	Otu149	Otu150	Otu151	Otu152	Otu153	Otu154	Otu155	Otu156	Otu157	Otu158	Otu159	Otu160	Otu161	Otu162	Otu163	Otu164	Otu165	Otu166	Otu167	Otu168	Otu169	Otu170	Otu171	Otu172	Otu173	Otu174	Otu175	Otu176	Otu177	Otu178	Otu179	Otu180	Otu181	Otu182	Otu183	Otu184	Otu185	Otu186	Otu187	Otu188	Otu189	Otu190	Otu191
0.03	north1_all	80	2999	2096	885	719	910	803	868	263	233	260	144	175	227	127	342	176	105	92	173	178	142	152	169	56	120	95	72	67	57	27	22	64	38	41	19	17	17	18	40	30	27	30	18	20	10	9	13	28	9	13	10	9	24	11	3	12	9	29	9	9	8	6	5	2	4	1	7	4	4	8	10	10	1	3	1	9	2	2	5	5	3	3	5	3	4	10	5	1	0	10	5	3	3	1	1	1	2	1	1	2	1	0	0	1	0	6	2	1	0	1	8	4	0	0	1	1	1	0	0	0	0	0	0	2	1	0	0	1	2	2	0	0	0	3	0	1	1	0	2	0	0	0	0	2	1	0	0	0	0	0	0	0	0	0	0	0	0	0	0	0	2	0	0	0	0	0	0	0	0	0	0	0	0	0	0	0	0	1	1	0	0	0	1	0	0	0	0	0	0	0	0	0
0.03	north1_active	80	1584	1262	440	368	547	497	567	131	106	170	62	99	160	61	234	109	52	51	106	118	90	89	126	33	85	54	49	35	26	13	13	44	24	27	12	9	5	9	21	20	14	18	10	14	4	4	6	25	4	6	6	5	14	4	1	5	5	21	6	6	5	3	3	1	3	0	4	2	1	3	3	4	0	0	1	8	2	2	3	4	2	1	4	3	3	9	3	0	0	7	4	1	2	1	0	0	2	0	1	2	0	0	0	1	0	6	2	1	0	0	6	2	0	0	0	0	0	0	0	0	0	0	0	2	1	0	0	0	2	0	0	0	0	3	0	0	1	0	2	0	0	0	0	2	1	0	0	0	0	0	0	0	0	0	0	0	0	0	0	0	2	0	0	0	0	0	0	0	0	0	0	0	0	0	0	0	0	0	0	0	0	0	1	0	0	0	0	0	0	0	0	0
0.03	north2_all	80	2995	2073	912	722	908	797	938	257	234	245	158	177	237	130	317	182	102	105	170	142	144	147	168	69	145	96	82	83	52	34	27	76	40	34	20	16	22	20	46	33	20	29	14	18	8	11	17	29	8	12	11	11	19	12	6	13	7	19	12	8	7	6	5	6	6	2	5	6	3	7	12	10	1	6	2	10	2	4	6	17	3	1	5	3	2	9	7	0	0	10	6	8	2	1	0	1	2	1	1	4	1	0	0	1	1	10	1	3	0	0	8	4	0	1	0	1	1	0	1	0	0	0	0	2	0	0	0	1	0	1	0	0	0	0	1	1	1	0	2	0	0	0	0	0	0	0	0	1	0	0	0	0	0	0	0	0	0	0	0	0	0	0	0	0	0	0	0	0	0	0	0	0	1	0	0	0	0	0	1	0	0	0	1	0	0	0	0	0	0	0	0	0
0.03	north2_active	80	1591	1217	450	381	556	495	636	130	110	143	77	92	161	63	202	107	55	58	107	93	93	97	129	43	105	53	53	50	21	17	15	50	25	25	13	6	6	8	28	21	11	18	6	13	4	7	8	25	4	5	6	5	16	5	4	6	2	10	7	5	3	4	4	2	5	0	3	2	1	3	5	5	0	3	1	9	2	4	4	16	2	1	4	3	2	8	4	0	0	7	5	7	1	1	0	0	2	0	0	3	0	0	0	0	0	9	1	1	0	0	8	0	0	1	0	0	0	0	1	0	0	0	0	2	0	0	0	0	0	0	0	0	0	0	0	0	1	0	2	0	0	0	0	0	0	0	0	0	0	0	0	0	0	0	0	0	0	0	0	0	0	0	0	0	0	0	0	0	0	0	0	0	1	0	0	0	0	0	0	0	0	0	1	0	0	0	0	0	0	0	0	0
0.03	north3_all	80	2904	2050	945	686	905	822	892	218	224	237	167	166	221	128	314	206	105	105	171	131	132	142	135	78	173	98	69	89	49	29	26	87	41	35	26	17	30	21	43	29	26	15	17	21	15	12	16	27	9	15	8	8	15	10	8	14	6	8	11	8	6	7	6	6	7	2	7	6	5	7	10	6	3	6	2	7	3	8	3	16	3	2	3	1	2	5	6	1	2	6	4	8	1	0	0	0	1	1	2	4	1	0	1	1	1	10	1	3	0	0	10	4	0	2	1	0	2	0	3	0	0	0	0	1	0	0	0	1	0	1	0	0	0	0	1	0	1	0	0	0	0	1	0	0	1	0	0	1	0	0	0	0	0	0	0	0	1	0	0	0	0	0	0	0	0	0	0	0	0	0	0	0	1	0	0	0	0	0	1	0	0	0	0	0	0	0	0	0	0	0	0	0
0.03	north3_active	80	1529	1193	462	362	517	515	583	98	100	137	78	86	132	63	188	126	55	50	109	78	94	94	101	50	125	57	43	56	18	12	14	57	23	24	15	6	7	9	27	17	13	9	9	15	9	8	7	21	5	6	6	3	12	5	4	7	2	3	5	6	1	5	5	2	5	0	6	3	3	2	4	4	1	3	1	4	2	5	1	16	2	1	3	1	2	4	4	0	1	1	3	7	1	0	0	0	0	0	0	3	0	0	0	0	0	9	1	1	0	0	10	0	0	1	0	0	1	0	1	0	0	0	0	1	0	0	0	0	0	0	0	0	0	0	0	0	1	0	0	0	0	0	0	0	1	0	0	0	0	0	0	0	0	0	0	0	0	0	0	0	0	0	0	0	0	0	0	0	0	0	0	0	1	0	0	0	0	0	0	0	0	0	0	0	0	0	0	0	0	0	0	0
0.03	north4_all	80	2926	2006	948	697	931	874	903	235	238	221	174	153	235	136	314	211	123	114	163	131	129	144	123	84	187	103	71	75	36	27	27	80	45	23	27	14	36	26	30	27	39	15	20	18	14	16	15	27	12	14	7	12	16	7	9	8	5	6	8	8	4	4	5	8	15	3	7	4	3	4	9	6	5	6	6	7	3	9	5	17	3	1	2	1	3	6	5	2	2	3	5	8	0	0	0	0	1	0	2	3	0	1	1	2	2	4	1	2	1	0	4	3	0	3	1	0	1	0	5	0	0	0	0	0	0	0	0	0	0	0	0	0	1	0	1	0	0	1	0	0	0	1	0	0	1	0	0	1	0	0	0	1	0	0	0	0	1	1	0	0	0	0	0	0	0	0	0	0	0	0	0	0	1	0	0	0	0	0	0	1	0	0	0	0	1	0	0	0	0	0	0	0
0.03	north4_active	80	1540	1155	459	366	567	567	595	106	103	117	85	70	136	64	194	132	70	55	103	84	88	93	93	51	135	69	45	46	15	11	13	54	24	10	14	7	13	9	19	16	23	10	10	13	8	9	6	19	8	8	4	4	12	5	4	4	1	4	2	6	1	3	5	4	5	0	7	2	2	1	5	3	3	3	3	4	2	6	3	17	2	0	1	0	2	5	3	0	1	0	3	8	0	0	0	0	0	0	0	2	0	0	0	0	1	3	1	0	1	0	4	0	0	2	0	0	1	0	1	0	0	0	0	0	0	0	0	0	0	0	0	0	1	0	0	0	0	1	0	0	0	0	0	0	1	0	0	0	0	0	0	1	0	0	0	0	0	1	0	0	0	0	0	0	0	0	0	0	0	0	0	0	1	0	0	0	0	0	0	1	0	0	0	0	0	0	0	0	0	0	0	0
0.03	north5_all	80	2927	2003	932	671	950	805	809	250	258	231	156	169	233	137	330	218	131	112	158	166	121	148	107	89	175	97	60	82	34	23	29	88	48	30	23	14	32	26	30	25	42	14	20	16	15	11	13	21	16	12	5	14	12	6	6	8	3	12	5	9	4	5	3	4	13	7	7	4	4	4	3	7	7	1	6	4	5	5	5	2	1	1	2	2	5	3	10	3	2	5	5	3	5	0	1	1	2	0	5	2	0	1	2	2	1	4	1	1	2	0	3	2	0	2	1	0	1	0	5	0	0	0	3	1	0	1	0	0	0	1	0	0	1	1	0	0	0	1	0	0	0	1	0	3	1	0	0	1	0	0	0	1	0	0	0	0	1	3	0	0	0	0	0	0	0	0	0	0	0	1	0	0	0	0	0	0	0	0	0	1	0	0	0	0	1	0	0	0	0	0	0	0
0.03	north5_active	80	1517	1168	462	332	598	497	515	105	114	122	68	90	144	65	201	136	78	53	103	99	78	95	77	51	119	67	40	51	18	6	13	63	21	13	12	9	15	10	19	14	28	8	10	8	9	6	8	14	9	8	3	6	8	5	1	4	1	7	1	8	2	2	3	2	2	3	6	2	3	1	3	3	3	0	3	1	2	2	3	2	0	0	0	0	1	1	7	1	1	0	3	3	0	0	1	0	0	0	4	1	0	0	1	0	1	3	1	0	2	0	2	0	0	1	0	0	1	0	1	0	0	0	3	0	0	1	0	0	0	1	0	0	1	1	0	0	0	1	0	0	0	0	0	0	1	0	0	0	0	0	0	1	0	0	0	0	0	3	0	0	0	0	0	0	0	0	0	0	0	0	0	0	0	0	0	0	0	0	0	1	0	0	0	0	0	0	0	0	0	0	0	0
0.03	north6_all	80	3010	2035	894	687	967	854	834	267	254	248	154	182	274	134	284	218	133	94	140	177	120	144	116	73	165	94	62	68	31	25	32	75	49	40	24	18	25	31	34	25	48	23	21	17	12	8	16	22	15	9	11	13	13	5	6	8	5	16	4	7	3	5	5	7	16	8	5	4	4	2	3	5	7	4	5	4	2	4	5	2	1	1	2	2	5	3	7	5	2	3	4	7	6	0	2	2	2	0	5	1	0	1	1	1	1	3	0	2	2	0	2	0	3	1	1	1	1	0	7	0	0	0	3	1	0	1	0	0	0	1	0	0	1	1	0	1	0	1	1	0	0	0	0	3	0	0	0	0	0	0	0	1	0	0	1	1	0	3	0	0	0	0	0	0	0	0	0	0	0	1	0	0	0	0	0	0	0	0	0	1	0	0	0	0	1	0	0	0	0	0	0	0
0.03	north6_active	80	1563	1219	441	340	610	553	535	117	107	126	59	103	169	63	164	124	80	50	96	107	75	91	78	37	107	61	44	43	18	7	17	62	28	20	12	11	16	15	20	14	33	10	11	7	8	3	12	16	9	6	9	6	8	5	3	2	0	7	2	6	2	1	4	6	6	4	4	2	3	0	3	2	3	2	3	1	0	2	3	2	0	1	0	0	1	1	5	1	1	1	1	7	0	0	2	0	0	0	5	1	0	0	1	0	1	1	0	1	2	0	1	0	2	1	0	1	1	0	0	0	0	0	3	0	0	1	0	0	0	1	0	0	1	1	0	0	0	1	0	0	0	0	0	0	0	0	0	0	0	0	0	1	0	0	0	0	0	3	0	0	0	0	0	0	0	0	0	0	0	0	0	0	0	0	0	0	0	0	0	1	0	0	0	0	0	0	0	0	0	0	0	0
0.03	north7_all	80	2989	2038	858	707	939	829	842	259	253	255	152	179	285	118	294	206	121	96	144	173	143	145	106	77	148	92	61	69	39	30	32	71	51	48	29	21	26	29	43	22	38	26	19	15	14	4	14	24	16	8	14	12	18	9	6	12	4	21	4	6	3	6	4	5	21	6	3	4	3	1	6	12	5	6	4	3	4	5	2	1	2	1	6	2	5	2	8	4	1	3	4	8	7	0	3	2	4	0	6	1	1	0	1	0	0	3	0	4	1	1	1	1	3	0	0	1	0	0	3	1	0	0	3	1	0	1	0	0	0	1	0	0	0	1	0	1	0	1	1	0	0	0	0	3	0	0	0	0	0	0	0	1	0	0	1	1	0	2	0	0	0	0	0	0	0	0	0	0	1	1	0	0	0	0	0	0	0	0	0	0	0	0	0	0	1	0	0	1	0	0	0	0
0.03	north7_active	80	1531	1248	455	361	581	539	525	107	110	134	60	103	185	47	167	118	69	52	93	111	94	93	64	43	97	56	39	40	23	13	17	59	28	24	17	10	18	18	30	12	27	12	9	4	12	1	11	12	10	5	11	6	10	7	4	6	0	11	3	5	2	1	3	4	13	4	2	2	2	0	6	9	2	4	1	2	0	3	1	1	1	1	3	0	1	0	5	1	0	1	3	7	1	0	2	0	2	0	6	1	1	0	1	0	0	1	0	1	1	1	0	1	2	0	0	1	0	0	0	0	0	0	3	0	0	1	0	0	0	1	0	0	0	1	0	0	0	1	0	0	0	0	0	0	0	0	0	0	0	0	0	1	0	0	0	0	0	2	0	0	0	0	0	0	0	0	0	0	1	0	0	0	0	0	0	0	0	0	0	0	0	0	0	0	0	0	0	1	0	0	0	0
0.03	north8_all	80	3003	2111	892	713	874	837	848	256	225	264	153	177	313	123	311	186	112	86	153	173	170	148	119	82	164	85	71	60	48	30	29	69	52	39	32	28	21	21	45	26	32	25	23	18	15	5	23	23	17	8	18	9	19	9	7	14	6	21	9	7	6	5	5	4	15	5	5	7	3	2	8	10	5	12	4	7	4	6	2	1	5	1	5	1	5	10	5	3	3	3	3	8	8	0	2	2	5	0	2	1	1	0	0	0	0	4	0	8	0	1	1	1	3	0	0	1	0	1	3	1	0	0	3	1	0	1	0	0	0	1	0	0	0	0	0	1	0	0	1	0	0	0	0	0	0	0	0	2	0	0	1	0	0	0	1	1	0	0	0	0	0	0	0	0	0	0	0	0	1	0	0	0	0	0	0	0	0	0	0	0	0	0	0	0	0	0	0	1	0	0	0	0
0.03	north8_active	80	1530	1299	474	381	523	544	549	120	90	140	55	94	208	50	184	112	64	47	95	113	118	95	75	46	101	49	44	34	28	14	13	56	28	17	20	13	15	14	33	15	21	11	13	6	11	3	18	13	9	2	13	4	8	6	5	6	1	14	6	5	4	1	2	4	13	3	2	6	1	0	7	7	2	10	1	2	0	4	1	1	4	1	3	0	1	7	2	0	1	1	2	7	1	0	1	1	2	0	2	1	1	0	0	0	0	1	0	5	0	1	1	1	2	0	0	1	0	0	0	0	0	0	3	0	0	1	0	0	0	0	0	0	0	0	0	0	0	0	0	0	0	0	0	0	0	0	0	2	0	0	1	0	0	0	0	0	0	0	0	0	0	0	0	0	0	0	0	0	1	0	0	0	0	0	0	0	0	0	0	0	0	0	0	0	0	0	0	1	0	0	0	0
0.03	north9_all	80	2937	2146	874	736	858	797	855	279	210	265	147	159	316	119	336	199	104	77	165	185	174	156	130	84	175	82	76	68	53	29	27	66	63	32	35	27	27	18	49	28	44	22	21	19	11	9	20	25	12	5	13	7	17	9	8	13	3	15	15	4	8	6	4	3	13	6	5	8	2	3	12	10	2	8	5	8	4	8	2	2	6	0	5	1	2	13	5	1	4	5	2	4	5	1	1	2	4	0	2	1	1	0	0	0	0	1	0	7	1	1	1	1	1	1	0	0	0	2	0	1	0	0	0	1	0	0	0	0	0	1	0	0	0	1	1	1	0	0	0	0	0	0	0	0	0	0	0	2	0	0	1	0	0	0	0	0	0	0	0	0	0	0	1	0	0	0	0	0	1	0	0	0	0	0	0	0	0	0	0	0	0	0	0	0	0	0	0	1	0	0	0	0
0.03	north9_active	80	1495	1331	465	396	510	502	546	140	92	133	64	81	201	50	208	129	60	38	103	127	122	99	88	54	126	55	41	40	32	16	10	45	37	12	24	9	18	11	35	15	29	10	9	11	7	8	14	14	4	1	7	3	8	4	4	8	1	13	10	3	6	1	1	3	11	2	3	6	0	0	6	7	1	8	2	3	0	6	1	2	6	0	3	0	1	9	3	0	1	3	2	2	1	1	0	1	2	0	2	1	1	0	0	0	0	0	0	5	0	1	1	1	0	0	0	0	0	1	0	0	0	0	0	0	0	0	0	0	0	0	0	0	0	1	1	0	0	0	0	0	0	0	0	0	0	0	0	2	0	0	1	0	0	0	0	0	0	0	0	0	0	0	1	0	0	0	0	0	1	0	0	0	0	0	0	0	0	0	0	0	0	0	0	0	0	0	0	1	0	0	0	0
0.03	north10_all	80	2959	2164	860	740	886	763	840	280	213	271	151	169	300	116	336	181	90	72	157	221	143	147	145	87	166	84	69	76	49	29	27	67	64	23	37	26	25	25	46	30	39	19	18	16	9	10	20	26	12	5	10	7	18	6	9	16	5	32	20	5	9	5	5	7	9	5	5	7	4	8	8	9	4	7	5	8	3	7	2	2	6	3	0	1	1	12	6	0	4	4	3	4	4	2	0	1	1	0	1	2	2	1	1	0	0	1	0	4	1	0	2	2	0	1	2	1	0	2	0	0	0	0	0	1	0	0	0	0	0	1	0	0	0	2	1	0	0	0	0	0	0	0	0	0	0	0	0	2	0	0	1	0	0	0	0	0	0	0	0	0	0	0	1	0	0	0	0	0	1	0	0	0	0	0	0	0	0	0	0	0	0	0	0	0	0	0	0	0	0	0	0	0
0.03	north10_active	80	1513	1311	444	392	525	477	530	151	92	131	74	82	195	48	214	112	43	30	101	161	102	91	98	59	120	52	38	50	33	14	12	43	38	8	29	9	15	16	32	16	22	10	8	10	5	8	15	13	4	2	6	3	10	0	3	12	3	18	14	4	7	1	0	4	6	1	3	6	2	5	2	7	2	7	2	2	1	6	1	2	5	1	0	0	1	9	3	0	2	2	3	2	1	1	0	1	0	0	1	1	2	1	0	0	0	0	0	4	0	0	1	2	0	0	2	1	0	1	0	0	0	0	0	0	0	0	0	0	0	0	0	0	0	2	1	0	0	0	0	0	0	0	0	0	0	0	0	2	0	0	1	0	0	0	0	0	0	0	0	0	0	0	1	0	0	0	0	0	1	0	0	0	0	0	0	0	0	0	0	0	0	0	0	0	0	0	0	0	0	0	0	0
0.03	north11_all	80	2907	2169	858	699	963	820	887	263	202	255	170	170	275	117	287	208	105	97	179	187	155	147	123	85	126	94	65	68	45	35	35	90	52	22	30	22	27	17	32	25	38	17	15	17	12	14	16	21	13	8	7	7	9	11	9	14	5	21	7	6	5	9	4	9	10	5	7	9	6	5	10	9	7	7	1	7	0	4	3	12	13	1	5	2	2	26	4	4	3	1	3	5	2	0	2	0	0	0	2	1	0	0	0	1	1	0	1	2	1	2	5	3	0	2	0	0	0	1	2	0	0	1	1	0	1	0	0	1	0	1	1	0	0	0	0	0	0	0	0	0	0	0	0	0	0	0	0	1	0	0	0	0	0	0	0	0	0	0	0	0	0	0	0	0	1	0	2	0	0	0	0	0	0	0	0	0	0	0	0	0	0	0	0	2	0	0	1	0	0	0	0	1
0.03	north11_active	80	1504	1326	426	364	604	522	564	134	96	146	93	100	158	54	174	138	59	50	121	122	102	95	79	44	73	76	38	43	18	13	21	66	33	10	15	14	11	5	21	12	23	8	7	7	3	5	10	12	3	1	2	3	4	7	7	6	1	12	7	2	4	5	1	2	6	2	3	4	1	3	5	6	3	2	1	6	0	2	3	11	9	1	2	2	2	22	1	2	1	0	3	3	1	0	1	0	0	0	1	1	0	0	0	0	1	0	1	2	0	0	5	0	0	2	0	0	0	1	2	0	0	0	0	0	1	0	0	0	0	1	1	0	0	0	0	0	0	0	0	0	0	0	0	0	0	0	0	1	0	0	0	0	0	0	0	0	0	0	0	0	0	0	0	0	0	0	0	0	0	0	0	0	0	0	0	0	0	0	0	0	0	0	0	2	0	0	0	0	0	0	0	0
0.03	north12_all	80	2938	2194	864	677	921	807	884	254	211	257	163	189	292	122	291	203	107	91	157	186	149	158	117	93	116	84	64	72	47	29	36	84	46	29	21	22	24	21	28	25	38	17	12	17	17	12	24	24	11	5	9	9	9	9	5	13	4	25	13	5	8	6	4	11	10	5	4	8	5	3	8	8	6	6	1	9	1	3	3	8	13	2	3	2	1	25	3	5	2	3	2	3	1	0	0	1	2	0	4	2	0	1	0	1	1	0	0	2	1	2	5	3	1	2	0	1	0	0	2	0	0	1	2	0	1	0	0	0	0	0	0	0	0	0	0	0	0	0	0	1	0	0	0	0	0	0	0	1	0	0	0	0	0	0	0	0	0	0	0	0	0	0	0	0	1	0	2	0	0	0	0	0	0	0	0	0	0	0	0	0	0	0	0	2	0	1	1	0	0	0	0	1
0.03	north12_active	80	1517	1338	454	359	566	506	553	128	93	154	78	112	174	59	170	137	57	47	105	129	91	99	75	43	74	64	33	44	21	13	21	56	27	13	11	12	9	8	16	9	26	10	6	7	4	4	13	15	3	0	5	6	8	5	3	7	2	14	11	2	6	2	2	3	9	4	2	6	0	1	5	3	2	2	1	8	1	1	3	8	9	1	1	1	1	22	0	3	1	3	2	2	0	0	0	1	1	0	3	2	0	1	0	0	1	0	0	2	0	1	5	0	1	2	0	0	0	0	2	0	0	0	1	0	1	0	0	0	0	0	0	0	0	0	0	0	0	0	0	1	0	0	0	0	0	0	0	1	0	0	0	0	0	0	0	0	0	0	0	0	0	0	0	0	0	0	0	0	0	0	0	0	0	0	0	0	0	0	0	0	0	0	0	2	0	0	0	0	0	0	0	0
0.03	north13_all	80	2957	2173	845	694	900	838	877	253	213	258	178	199	266	123	281	200	101	81	152	163	142	132	125	80	128	91	60	66	52	26	31	70	45	31	20	27	28	23	32	22	40	18	14	17	13	11	25	24	9	5	10	8	17	7	4	10	3	29	12	7	10	4	5	10	10	4	5	8	10	3	8	5	4	1	2	4	1	2	3	5	10	1	2	1	0	21	4	3	3	5	2	4	0	1	0	1	2	0	4	5	1	1	2	0	1	0	0	1	0	1	1	3	1	2	5	1	0	0	2	0	1	1	1	0	0	0	0	0	0	0	0	0	0	0	0	0	0	0	1	1	0	0	0	0	0	0	0	1	0	0	0	0	0	0	0	0	0	0	0	0	1	0	0	1	1	0	2	0	0	0	0	0	0	0	0	0	0	0	0	0	0	0	0	0	0	1	0	0	1	0	0	1
0.03	north13_active	80	1524	1351	452	383	541	514	553	120	93	151	75	115	157	59	173	132	56	37	106	109	93	82	79	46	84	67	29	36	28	8	14	42	30	18	13	12	15	12	21	6	27	12	8	7	3	4	14	13	6	0	5	5	17	3	2	4	2	17	10	2	7	0	3	2	10	3	3	6	5	1	6	2	2	1	1	3	1	0	3	4	7	0	1	0	0	21	0	2	3	4	2	3	0	1	0	1	1	0	3	5	1	1	2	0	1	0	0	1	0	1	1	0	1	2	5	0	0	0	1	0	1	0	1	0	0	0	0	0	0	0	0	0	0	0	0	0	0	0	1	1	0	0	0	0	0	0	0	1	0	0	0	0	0	0	0	0	0	0	0	0	0	0	0	0	0	0	0	0	0	0	0	0	0	0	0	0	0	0	0	0	0	0	0	0	0	0	0	0	0	0	0	0
0.03	north14_all	80	2988	2086	814	671	845	810	870	274	211	250	161	199	257	123	326	190	109	78	156	154	164	133	122	60	122	96	56	65	51	29	35	92	43	30	23	28	37	23	23	18	35	21	17	21	12	14	22	23	12	4	12	11	17	8	4	12	2	32	13	7	12	3	4	6	12	6	4	10	9	2	5	5	2	1	4	8	2	2	3	5	8	2	1	2	1	2	4	3	3	5	1	4	0	1	1	1	2	0	4	5	1	2	3	0	1	3	0	0	0	1	1	2	1	2	5	1	0	0	1	0	1	0	1	0	0	0	0	2	0	0	0	0	0	0	0	0	0	0	1	1	0	0	0	2	0	0	0	0	0	0	0	0	0	0	0	0	0	0	0	0	1	0	0	1	0	0	0	0	0	0	1	0	0	0	0	0	0	0	0	0	0	0	0	0	0	1	0	0	1	0	0	0
0.03	north14_active	80	1572	1280	436	352	507	486	551	132	96	151	65	105	163	59	209	123	57	43	112	97	118	79	78	37	84	58	33	32	29	11	13	56	24	18	14	14	23	13	16	7	24	13	9	12	3	8	14	13	8	0	5	7	17	6	1	4	1	18	11	1	6	0	4	2	11	4	2	7	5	1	2	2	1	1	2	7	2	0	3	4	5	1	0	0	0	2	0	2	2	4	1	3	0	1	0	1	1	0	3	5	1	2	3	0	1	2	0	0	0	1	1	0	1	2	5	0	0	0	0	0	1	0	1	0	0	0	0	2	0	0	0	0	0	0	0	0	0	0	1	1	0	0	0	2	0	0	0	0	0	0	0	0	0	0	0	0	0	0	0	0	0	0	0	0	0	0	0	0	0	0	0	0	0	0	0	0	0	0	0	0	0	0	0	0	0	0	0	0	0	0	0	0
0.03	north15_all	80	2999	2100	838	711	850	833	880	293	218	253	171	178	276	102	319	196	115	84	176	163	165	136	131	53	143	103	64	65	42	30	30	88	41	30	23	30	37	25	28	19	35	20	23	23	7	14	22	27	12	4	12	10	18	7	5	13	5	24	10	7	11	2	2	4	15	3	5	8	10	1	7	10	0	3	4	8	2	3	3	6	7	1	0	1	4	4	3	1	6	4	1	5	0	2	2	0	2	0	0	5	1	2	3	1	1	3	1	0	0	1	4	0	1	0	5	0	0	0	4	0	1	0	0	0	0	0	0	2	0	0	0	0	0	0	0	0	0	0	1	0	0	0	0	2	0	0	0	0	0	1	0	0	0	0	0	0	0	0	0	0	1	0	0	1	0	0	0	0	0	0	1	0	0	0	0	0	0	0	2	0	0	0	0	0	0	1	0	0	1	0	0	0
0.03	north15_active	80	1562	1302	447	383	525	517	541	136	105	140	73	86	183	48	198	128	65	42	129	105	115	87	87	33	97	61	44	34	23	12	10	56	23	21	10	17	27	15	18	10	18	12	14	13	2	7	18	16	9	1	5	4	17	6	1	6	2	15	7	1	5	0	2	2	12	2	2	2	7	1	2	6	0	2	2	7	2	1	3	5	4	1	0	0	3	4	0	0	4	3	1	5	0	1	0	0	1	0	0	4	1	2	3	0	1	2	0	0	0	1	4	0	1	0	5	0	0	0	3	0	1	0	0	0	0	0	0	2	0	0	0	0	0	0	0	0	0	0	1	0	0	0	0	2	0	0	0	0	0	0	0	0	0	0	0	0	0	0	0	0	0	0	0	0	0	0	0	0	0	0	0	0	0	0	0	0	0	0	2	0	0	0	0	0	0	0	0	0	0	0	0	0
0.03	north16_all	80	3044	2069	860	708	810	784	905	287	220	248	158	157	285	100	320	188	114	95	199	177	194	163	130	69	128	108	58	82	37	33	31	104	48	29	27	26	38	26	30	22	37	19	19	22	8	13	19	25	13	5	9	11	13	8	9	14	7	20	11	5	12	1	2	6	11	6	6	7	6	1	8	12	1	4	4	14	2	3	5	6	11	2	0	3	4	3	2	0	6	3	3	5	0	2	2	1	0	0	0	1	0	1	2	1	0	3	1	0	1	1	5	0	0	0	1	3	0	0	4	1	2	0	0	0	0	0	1	2	0	0	0	0	0	3	0	0	0	0	0	0	0	0	0	2	0	0	0	0	0	1	0	0	0	2	0	0	0	0	0	0	0	0	0	0	0	0	0	0	0	0	1	0	0	0	0	0	0	0	2	0	0	0	0	0	0	0	0	0	0	0	0	0
0.03	north16_active	80	1612	1250	445	364	481	491	507	131	101	135	69	77	171	45	179	116	67	57	135	110	121	103	88	43	84	64	39	49	24	16	11	74	19	18	11	20	26	16	18	13	20	9	11	12	3	7	12	13	10	3	4	5	11	6	4	9	3	14	9	1	7	0	2	4	6	2	3	2	5	1	2	8	1	2	2	8	2	1	4	5	10	2	0	1	3	3	0	0	4	2	3	4	0	0	0	1	0	0	0	0	0	1	1	0	0	2	0	0	0	0	5	0	0	0	0	3	0	0	3	0	2	0	0	0	0	0	0	2	0	0	0	0	0	3	0	0	0	0	0	0	0	0	0	2	0	0	0	0	0	0	0	0	0	2	0	0	0	0	0	0	0	0	0	0	0	0	0	0	0	0	0	0	0	0	0	0	0	0	2	0	0	0	0	0	0	0	0	0	0	0	0	0
0.03	north17_all	80	3081	2049	911	699	844	795	879	296	221	252	143	171	283	99	301	187	112	100	184	170	184	143	134	73	146	89	52	82	39	30	28	87	39	33	21	27	33	26	38	29	29	31	19	20	9	14	19	19	10	8	10	9	17	8	9	17	10	8	11	3	10	1	6	6	11	7	4	10	4	1	9	11	1	4	1	12	3	6	3	2	12	2	3	3	5	3	5	0	5	5	4	6	1	2	2	2	0	1	1	2	1	2	1	1	0	0	1	0	1	2	6	0	0	1	2	3	0	0	3	1	2	0	0	0	0	0	1	0	0	0	0	0	3	3	0	0	0	0	0	0	0	0	0	0	0	0	0	0	0	1	0	0	0	2	0	0	1	0	0	0	0	0	0	0	0	0	0	0	1	0	0	0	0	0	0	0	0	0	2	0	0	0	0	0	0	0	0	0	0	0	0	0
0.03	north17_active	80	1639	1253	461	358	507	503	520	147	98	134	70	77	166	51	158	115	67	60	122	109	101	87	91	44	94	59	29	49	23	15	10	62	11	20	12	21	21	14	25	17	16	16	10	11	4	4	11	10	7	4	4	5	13	7	4	11	4	5	8	2	7	0	4	4	7	3	1	5	3	0	4	8	1	1	0	5	1	3	2	1	11	1	2	1	3	3	2	0	3	4	4	4	0	0	0	1	0	1	1	0	1	1	0	0	0	0	0	0	0	1	5	0	0	0	0	3	0	0	3	0	2	0	0	0	0	0	0	0	0	0	0	0	2	3	0	0	0	0	0	0	0	0	0	0	0	0	0	0	0	0	0	0	0	2	0	0	1	0	0	0	0	0	0	0	0	0	0	0	1	0	0	0	0	0	0	0	0	0	2	0	0	0	0	0	0	0	0	0	0	0	0	0
0.03	north18_all	80	3021	2111	941	710	822	800	852	289	218	239	161	171	261	113	299	199	104	100	174	153	172	136	117	77	130	65	49	90	39	32	32	99	45	43	23	27	38	19	42	29	28	34	16	18	8	18	17	16	12	10	10	10	16	6	14	15	11	14	9	7	12	0	6	8	11	6	5	9	7	2	8	8	5	2	0	10	3	4	6	1	9	2	4	3	1	5	4	0	6	5	6	2	2	1	2	4	0	1	1	1	1	1	1	0	0	1	2	1	1	2	2	0	1	1	4	3	0	0	3	1	2	0	0	1	3	0	1	0	0	0	0	0	3	3	0	0	0	0	0	0	3	0	0	0	4	0	0	0	0	0	0	0	0	2	0	0	1	0	0	0	0	0	0	0	0	0	1	1	1	0	0	0	0	0	0	0	0	0	0	0	0	0	0	0	0	0	0	0	0	0	0	0
0.03	north18_active	80	1603	1312	484	365	461	500	501	143	97	127	69	78	148	59	154	123	55	55	105	86	99	80	84	53	83	38	28	55	23	15	13	71	19	21	15	19	29	8	27	20	18	21	7	12	6	7	6	9	6	6	4	3	12	5	9	12	6	10	7	4	6	0	4	6	9	2	1	5	4	0	5	7	5	0	0	2	0	2	3	0	7	1	2	1	0	3	2	0	3	4	5	0	1	0	0	1	0	1	1	0	1	0	0	0	0	1	0	1	0	1	1	0	0	0	2	3	0	0	3	0	2	0	0	1	3	0	0	0	0	0	0	0	2	3	0	0	0	0	0	0	3	0	0	0	4	0	0	0	0	0	0	0	0	2	0	0	1	0	0	0	0	0	0	0	0	0	1	1	1	0	0	0	0	0	0	0	0	0	0	0	0	0	0	0	0	0	0	0	0	0	0	0
0.03	north19_all	80	2978	2135	930	716	857	817	858	299	227	252	175	176	227	111	290	215	103	96	173	161	150	113	136	54	165	66	64	90	43	36	30	81	50	36	27	29	30	29	39	31	31	34	24	22	7	22	20	13	11	11	8	9	18	9	12	18	9	13	9	9	9	2	7	5	14	6	7	13	8	2	10	5	8	1	0	7	4	4	5	1	6	1	6	2	1	4	5	0	4	3	4	2	4	0	2	4	1	1	1	1	3	1	1	0	0	1	1	1	0	3	2	1	1	1	3	0	0	0	0	0	2	1	0	1	3	0	0	0	0	0	0	1	3	1	0	0	0	0	0	0	3	0	0	0	4	0	0	0	0	0	2	0	0	0	0	0	1	0	0	0	0	0	0	0	0	0	1	1	1	0	0	0	0	0	0	1	0	0	0	0	0	0	0	0	0	0	0	0	0	0	0	0
0.03	north19_active	80	1559	1342	486	368	523	482	548	147	99	139	76	91	141	57	173	138	50	53	118	91	94	70	90	41	118	43	33	56	21	18	13	56	29	19	16	15	21	17	25	19	18	22	11	14	6	10	7	8	5	7	4	3	13	6	7	13	4	10	7	5	2	2	5	5	12	3	4	12	4	0	7	5	8	0	0	0	1	3	2	0	3	0	4	1	0	1	4	0	1	3	3	0	1	0	1	1	1	1	1	0	3	0	0	0	0	1	0	1	0	1	1	0	0	0	2	0	0	0	0	0	2	1	0	1	3	0	0	0	0	0	0	0	2	1	0	0	0	0	0	0	3	0	0	0	4	0	0	0	0	0	0	0	0	0	0	0	1	0	0	0	0	0	0	0	0	0	1	1	1	0	0	0	0	0	0	1	0	0	0	0	0	0	0	0	0	0	0	0	0	0	0	0
0.03	north20_all	80	2977	2192	862	709	894	829	820	302	223	266	181	186	249	110	315	202	112	85	176	159	128	106	145	62	174	61	61	68	42	37	31	83	52	40	27	19	33	29	32	28	33	24	24	18	11	23	17	14	9	11	6	11	14	8	13	16	11	16	7	9	9	3	4	4	13	4	6	13	11	2	6	4	10	2	1	8	2	2	6	0	12	1	4	1	0	6	2	0	3	1	4	0	6	1	1	2	1	0	0	0	2	4	1	1	1	2	1	1	0	2	0	2	1	0	6	0	0	0	0	1	0	1	0	1	4	4	0	0	1	1	0	1	0	0	0	0	0	0	0	0	4	0	2	0	5	0	0	0	0	0	2	0	0	0	0	0	1	0	0	0	0	0	0	0	0	0	1	1	1	0	0	0	0	0	0	1	0	0	0	0	0	0	0	0	0	0	0	0	0	0	0	0
0.03	north20_active	80	1541	1358	460	369	555	471	540	143	94	140	79	102	154	47	201	125	53	46	121	94	81	62	93	44	132	35	36	44	24	18	18	54	35	21	18	4	27	16	18	16	17	13	11	12	8	12	8	9	4	6	3	4	8	4	6	11	5	12	5	4	3	3	3	3	11	3	3	9	5	0	3	4	9	1	0	5	1	1	3	0	7	0	2	0	0	1	2	0	1	1	3	0	3	0	1	0	1	0	0	0	2	2	0	1	1	1	0	1	0	0	0	0	0	0	5	0	0	0	0	0	0	1	0	1	4	2	0	0	1	0	0	0	0	0	0	0	0	0	0	0	3	0	2	0	5	0	0	0	0	0	0	0	0	0	0	0	1	0	0	0	0	0	0	0	0	0	1	1	1	0	0	0	0	0	0	1	0	0	0	0	0	0	0	0	0	0	0	0	0	0	0	0
0.03	south21_all	80	3095	1488	755	693	571	1085	302	435	268	259	266	212	297	414	280	153	111	114	216	69	81	194	60	83	50	89	39	50	35	34	66	30	21	52	26	25	65	44	34	53	19	25	21	21	12	42	50	14	7	14	25	22	13	11	18	11	9	4	7	10	4	12	6	4	1	6	21	6	8	22	4	6	7	5	1	1	9	2	2	1	3	1	3	2	2	3	1	1	4	0	4	4	2	5	0	1	3	0	0	0	4	1	1	1	0	2	1	0	0	0	1	1	0	1	1	1	0	0	0	1	0	0	0	1	0	1	0	1	0	0	1	0	0	0	0	0	0	0	1	1	0	0	0	0	0	0	0	0	0	0	0	0	0	1	0	0	0	0	0	0	0	0	1	0	0	0	0	0	0	0	0	0	0	0	1	0	0	0	0	0	0	0	0	0	0	0	0	0	0	0	0	0
0.03	south21_active	80	1635	757	336	347	328	719	148	246	132	158	170	115	205	251	185	88	50	59	146	43	45	121	29	44	25	59	25	24	14	16	47	16	14	40	13	15	43	23	19	28	7	15	9	12	5	29	41	6	2	6	14	17	7	4	12	2	6	2	4	7	3	4	2	1	1	3	13	4	4	6	2	3	5	4	1	1	6	2	2	0	3	1	1	0	0	1	1	0	2	0	2	2	0	2	0	1	1	0	0	0	3	0	0	1	0	2	0	0	0	0	0	0	0	1	0	1	0	0	0	1	0	0	0	0	0	1	0	1	0	0	0	0	0	0	0	0	0	0	1	1	0	0	0	0	0	0	0	0	0	0	0	0	0	1	0	0	0	0	0	0	0	0	0	0	0	0	0	0	0	0	0	0	0	0	0	0	0	0	0	0	0	0	0	0	0	0	0	0	0	0	0	0
0.03	south22_all	80	3061	1551	741	670	571	1044	284	402	263	260	245	202	303	438	261	147	96	102	205	52	92	194	55	78	54	91	43	48	43	35	68	26	21	59	21	26	76	47	32	57	20	26	13	17	12	46	50	8	8	14	17	19	10	10	15	10	11	5	7	9	3	13	7	5	3	5	15	6	9	19	4	6	5	4	1	3	9	3	2	1	4	3	5	2	1	3	2	2	4	0	3	2	3	5	0	1	2	0	0	0	4	0	1	0	0	0	1	1	2	0	1	1	0	1	0	1	0	0	0	3	0	0	0	1	0	1	0	1	0	1	1	0	0	0	0	0	0	1	1	0	0	0	0	0	0	0	1	0	0	0	0	0	0	1	0	0	0	0	1	0	0	0	1	0	0	0	0	0	0	0	0	0	0	0	1	0	0	0	0	0	0	0	0	0	0	0	0	0	0	0	0	0
0.03	south22_active	80	1631	809	335	335	321	673	140	233	135	151	165	111	219	278	180	92	44	49	118	32	49	136	30	41	26	54	22	23	22	14	52	13	15	46	13	15	53	25	18	31	5	19	5	10	6	35	43	3	3	7	10	14	4	3	9	0	7	3	5	6	2	7	2	1	3	4	7	4	6	9	2	3	3	4	1	2	6	2	1	0	4	3	1	0	0	1	1	0	2	0	2	0	1	3	0	0	1	0	0	0	3	0	0	0	0	0	0	0	0	0	0	0	0	1	0	1	0	0	0	3	0	0	0	0	0	1	0	1	0	1	0	0	0	0	0	0	0	1	1	0	0	0	0	0	0	0	0	0	0	0	0	0	0	1	0	0	0	0	0	0	0	0	0	0	0	0	0	0	0	0	0	0	0	0	0	0	0	0	0	0	0	0	0	0	0	0	0	0	0	0	0	0
0.03	south23_all	80	3035	1592	723	673	538	997	287	405	243	261	227	201	279	406	239	154	80	88	201	53	97	153	62	73	44	93	41	47	48	39	73	29	30	75	25	29	84	51	34	64	23	33	10	17	13	49	41	9	10	18	15	15	6	8	18	8	9	7	10	11	3	11	5	7	4	5	9	8	6	11	3	4	3	4	2	2	13	3	1	1	2	5	4	1	2	4	8	3	3	0	2	2	5	4	2	1	0	0	0	0	0	2	0	0	0	0	0	1	2	0	1	0	0	2	0	0	0	0	0	2	0	0	0	1	0	0	2	0	0	2	1	0	0	0	0	1	0	1	0	0	0	0	0	0	0	0	1	0	0	0	1	0	0	1	0	0	0	0	1	0	0	0	1	0	0	0	0	0	0	0	0	0	0	0	1	0	0	0	0	0	0	0	0	0	0	0	0	0	0	1	0	0
0.03	south23_active	80	1608	816	329	346	288	619	147	218	110	152	154	111	199	257	166	95	38	46	119	30	54	105	35	36	17	58	21	24	22	19	57	13	20	59	16	18	58	30	22	34	6	23	5	9	5	34	34	3	5	8	7	10	2	1	15	1	3	5	6	8	3	5	1	2	3	4	5	3	4	4	1	2	1	4	2	1	8	2	0	0	1	4	1	0	1	2	7	0	3	0	1	0	3	3	1	0	0	0	0	0	0	2	0	0	0	0	0	0	0	0	0	0	0	1	0	0	0	0	0	2	0	0	0	0	0	0	2	0	0	2	0	0	0	0	0	1	0	1	0	0	0	0	0	0	0	0	0	0	0	0	0	0	0	1	0	0	0	0	0	0	0	0	0	0	0	0	0	0	0	0	0	0	0	0	0	0	0	0	0	0	0	0	0	0	0	0	0	0	0	0	0	0
0.03	south24_all	80	3106	1554	720	650	501	1013	279	406	235	270	232	197	275	416	243	145	74	78	184	59	95	158	58	65	46	110	30	36	41	39	72	32	34	97	29	29	85	33	30	57	22	28	6	16	13	47	35	6	7	22	16	12	3	11	18	6	7	8	12	11	5	12	5	5	4	4	4	7	4	7	3	5	2	8	2	2	12	4	2	2	2	6	8	1	4	3	9	3	4	0	0	3	3	1	4	1	0	0	1	1	1	2	1	1	3	0	0	1	2	0	1	0	0	3	0	0	0	0	0	3	0	1	0	0	0	0	2	0	0	2	0	0	0	0	0	1	0	1	0	0	0	0	0	0	0	0	1	0	0	0	1	0	0	1	0	0	0	0	1	0	0	0	0	0	0	0	0	0	0	0	0	0	0	0	0	0	0	0	0	0	0	0	0	0	0	0	0	0	0	1	0	0
0.03	south24_active	80	1666	782	327	330	266	625	132	231	115	160	152	116	201	290	173	89	35	36	99	36	54	108	33	41	19	70	13	19	18	16	55	21	22	68	19	16	66	20	20	36	5	18	2	11	6	31	27	1	5	10	11	7	0	3	12	1	2	5	6	8	3	6	1	2	3	3	2	3	3	3	1	2	0	7	2	1	5	2	0	0	1	5	2	0	2	2	8	0	4	0	0	2	3	1	2	0	0	0	1	0	0	2	1	1	3	0	0	0	0	0	0	0	0	1	0	0	0	0	0	3	0	0	0	0	0	0	2	0	0	2	0	0	0	0	0	1	0	1	0	0	0	0	0	0	0	0	0	0	0	0	0	0	0	1	0	0	0	0	0	0	0	0	0	0	0	0	0	0	0	0	0	0	0	0	0	0	0	0	0	0	0	0	0	0	0	0	0	0	0	0	0	0
0.03	south25_all	80	3154	1554	716	654	500	1039	296	399	230	276	226	221	288	459	260	142	76	73	220	73	90	148	54	63	40	121	29	40	32	40	67	29	32	104	35	23	85	34	31	57	22	30	13	17	14	51	35	11	7	21	33	14	4	13	19	5	7	8	12	10	10	12	4	6	3	2	6	5	2	8	3	7	2	10	2	2	13	4	3	3	2	4	6	2	4	1	10	1	11	2	0	2	2	0	5	1	0	1	2	1	1	2	1	2	3	0	0	0	1	0	0	0	1	2	0	0	0	0	1	3	0	1	0	0	0	0	2	0	1	2	0	0	0	0	1	1	0	1	0	0	0	0	0	1	0	0	0	0	0	0	1	0	0	0	0	0	0	0	0	0	0	0	0	0	0	0	0	0	0	0	0	0	0	0	0	0	1	0	0	0	0	0	0	0	0	0	0	0	0	1	0	0
0.03	south25_active	80	1694	786	327	336	271	653	135	221	113	173	141	131	210	315	178	90	36	35	137	32	46	101	32	39	20	78	12	20	13	19	49	17	19	68	23	12	57	23	20	40	6	19	6	8	7	32	18	6	4	13	25	8	1	9	13	3	2	4	6	7	6	5	3	3	2	2	3	1	1	6	1	3	1	8	2	1	5	1	1	0	1	3	2	1	2	1	9	0	10	0	0	2	2	0	3	0	0	1	2	0	0	2	1	1	3	0	0	0	0	0	0	0	0	0	0	0	0	0	1	3	0	0	0	0	0	0	2	0	0	2	0	0	0	0	1	1	0	1	0	0	0	0	0	1	0	0	0	0	0	0	0	0	0	0	0	0	0	0	0	0	0	0	0	0	0	0	0	0	0	0	0	0	0	0	0	0	1	0	0	0	0	0	0	0	0	0	0	0	0	0	0	0
0.03	south26_all	80	3138	1484	717	686	521	1042	318	392	236	262	245	227	282	440	274	133	85	84	221	83	92	159	56	69	52	127	38	38	26	40	77	33	19	102	37	19	71	31	22	57	19	30	18	21	13	43	41	15	7	28	46	19	9	15	15	6	9	9	11	9	15	13	5	6	4	2	6	6	1	10	4	6	3	11	1	3	4	4	7	3	1	1	6	2	5	0	12	2	11	2	0	3	2	0	4	1	0	1	2	1	1	10	1	2	5	0	0	0	0	0	1	1	1	1	0	0	1	0	1	1	0	1	0	0	0	0	0	0	1	0	0	0	0	0	1	1	0	0	0	0	0	0	0	1	0	0	0	0	0	4	0	0	0	0	0	0	0	0	0	0	0	0	0	0	0	0	0	0	0	0	0	0	0	0	0	0	1	0	0	0	0	0	0	0	0	0	0	0	0	0	0	0
0.03	south26_active	80	1688	744	345	353	277	627	142	223	123	161	156	137	198	289	180	78	39	38	137	41	51	102	30	42	29	79	17	18	13	22	57	17	9	63	20	8	50	23	12	44	6	16	7	10	7	26	27	9	3	15	37	12	5	11	9	4	3	4	5	6	5	7	4	4	2	1	2	3	0	6	1	3	1	8	1	2	1	0	2	0	0	1	2	1	3	0	11	0	10	0	0	3	1	0	3	0	0	1	2	0	0	10	1	1	5	0	0	0	0	0	0	0	0	0	0	0	0	0	1	1	0	0	0	0	0	0	0	0	0	0	0	0	0	0	1	1	0	0	0	0	0	0	0	1	0	0	0	0	0	0	0	0	0	0	0	0	0	0	0	0	0	0	0	0	0	0	0	0	0	0	0	0	0	0	0	0	1	0	0	0	0	0	0	0	0	0	0	0	0	0	0	0
0.03	south27_all	80	3132	1453	734	675	530	1013	328	389	262	262	258	222	305	463	283	133	97	94	225	89	94	162	56	68	52	112	46	44	24	44	62	30	22	110	31	19	58	33	23	69	24	24	22	19	15	47	52	16	11	27	49	22	12	13	12	6	8	8	6	6	13	11	6	6	7	4	13	6	4	10	4	6	3	6	1	4	4	4	8	2	1	0	6	2	1	0	5	2	11	2	0	2	2	2	1	1	0	2	2	0	1	10	1	1	3	0	0	0	0	0	1	1	1	1	0	0	1	0	1	0	0	0	0	0	0	0	1	0	1	0	0	0	0	0	1	0	0	0	0	0	0	0	0	1	0	0	0	0	0	4	0	0	0	0	0	0	0	0	0	0	0	0	0	0	0	0	0	0	0	0	0	0	0	0	0	0	1	0	0	0	0	0	0	0	0	0	0	0	0	0	0	0
0.03	south27_active	80	1685	753	351	373	272	634	155	215	135	150	149	136	209	313	177	76	50	43	154	43	52	107	34	45	30	68	20	20	11	22	45	9	11	76	15	6	39	21	14	49	8	16	9	7	6	26	26	10	4	17	39	15	6	10	7	5	3	4	3	3	3	9	3	4	4	1	6	4	1	6	1	4	1	3	1	2	2	1	4	1	1	0	2	1	1	0	3	1	10	0	0	2	1	1	1	0	0	2	2	0	0	10	1	0	3	0	0	0	0	0	0	0	0	0	0	0	0	0	1	0	0	0	0	0	0	0	1	0	0	0	0	0	0	0	1	0	0	0	0	0	0	0	0	1	0	0	0	0	0	0	0	0	0	0	0	0	0	0	0	0	0	0	0	0	0	0	0	0	0	0	0	0	0	0	0	0	1	0	0	0	0	0	0	0	0	0	0	0	0	0	0	0
0.03	south28_all	80	3044	1417	746	669	528	1082	302	383	253	258	260	205	328	425	281	127	96	90	220	93	94	171	54	66	53	101	48	42	30	35	57	37	27	81	27	23	72	34	23	72	24	25	23	25	14	43	53	15	12	27	50	22	15	10	6	5	11	6	8	4	12	9	6	7	8	3	18	9	3	3	3	7	3	8	0	5	6	2	9	2	5	2	2	1	2	2	6	2	4	3	0	5	3	2	1	2	0	1	1	0	0	10	0	1	2	2	0	0	0	0	1	2	0	0	0	0	1	0	0	0	0	0	0	0	0	0	1	0	0	0	0	0	1	0	1	0	0	0	0	0	0	0	0	1	0	0	0	0	0	4	0	0	0	0	0	0	0	0	0	0	0	1	1	0	0	0	0	0	0	0	0	0	0	3	0	0	1	0	0	0	0	1	0	0	0	0	0	0	0	0	0	0
0.03	south28_active	80	1617	734	347	358	263	690	131	204	127	137	149	122	211	291	165	70	54	43	151	54	53	113	28	40	26	63	20	22	17	17	38	13	13	61	14	8	45	21	14	53	9	14	7	10	4	23	28	8	3	17	41	14	10	8	4	4	4	4	3	2	4	7	3	4	4	0	4	7	1	1	2	5	1	5	0	4	4	1	5	1	4	1	1	0	1	1	4	1	4	0	0	3	2	1	0	0	0	1	1	0	0	10	0	0	2	0	0	0	0	0	0	0	0	0	0	0	0	0	0	0	0	0	0	0	0	0	1	0	0	0	0	0	0	0	1	0	0	0	0	0	0	0	0	1	0	0	0	0	0	0	0	0	0	0	0	0	0	0	0	0	0	0	1	0	0	0	0	0	0	0	0	0	0	3	0	0	1	0	0	0	0	1	0	0	0	0	0	0	0	0	0	0
0.03	south29_all	80	3090	1406	749	688	502	1003	278	351	249	243	236	195	341	421	262	129	88	91	191	94	92	170	48	63	50	100	43	45	27	40	48	37	32	74	26	27	57	32	29	51	25	23	19	18	15	49	50	9	10	29	27	17	11	6	8	3	12	5	7	6	7	6	5	7	8	3	20	7	6	1	4	7	4	5	0	4	4	1	8	3	7	3	1	3	1	3	4	2	4	1	1	5	2	3	1	1	0	1	2	2	0	0	0	0	0	2	1	0	4	0	0	2	0	0	0	0	1	0	2	0	0	0	0	0	0	0	1	0	0	0	0	0	1	1	0	0	0	0	0	0	0	0	0	0	0	1	0	0	0	0	0	0	0	0	0	0	1	0	0	0	0	1	1	0	0	0	0	0	0	0	0	0	0	3	0	0	0	0	0	0	0	1	0	0	0	0	0	0	0	0	1	0
0.03	south29_active	80	1622	731	342	356	245	655	123	194	126	118	123	109	213	280	159	69	48	49	134	53	54	112	26	36	23	59	18	21	15	17	29	17	19	56	17	14	34	19	20	35	8	13	6	7	6	32	30	5	4	19	22	10	6	3	5	2	5	3	2	2	2	4	3	4	4	0	5	6	2	0	2	6	1	3	0	2	3	1	7	2	5	2	0	1	0	1	2	1	1	0	1	3	1	2	0	0	0	1	2	0	0	0	0	0	0	0	0	0	1	0	0	0	0	0	0	0	0	0	1	0	0	0	0	0	0	0	1	0	0	0	0	0	0	1	0	0	0	0	0	0	0	0	0	0	0	1	0	0	0	0	0	0	0	0	0	0	1	0	0	0	0	0	1	0	0	0	0	0	0	0	0	0	0	3	0	0	0	0	0	0	0	1	0	0	0	0	0	0	0	0	1	0
0.03	south30_all	80	3017	1337	744	702	486	961	295	344	225	249	228	188	342	418	240	121	89	77	182	89	89	165	44	73	45	90	30	42	32	38	51	31	29	53	29	33	54	36	32	46	21	27	16	20	14	41	36	10	7	23	20	15	10	8	9	2	11	4	5	4	7	5	6	6	6	3	20	8	6	6	7	7	2	9	3	4	5	1	6	3	9	4	0	4	1	3	3	0	3	2	1	7	1	3	1	1	1	1	1	2	1	3	0	1	0	3	1	0	4	0	0	1	0	2	0	0	0	1	2	2	0	1	0	1	0	0	1	0	0	0	0	0	2	2	0	0	0	0	4	0	0	0	0	0	0	1	0	0	0	0	5	0	3	0	0	0	1	0	0	0	0	1	1	0	0	0	0	0	0	0	0	0	0	3	0	0	0	0	0	0	0	1	0	0	0	0	0	0	0	0	1	0
0.03	south30_active	80	1567	688	333	360	236	621	134	192	119	131	120	99	204	258	148	59	44	38	128	51	51	115	22	41	23	56	14	17	17	17	29	13	15	45	15	18	25	23	20	36	7	12	6	9	8	26	23	7	3	17	15	10	6	2	4	2	5	2	1	2	3	2	5	3	4	0	5	4	2	4	3	5	1	5	1	3	3	1	6	2	7	3	0	1	0	1	2	0	0	1	1	3	1	2	0	0	1	0	1	0	0	2	0	0	0	1	0	0	1	0	0	0	0	2	0	0	0	0	1	1	0	0	0	1	0	0	1	0	0	0	0	0	0	2	0	0	0	0	4	0	0	0	0	0	0	1	0	0	0	0	5	0	3	0	0	0	1	0	0	0	0	0	1	0	0	0	0	0	0	0	0	0	0	3	0	0	0	0	0	0	0	1	0	0	0	0	0	0	0	0	1	0
0.03	south31_all	80	3169	1444	762	703	524	1027	288	315	254	268	295	226	340	407	255	149	90	98	224	83	102	197	48	90	36	97	44	40	29	27	77	40	21	70	36	27	87	36	26	42	18	28	19	19	15	49	42	10	13	29	43	23	8	8	17	6	11	6	9	4	4	5	8	10	4	6	16	5	9	19	4	2	7	8	1	4	18	2	12	3	1	8	2	3	1	4	5	1	3	2	0	4	3	2	1	0	0	1	0	2	0	4	0	3	1	0	0	0	5	2	2	1	0	6	1	0	2	0	0	0	1	1	0	0	1	0	2	0	9	4	0	0	1	0	0	0	0	0	0	0	0	0	0	0	1	0	1	0	0	0	0	0	2	0	0	1	0	0	0	0	0	0	2	0	0	0	0	0	0	0	0	0	0	0	0	0	0	0	0	0	1	0	0	0	0	0	0	0	0	0	0	0
0.03	south31_active	80	1688	755	339	371	266	670	134	176	126	148	176	124	219	240	166	87	41	56	170	46	61	107	30	59	17	53	23	23	13	15	54	19	13	39	26	10	71	25	17	32	8	16	8	12	4	37	28	3	8	22	31	15	4	6	10	2	5	5	6	3	4	3	4	3	3	4	11	1	5	16	3	1	5	4	0	1	13	1	12	2	1	5	1	2	0	0	2	0	2	0	0	2	3	1	0	0	0	0	0	1	0	4	0	3	0	0	0	0	3	2	1	0	0	6	0	0	2	0	0	0	1	0	0	0	1	0	2	0	1	3	0	0	1	0	0	0	0	0	0	0	0	0	0	0	1	0	1	0	0	0	0	0	0	0	0	1	0	0	0	0	0	0	0	0	0	0	0	0	0	0	0	0	0	0	0	0	0	0	0	0	1	0	0	0	0	0	0	0	0	0	0	0
0.03	south32_all	80	3177	1416	750	703	514	987	291	329	257	235	301	220	370	408	268	134	88	99	215	90	104	171	48	102	37	111	42	44	27	24	73	33	20	78	28	23	80	37	17	46	18	29	16	22	16	40	37	9	10	26	31	23	10	11	24	5	10	9	5	7	4	5	6	11	2	9	9	5	5	7	5	3	6	8	3	4	18	3	17	2	1	6	1	3	1	1	2	1	3	2	3	4	1	1	2	1	0	1	0	2	0	3	0	3	1	0	0	0	2	2	2	1	0	1	1	0	2	0	0	0	0	1	0	0	1	0	1	1	9	4	1	0	1	0	0	0	0	0	0	0	0	0	0	0	0	0	0	1	0	0	0	0	0	0	0	1	2	0	0	0	0	0	2	0	0	0	0	0	0	0	0	0	0	0	0	0	0	0	0	0	1	0	0	0	0	0	0	0	0	0	0	0
0.03	south32_active	80	1739	733	335	366	266	663	118	187	134	132	186	118	238	259	180	80	33	55	162	54	62	100	27	66	17	66	20	27	11	16	47	16	12	49	18	14	67	23	12	34	6	15	7	16	5	27	33	4	5	18	17	18	6	8	16	2	5	6	5	4	3	3	3	6	1	4	5	0	2	6	3	1	4	4	2	1	11	0	17	1	0	4	0	3	0	0	1	0	2	0	2	2	1	1	0	0	0	0	0	1	0	3	0	2	0	0	0	0	1	1	1	0	0	1	0	0	2	0	0	0	0	0	0	0	1	0	1	0	1	3	0	0	1	0	0	0	0	0	0	0	0	0	0	0	0	0	0	0	0	0	0	0	0	0	0	1	2	0	0	0	0	0	0	0	0	0	0	0	0	0	0	0	0	0	0	0	0	0	0	0	1	0	0	0	0	0	0	0	0	0	0	0
0.03	south33_all	80	3222	1446	742	684	522	952	291	337	240	253	281	234	365	438	251	114	94	90	179	82	95	163	44	107	39	112	35	43	25	34	67	27	21	94	29	22	87	42	14	40	16	32	12	22	21	36	41	7	9	24	31	19	8	13	18	5	5	8	5	7	7	9	6	8	3	7	7	6	7	3	4	3	6	9	3	4	14	3	16	2	1	4	2	4	1	4	2	0	0	1	3	2	0	1	1	1	1	0	0	0	0	3	0	2	2	0	0	0	3	2	2	1	0	2	1	1	1	0	0	0	1	0	0	0	2	0	1	2	8	4	1	0	0	0	0	0	0	0	0	0	0	0	0	1	0	0	0	1	0	0	0	0	0	0	0	1	2	0	0	1	0	0	2	0	0	0	0	0	0	0	0	0	0	0	0	0	1	0	0	0	0	0	0	0	0	0	0	0	0	0	0	0
0.03	south33_active	80	1764	724	324	366	274	651	129	204	114	140	171	128	226	296	163	62	33	50	132	47	54	103	22	60	17	71	16	21	13	18	43	13	12	61	17	14	71	32	8	25	7	17	6	17	7	26	37	4	4	16	16	12	4	7	12	3	3	5	5	4	4	6	2	5	3	4	4	2	3	3	3	1	4	4	2	2	5	0	15	2	0	2	1	2	0	3	1	0	0	0	2	2	0	1	0	0	1	0	0	0	0	3	0	0	1	0	0	0	2	1	1	0	0	1	0	1	1	0	0	0	1	0	0	0	2	0	1	1	0	3	0	0	0	0	0	0	0	0	0	0	0	0	0	0	0	0	0	0	0	0	0	0	0	0	0	1	2	0	0	1	0	0	0	0	0	0	0	0	0	0	0	0	0	0	0	0	0	0	0	0	0	0	0	0	0	0	0	0	0	0	0	0
0.03	south34_all	80	3225	1427	729	668	544	984	298	366	257	253	293	254	348	465	210	102	85	80	188	72	84	164	50	97	46	110	36	54	31	36	55	25	17	94	33	26	61	53	16	35	12	39	9	25	14	42	39	10	6	21	26	20	7	17	18	7	4	5	9	8	8	7	2	7	3	3	19	7	6	11	3	3	7	7	3	2	13	3	14	2	1	3	2	3	0	11	2	0	2	0	3	2	0	2	1	1	1	0	0	0	0	3	0	2	1	0	0	0	2	1	1	0	0	1	0	2	2	0	0	1	1	1	0	0	1	0	1	2	0	1	1	0	0	0	0	0	0	0	0	0	0	0	0	1	0	0	0	1	0	0	0	1	0	0	0	0	2	0	0	1	0	1	2	0	0	0	0	0	0	0	0	0	0	0	0	0	1	0	0	0	0	0	0	0	0	0	0	0	0	0	0	0
0.03	south34_active	80	1743	729	326	361	296	677	130	230	122	134	166	149	227	325	151	52	31	44	131	42	43	105	23	54	24	72	16	26	16	17	32	11	10	61	15	15	42	42	7	14	7	23	5	18	5	31	34	7	2	12	14	14	4	9	12	5	2	1	6	5	3	5	0	5	3	0	17	4	3	9	2	1	4	4	2	1	5	0	13	2	0	0	1	1	0	11	1	0	0	0	2	2	0	1	0	0	1	0	0	0	0	3	0	0	1	0	0	0	2	0	1	0	0	0	0	2	1	0	0	0	1	1	0	0	1	0	1	1	0	0	0	0	0	0	0	0	0	0	0	0	0	0	0	0	0	0	0	0	0	0	0	0	0	0	0	0	2	0	0	1	0	0	0	0	0	0	0	0	0	0	0	0	0	0	0	0	0	0	0	0	0	0	0	0	0	0	0	0	0	0	0	0
0.03	south35_all	80	3197	1495	752	648	561	977	293	375	250	280	290	287	322	471	240	98	96	80	164	68	80	161	56	93	48	111	39	53	41	39	66	23	24	72	37	26	61	54	26	55	12	45	14	25	15	55	44	14	4	22	25	19	3	15	12	12	6	3	9	4	8	8	2	5	4	5	30	8	4	14	2	7	3	6	4	1	14	2	10	3	2	3	2	2	0	12	3	1	3	1	1	1	3	1	0	1	1	0	0	0	2	3	1	2	1	2	0	0	3	0	0	1	0	1	0	2	2	0	0	2	1	1	0	1	1	0	0	1	2	0	1	0	0	0	0	0	0	0	0	0	0	0	0	1	0	0	0	0	0	0	0	1	0	0	0	0	0	0	0	1	0	1	0	0	0	0	0	0	0	0	0	0	0	0	0	0	1	0	0	0	0	0	0	0	0	0	0	0	0	0	0	0
0.03	south35_active	80	1720	796	346	353	296	653	127	226	120	144	160	157	213	322	181	41	38	49	111	37	38	114	23	43	24	73	20	18	19	17	40	8	10	39	16	13	39	46	12	33	7	23	7	18	8	45	39	10	1	13	14	12	2	7	9	6	3	1	5	3	3	6	0	4	3	3	26	5	1	7	2	5	1	3	4	1	10	0	9	2	2	0	2	0	0	11	1	0	0	0	1	1	3	0	0	0	1	0	0	0	2	3	0	1	1	2	0	0	2	0	0	1	0	0	0	2	1	0	0	1	1	1	0	1	1	0	0	1	1	0	0	0	0	0	0	0	0	0	0	0	0	0	0	0	0	0	0	0	0	0	0	0	0	0	0	0	0	0	0	1	0	0	0	0	0	0	0	0	0	0	0	0	0	0	0	0	0	0	0	0	0	0	0	0	0	0	0	0	0	0	0	0
0.03	south36_all	80	3291	1444	745	672	545	982	290	363	252	283	287	261	352	453	263	107	91	85	178	59	89	178	53	108	55	119	39	48	38	37	74	26	27	63	42	25	62	51	28	66	9	51	17	25	15	51	42	13	6	19	21	19	4	15	7	10	9	4	8	10	5	6	3	1	2	4	37	7	2	15	3	9	5	5	5	0	13	1	4	5	4	5	2	0	2	9	2	1	6	1	0	1	8	1	0	2	1	0	0	0	3	0	1	1	1	3	0	0	2	1	2	1	1	1	0	1	1	0	0	2	0	1	0	1	1	0	0	1	2	0	0	0	0	0	0	2	1	0	0	0	0	0	0	0	0	0	0	0	0	0	0	1	0	0	0	0	0	0	0	1	0	1	0	0	0	2	0	0	0	0	0	0	0	0	0	0	0	0	0	0	0	0	0	0	0	0	0	0	0	0	0	0
0.03	south36_active	80	1758	777	361	355	288	630	123	212	122	154	161	141	238	289	199	50	44	48	118	33	48	129	26	64	26	80	22	18	19	16	40	12	10	44	21	8	39	44	11	38	5	28	8	15	7	41	34	8	0	10	8	11	2	7	5	4	4	1	4	8	2	3	0	1	1	3	27	4	2	7	1	5	2	2	3	0	10	1	1	3	3	2	1	0	1	8	1	0	3	0	0	1	7	0	0	0	0	0	0	0	3	0	0	1	1	3	0	0	1	0	1	1	0	0	0	1	0	0	0	1	0	1	0	1	1	0	0	1	1	0	0	0	0	0	0	2	1	0	0	0	0	0	0	0	0	0	0	0	0	0	0	0	0	0	0	0	0	0	0	1	0	0	0	0	0	0	0	0	0	0	0	0	0	0	0	0	0	0	0	0	0	0	0	0	0	0	0	0	0	0	0	0
0.03	south37_all	80	3232	1395	759	679	520	1035	284	357	237	290	262	248	372	424	262	118	98	89	195	67	90	176	56	104	50	118	45	41	39	39	78	23	35	61	32	26	62	35	26	60	15	45	17	19	12	55	42	12	9	14	33	16	4	9	7	8	11	7	6	11	6	10	2	1	3	5	47	8	4	10	4	9	5	3	7	0	11	2	3	5	5	4	2	1	3	1	1	1	5	1	1	1	8	1	0	2	1	1	0	0	3	3	1	1	1	3	1	1	2	1	2	1	1	0	0	1	0	1	0	4	0	0	1	1	0	0	0	0	2	0	0	0	0	0	0	2	1	0	0	0	0	0	0	0	0	0	0	0	0	4	0	0	0	0	0	0	0	0	0	1	0	1	0	0	0	2	0	0	0	0	0	0	0	0	0	0	0	0	0	0	0	0	0	0	0	0	0	0	0	0	0	0
0.03	south37_active	80	1715	733	365	346	257	660	128	205	125	166	161	139	243	289	195	66	50	47	128	34	49	127	29	66	20	70	26	15	20	18	47	12	18	44	13	11	40	27	11	35	7	21	7	9	5	44	32	6	1	10	20	8	2	4	4	3	7	1	2	8	4	5	0	1	1	4	34	5	4	4	2	5	2	2	4	0	10	1	1	3	4	2	1	1	1	0	0	0	3	0	1	1	7	0	0	0	0	1	0	0	3	1	0	1	0	3	0	1	1	0	1	1	0	0	0	1	0	0	0	3	0	0	1	1	0	0	0	0	1	0	0	0	0	0	0	2	1	0	0	0	0	0	0	0	0	0	0	0	0	4	0	0	0	0	0	0	0	0	0	1	0	0	0	0	0	0	0	0	0	0	0	0	0	0	0	0	0	0	0	0	0	0	0	0	0	0	0	0	0	0	0	0
0.03	south38_all	80	3205	1410	777	695	543	1124	267	345	264	292	253	241	355	407	259	123	100	101	179	73	82	198	54	98	46	131	36	39	28	35	83	24	34	73	28	28	57	33	21	62	14	40	16	13	9	29	43	7	12	15	29	24	5	8	9	5	9	9	3	12	5	12	5	1	4	2	37	9	5	11	6	6	4	3	7	0	11	2	6	3	5	6	2	1	3	1	1	1	5	0	2	0	5	1	0	3	1	1	1	0	2	4	1	0	1	3	1	1	3	1	2	0	2	0	0	0	0	1	0	2	0	1	1	1	0	0	0	0	1	0	0	0	0	0	1	2	1	0	0	0	0	0	0	0	0	0	1	0	1	4	0	1	0	0	0	0	0	0	0	1	0	0	0	0	0	2	1	0	0	0	0	0	0	0	0	0	0	0	0	0	0	0	0	0	0	0	0	0	0	0	0	0
0.03	south38_active	80	1673	706	372	348	279	726	125	195	131	180	153	137	214	285	184	75	54	55	109	41	48	143	27	64	22	88	20	17	13	17	60	14	20	53	14	11	39	26	7	36	5	21	5	5	2	22	23	1	4	9	18	17	1	5	5	3	6	2	2	8	5	6	0	1	1	2	26	3	4	6	4	3	2	2	2	0	10	1	4	2	4	4	1	1	1	0	0	0	3	0	2	0	4	0	0	0	0	1	1	0	2	2	0	0	0	3	0	1	1	0	1	0	0	0	0	0	0	0	0	2	0	1	1	1	0	0	0	0	0	0	0	0	0	0	0	2	1	0	0	0	0	0	0	0	0	0	0	0	0	4	0	0	0	0	0	0	0	0	0	1	0	0	0	0	0	0	1	0	0	0	0	0	0	0	0	0	0	0	0	0	0	0	0	0	0	0	0	0	0	0	0	0
0.03	south39_all	80	3101	1415	750	703	515	1100	289	352	255	285	223	221	330	380	230	126	99	82	179	77	68	179	60	107	43	136	38	47	35	34	81	25	28	68	22	30	69	38	20	41	17	35	12	13	5	28	27	7	11	24	27	27	10	11	8	9	10	7	4	8	5	16	4	5	4	4	26	9	5	20	5	5	4	3	5	2	11	2	6	2	4	4	1	1	3	2	0	2	3	0	3	1	6	1	0	3	0	1	1	3	2	4	1	0	1	1	1	2	1	1	1	1	4	0	0	0	0	1	0	2	0	1	1	0	0	0	0	0	0	0	0	1	0	0	1	0	0	1	0	0	0	0	0	0	0	0	1	0	1	4	0	1	0	0	1	0	0	0	0	1	0	0	0	0	0	0	1	0	0	0	0	1	0	0	0	0	0	0	0	0	0	0	0	0	0	0	0	0	0	0	0	0
0.03	south39_active	80	1613	704	355	362	249	692	135	198	116	172	128	128	202	275	148	74	49	41	100	44	38	117	28	70	21	89	15	23	14	17	62	11	16	50	12	17	43	29	9	26	7	23	5	7	1	14	8	3	5	17	16	21	3	8	5	2	8	1	2	6	5	8	1	3	2	2	22	3	3	13	5	3	3	1	2	0	10	1	4	1	2	2	0	1	0	1	0	0	0	0	3	0	5	0	0	1	0	1	1	3	2	2	1	0	0	1	0	1	0	0	1	1	1	0	0	0	0	0	0	2	0	1	1	0	0	0	0	0	0	0	0	1	0	0	0	0	0	0	0	0	0	0	0	0	0	0	0	0	0	4	0	0	0	0	1	0	0	0	0	1	0	0	0	0	0	0	1	0	0	0	0	0	0	0	0	0	0	0	0	0	0	0	0	0	0	0	0	0	0	0	0	0
0.03	south40_all	80	3011	1494	743	694	509	1004	274	343	250	264	215	211	310	376	200	123	88	76	157	77	73	192	58	90	48	145	35	52	40	26	60	27	27	52	20	28	56	43	21	41	16	23	15	11	11	18	33	11	14	23	28	26	7	17	10	11	10	5	4	5	4	13	4	6	4	4	24	9	5	16	6	4	4	3	7	2	10	0	7	2	2	4	1	0	3	2	0	3	4	2	3	4	5	1	0	2	0	2	1	5	2	3	1	0	0	1	1	1	1	1	0	1	3	0	0	0	0	2	0	1	0	1	1	1	0	0	0	0	0	0	0	1	0	0	1	0	0	1	0	0	0	0	0	0	0	0	4	0	1	0	0	1	0	0	1	0	0	0	0	0	0	0	0	0	0	0	1	0	0	0	0	1	0	0	0	0	0	0	0	0	0	0	0	0	0	0	0	0	1	0	0	0
0.03	south40_active	80	1525	726	343	358	253	649	121	180	113	170	119	120	207	266	122	69	39	36	88	39	39	118	27	57	22	92	11	26	17	15	46	13	14	37	12	14	33	30	8	21	4	17	7	6	3	8	13	4	7	15	18	19	2	12	5	3	9	2	1	4	4	8	1	3	2	2	23	4	1	10	5	3	3	1	3	0	9	0	4	0	0	2	0	0	0	1	0	0	1	1	3	2	1	0	0	1	0	2	1	5	2	2	1	0	0	1	1	0	0	0	0	1	1	0	0	0	0	1	0	1	0	1	1	0	0	0	0	0	0	0	0	1	0	0	0	0	0	0	0	0	0	0	0	0	0	0	3	0	0	0	0	0	0	0	1	0	0	0	0	0	0	0	0	0	0	0	1	0	0	0	0	0	0	0	0	0	0	0	0	0	0	0	0	0	0	0	0	0	0	0	0	0
