label	Group	numOtus	Otu0	Otu1	Otu2	Otu3	Otu4	Otu5	Otu6	Otu7	Otu8	Otu9	Otu10	Otu11	Otu12	Otu13	Otu14	Otu15	Otu16	Otu17	Otu18	Otu19	Otu20	Otu21	Otu22	Otu23	Otu24	Otu25	Otu26	Otu27	Otu28	Otu29	Otu30	Otu31	Otu32	Otu33	Otu34	Otu35	Otu36	Otu37	Otu38	Otu39	Otu40	Otu41	Otu42	Otu43	Otu44	Otu45	Otu46	Otu47	Otu48	Otu49	Otu50	Otu51	Otu52	Otu53	Otu54	Otu55	Otu56	Otu57	Otu58	Otu59	Otu60	Otu61	Otu62	Otu63	Otu64	Otu65	Otu66	Otu67	Otu68	Otu69	Otu70	Otu71	Otu72	Otu73	Otu74	Otu75	Otu76	Otu77	Otu78	Otu79	Otu80	Otu81	Otu82	Otu83	Otu84	Otu85	Otu86	Otu87	Otu88	Otu89	Otu90	Otu91	Otu92	Otu93	Otu94	Otu95	Otu96	Otu97	Otu98	Otu99	Otu100	Otu101	Otu102	Otu103	Otu104	Otu105	Otu106	Otu107	Otu108	Otu109	Otu110	Otu111	Otu112	Otu113	Otu114	Otu115	Otu116	Otu117	Otu118	Otu119	Otu120
0.03	north1_all	80	56615	12308	7165	4828	8990	7175	6146	5285	1453	1390	1126	946	971	919	682	561	881	452	972	343	267	284	228	518	186	498	336	136	181	174	80	76	106	109	58	87	79	95	86	104	25	25	39	25	25	17	19	39	24	24	14	13	46	35	9	10	7	7	19	7	3	5	23	4	1	5	6	0	13	0	2	0	1	1	1	1	0	2	0	1	1	2	1	1	0	1	2	1	0	0	0	1	0	0	0	1	0	0	1	0	0	0	0	0	0	0	0	0	0	3	0	0	0	0	0	0	0	0	0	3	0
0.03	north1_active	80	48742	5143	2119	1034	7838	6209	5480	4713	467	625	230	298	610	519	348	277	708	189	869	171	97	153	55	443	104	451	295	36	131	129	21	18	64	71	26	57	61	86	64	92	4	6	11	6	4	8	13	34	20	14	5	3	42	33	1	4	2	6	17	3	1	1	22	1	1	1	6	0	13	0	1	0	0	1	0	1	0	1	0	0	0	1	0	0	0	0	1	0	0	0	0	0	0	0	0	0	0	0	1	0	0	0	0	0	0	0	0	0	0	3	0	0	0	0	0	0	0	0	0	3	0
0.03	north2_all	80	56849	12298	7210	4920	8770	7164	6318	5267	1474	1325	1119	952	1008	903	673	576	862	472	981	327	282	288	221	532	183	496	365	134	153	149	80	83	97	108	64	64	74	75	69	114	25	21	33	23	24	19	26	23	30	26	6	15	25	21	7	8	9	12	19	7	3	1	14	5	3	6	7	0	13	0	1	0	1	4	1	1	2	2	0	1	6	1	0	1	0	2	0	8	2	0	0	1	0	0	0	1	0	0	1	0	1	0	0	0	0	0	0	0	0	1	0	0	0	0	0	0	0	0	0	0	0
0.03	north2_active	80	48986	5196	2108	1000	7627	6184	5611	4701	457	595	243	293	636	502	325	287	710	192	876	165	91	148	60	462	104	450	326	34	109	101	16	18	53	67	20	33	61	64	49	102	4	6	10	7	4	9	17	20	24	16	3	4	14	19	0	3	4	9	17	4	2	0	13	2	3	2	7	0	13	0	1	0	0	4	0	1	0	1	0	0	5	0	0	0	0	0	0	8	2	0	0	0	0	0	0	0	0	0	1	0	0	0	0	0	0	0	0	0	0	1	0	0	0	0	0	0	0	0	0	0	0
0.03	north3_all	80	56526	12168	7090	4970	9011	7024	6272	5192	1531	1292	1116	945	1018	898	705	558	873	443	941	328	285	272	192	526	183	496	395	121	139	168	85	96	89	100	51	72	64	78	73	103	29	24	36	27	28	19	25	28	38	25	9	17	20	11	6	8	7	10	3	6	3	1	19	4	2	4	6	0	9	1	3	1	1	3	1	1	2	1	0	0	6	2	1	1	0	1	0	8	2	0	0	0	0	0	0	1	0	0	0	0	1	0	0	0	0	0	0	0	0	1	0	0	0	0	8	0	0	0	0	0	0
0.03	north3_active	80	48658	5114	2045	1052	7893	6071	5531	4609	468	580	250	286	649	503	326	266	721	188	836	151	85	145	59	468	99	447	362	29	97	122	13	24	51	68	16	40	46	68	58	89	8	5	13	10	5	6	17	24	33	16	4	4	9	10	0	3	5	7	2	3	2	0	17	2	2	1	6	0	9	1	1	1	0	3	0	1	0	0	0	0	5	0	0	0	0	0	0	8	2	0	0	0	0	0	0	0	0	0	0	0	0	0	0	0	0	0	0	0	0	1	0	0	0	0	8	0	0	0	0	0	0
0.03	north4_all	80	56484	12130	7138	4986	9122	6824	6231	5009	1553	1313	1084	921	1035	886	661	590	804	444	964	339	282	280	196	561	192	475	403	118	136	177	90	100	92	93	62	66	69	93	66	74	30	25	32	23	25	14	22	39	52	20	7	15	31	11	7	9	6	11	11	7	3	2	8	1	7	4	6	0	2	1	4	2	1	3	5	2	2	0	0	0	5	1	1	0	2	1	0	8	2	0	0	0	0	0	0	0	1	0	0	0	1	0	0	0	0	0	0	0	0	0	0	0	0	0	8	0	0	0	0	0	0
0.03	north4_active	80	48540	5100	2079	1063	8010	5914	5488	4418	508	589	238	267	635	514	313	287	647	183	861	153	86	159	58	505	113	426	372	22	94	135	13	25	56	66	19	34	52	84	49	62	8	5	11	9	8	4	15	32	47	15	3	5	21	8	0	3	4	8	11	2	1	0	7	1	7	2	6	0	2	1	1	1	0	3	4	0	0	0	0	0	5	0	0	0	0	0	0	8	2	0	0	0	0	0	0	0	1	0	0	0	0	0	0	0	0	0	0	0	0	0	0	0	0	0	8	0	0	0	0	0	0
0.03	north5_all	80	56603	12060	7091	4971	9085	6733	5980	5017	1573	1328	1124	881	1024	835	654	626	825	426	963	318	268	289	206	548	200	476	420	122	154	224	105	94	72	90	56	64	67	93	49	56	35	21	30	25	21	14	20	47	58	19	7	13	58	16	4	7	8	7	15	7	2	4	12	2	9	3	17	0	0	2	3	2	0	6	4	2	2	0	0	6	0	2	1	0	2	1	0	8	0	0	0	0	0	0	0	0	1	0	0	0	0	0	0	0	0	0	0	0	0	0	0	3	0	0	8	0	0	0	0	0	0
0.03	north5_active	80	48653	5076	2091	1091	7961	5843	5255	4401	513	605	237	266	631	470	335	335	648	183	858	135	78	162	58	484	120	415	382	25	112	190	21	23	53	75	19	36	54	86	33	49	11	5	9	9	6	6	14	40	53	13	2	4	45	12	0	3	6	6	12	2	1	2	10	2	9	2	17	0	0	2	0	1	0	6	4	0	1	0	0	6	0	0	0	0	0	0	0	8	0	0	0	0	0	0	0	0	1	0	0	0	0	0	0	0	0	0	0	0	0	0	0	0	0	0	8	0	0	0	0	0	0
0.03	north6_all	80	56454	12148	7182	4936	9170	6859	5870	5039	1520	1355	1113	897	984	823	634	646	809	419	997	349	253	294	225	592	206	462	406	121	166	221	87	88	92	100	67	64	86	146	47	80	40	24	33	28	19	16	16	48	72	18	6	12	45	14	6	9	6	9	21	7	3	5	16	2	10	3	17	0	1	4	1	2	0	7	5	2	1	0	0	6	0	1	0	0	2	0	0	1	0	0	0	0	0	0	0	0	1	0	0	0	0	0	0	0	0	0	0	0	0	0	0	3	0	0	0	0	0	0	0	0	0
0.03	north6_active	80	48421	5134	2129	1088	8030	5935	5179	4401	505	624	227	270	596	481	317	348	631	178	897	156	71	157	58	535	121	403	364	22	117	188	22	16	61	84	21	42	74	137	36	73	14	9	10	12	5	7	11	39	65	12	0	5	41	7	0	3	4	5	18	3	1	4	12	1	9	2	17	0	0	1	0	1	0	7	5	0	1	0	0	6	0	0	0	0	0	0	0	1	0	0	0	0	0	0	0	0	1	0	0	0	0	0	0	0	0	0	0	0	0	0	0	0	0	0	0	0	0	0	0	0	0
0.03	north7_all	80	56512	12260	7176	4985	9154	6772	5947	5123	1521	1363	1131	905	984	823	621	643	773	421	1032	337	253	278	245	553	216	394	394	114	161	228	85	88	101	116	62	73	88	151	45	104	34	27	34	29	20	20	20	46	65	24	7	15	45	17	8	9	7	10	19	6	3	4	17	3	8	1	16	1	1	4	1	1	1	7	3	0	1	1	0	6	2	1	0	0	2	0	0	2	0	0	0	0	0	0	2	0	0	0	0	0	0	0	0	0	0	0	0	0	0	0	0	3	0	0	0	0	0	0	0	0	0
0.03	north7_active	80	48510	5233	2088	1103	7975	5862	5253	4522	495	620	247	299	588	505	302	352	598	170	925	170	68	148	63	503	119	330	354	22	112	196	23	16	70	93	21	46	72	138	31	100	11	10	10	12	7	8	13	36	58	15	3	7	41	11	1	3	5	6	15	3	2	4	13	2	5	1	15	0	0	1	0	0	0	7	2	0	1	0	0	6	2	0	0	0	0	0	0	2	0	0	0	0	0	0	2	0	0	0	0	0	0	0	0	0	0	0	0	0	0	0	0	0	0	0	0	0	0	0	0	0	0
0.03	north8_all	80	56690	12230	7159	5005	8985	6682	5811	5039	1549	1330	1113	908	931	806	647	630	758	411	913	328	253	282	242	474	231	407	384	121	165	255	79	87	120	109	64	78	88	151	39	113	30	26	38	35	23	19	20	42	55	28	8	14	21	10	10	6	6	13	20	4	9	4	19	2	8	1	2	3	1	6	0	1	2	7	3	1	8	1	0	0	2	0	0	0	1	0	0	2	0	0	1	0	0	0	2	0	0	0	0	0	0	0	0	0	0	0	0	0	0	0	0	0	0	1	0	0	0	0	0	0	0
0.03	north8_active	80	48664	5287	2045	1119	7830	5743	5151	4475	527	601	243	289	567	494	293	326	590	160	801	159	82	151	75	427	128	350	347	26	116	215	19	21	78	80	17	49	71	132	26	107	10	10	13	14	7	8	11	32	46	17	3	6	18	5	2	0	4	9	18	3	6	4	16	1	4	0	1	1	0	0	0	0	1	7	2	0	6	0	0	0	2	0	0	0	0	0	0	2	0	0	1	0	0	0	2	0	0	0	0	0	0	0	0	0	0	0	0	0	0	0	0	0	0	0	0	0	0	0	0	0	0
0.03	north9_all	80	57441	12231	7128	4948	9048	6740	6093	4919	1562	1343	1046	857	962	831	675	597	803	437	929	313	242	302	224	446	204	424	372	129	175	281	83	76	118	112	57	74	88	139	51	111	24	23	35	29	26	18	20	46	32	26	10	14	24	11	11	7	8	15	20	3	11	0	12	1	7	1	2	3	1	3	0	1	4	2	2	1	8	1	0	0	2	0	0	0	1	0	0	1	0	0	2	0	0	0	2	0	0	0	0	0	0	2	0	1	0	0	0	0	0	0	0	0	0	1	0	0	0	0	0	0	0
0.03	north9_active	80	49435	5304	2067	1099	7901	5801	5459	4374	517	583	235	288	589	499	319	314	645	162	824	150	81	161	77	394	114	368	338	28	118	238	16	21	79	78	13	44	72	121	38	103	8	7	9	14	10	5	12	40	25	15	5	8	21	8	2	0	6	7	19	2	7	0	12	1	4	0	1	1	0	0	0	0	3	2	1	0	6	0	0	0	2	0	0	0	0	0	0	1	0	0	2	0	0	0	2	0	0	0	0	0	0	2	0	1	0	0	0	0	0	0	0	0	0	0	0	0	0	0	0	0	0
0.03	north10_all	80	57343	12140	7068	4910	8984	6647	6167	4868	1608	1415	1033	853	976	826	707	573	854	436	893	314	247	301	215	471	199	447	399	129	183	258	90	72	126	102	69	59	89	118	66	106	20	15	28	34	30	23	30	45	27	24	10	11	10	11	13	5	6	13	18	6	10	0	19	2	3	1	3	4	2	5	1	2	3	2	2	1	10	0	1	0	0	0	1	1	2	0	0	0	0	0	2	0	0	0	1	0	0	0	0	0	0	2	0	1	0	0	0	0	0	0	0	0	0	1	0	0	0	0	0	0	0
0.03	north10_active	80	49255	5252	2059	1090	7832	5719	5531	4309	534	637	221	276	593	466	331	316	667	163	790	150	92	162	74	412	117	400	361	29	122	212	17	17	79	67	19	36	73	98	50	95	5	5	6	18	14	7	20	40	20	14	4	5	7	7	3	0	5	8	17	4	6	0	18	2	2	0	2	1	2	2	0	0	3	2	2	0	8	0	0	0	0	0	0	1	1	0	0	0	0	0	2	0	0	0	1	0	0	0	0	0	0	2	0	1	0	0	0	0	0	0	0	0	0	0	0	0	0	0	0	0	0
0.03	north11_all	80	56438	12107	7106	4953	9211	6625	6092	4788	1564	1420	1092	968	1048	798	689	598	859	404	1174	301	264	288	222	573	203	518	326	128	181	163	90	93	80	123	72	56	111	109	75	88	25	30	32	21	29	14	17	28	63	19	16	12	26	20	7	7	12	7	23	6	5	9	13	3	2	4	2	6	4	1	1	6	10	0	0	2	1	1	3	1	2	1	2	1	2	3	0	1	0	1	0	0	0	1	0	0	0	0	0	0	1	0	0	0	0	1	4	0	0	0	0	0	0	0	0	0	0	0	0	0	0
0.03	north11_active	80	48427	5182	2078	1048	8098	5661	5416	4215	515	660	250	319	643	485	309	309	683	174	1046	127	82	159	50	506	116	470	281	32	118	126	15	16	38	97	17	30	91	103	50	67	4	11	8	5	8	2	10	17	59	13	7	2	23	17	1	0	5	3	21	2	4	7	11	3	2	2	2	4	2	1	0	2	8	0	0	0	1	1	0	0	2	0	0	0	1	1	0	1	0	1	0	0	0	0	0	0	0	0	0	0	0	0	0	0	0	1	4	0	0	0	0	0	0	0	0	0	0	0	0	0	0
0.03	north12_all	80	56679	12307	7092	4881	9078	6727	6131	4816	1528	1398	1085	984	1044	810	664	600	853	384	1049	309	254	275	212	497	204	530	344	125	190	188	86	86	81	117	61	78	89	101	72	73	25	30	27	20	22	20	19	41	45	18	15	9	22	18	10	8	10	10	23	5	8	8	10	1	4	2	8	4	4	1	1	8	10	0	5	2	2	1	3	0	1	1	1	1	1	2	0	0	2	0	0	0	0	1	0	0	0	0	0	0	1	0	0	0	0	1	0	0	0	0	0	0	0	0	0	0	0	1	0	0	0
0.03	north12_active	80	48590	5270	2061	1066	7950	5779	5441	4220	479	639	239	305	651	491	308	315	693	166	926	138	75	150	53	433	114	485	308	28	126	151	14	20	46	94	8	49	69	95	59	57	3	10	7	3	7	3	13	30	42	12	8	3	20	15	2	2	4	8	20	1	7	6	8	1	2	0	8	3	2	1	0	3	8	0	0	0	2	1	0	0	1	0	0	0	0	1	0	0	2	0	0	0	0	0	0	0	0	0	0	0	0	0	0	0	0	1	0	0	0	0	0	0	0	0	0	0	0	0	0	0	0
0.03	north13_all	80	56986	12553	7087	4876	8944	6846	6086	4877	1536	1373	1072	962	1036	840	673	644	932	377	916	303	259	303	212	477	199	484	334	123	206	175	85	77	87	108	68	80	88	110	64	102	28	33	35	21	21	20	18	41	34	24	13	12	23	19	10	9	8	12	26	5	9	7	11	1	9	4	12	6	4	1	0	8	2	1	5	1	1	1	2	0	1	1	1	0	0	2	0	0	2	0	0	0	2	0	0	0	1	0	0	1	0	0	0	0	0	1	0	0	0	0	0	0	0	0	0	0	0	1	0	0	0
0.03	north13_active	80	48922	5427	2023	1066	7776	5912	5386	4298	454	621	226	295	661	505	325	362	757	156	806	144	72	149	59	417	109	446	291	28	146	139	14	23	47	82	18	52	67	102	54	89	8	11	11	1	7	3	14	31	30	18	7	6	20	14	3	3	2	10	22	1	8	5	9	1	2	1	12	4	2	1	0	2	0	0	0	0	1	1	0	0	1	0	0	0	0	1	0	0	2	0	0	0	0	0	0	0	1	0	0	1	0	0	0	0	0	1	0	0	0	0	0	0	0	0	0	0	0	0	0	0	0
0.03	north14_all	80	57269	12455	7123	4912	8945	6869	6072	5016	1548	1347	1051	925	1040	862	674	657	894	371	803	304	255	308	222	505	194	491	380	135	181	179	86	83	93	123	57	80	84	131	44	86	26	35	29	19	25	21	20	49	29	30	16	11	19	18	9	9	9	9	25	5	6	5	5	1	14	3	13	5	3	1	1	7	2	1	6	1	2	1	1	1	1	1	0	1	0	0	0	1	2	0	0	0	2	0	0	1	1	0	1	1	0	0	0	0	0	0	0	0	0	0	0	0	0	0	0	0	0	1	0	0	0
0.03	north14_active	80	49193	5442	2015	1117	7808	5937	5375	4445	450	604	222	264	649	478	347	361	731	155	709	135	72	145	70	435	110	452	332	29	132	147	18	24	54	97	17	50	67	122	32	76	10	13	9	4	7	7	17	46	27	23	7	6	15	13	2	3	0	8	22	2	5	4	5	1	5	1	13	4	1	1	1	4	0	0	0	0	2	1	0	1	1	0	0	0	0	0	0	1	2	0	0	0	0	0	0	1	1	0	0	1	0	0	0	0	0	0	0	0	0	0	0	0	0	0	0	0	0	0	0	0	0
0.03	north15_all	80	57212	12443	7030	4927	8922	7029	6154	5238	1551	1336	1060	918	1044	853	690	643	875	385	799	325	268	314	243	459	195	374	348	137	176	182	85	83	78	144	57	77	81	122	37	88	29	36	26	18	23	18	21	51	36	28	10	11	12	18	8	8	9	4	17	3	8	7	5	1	17	6	7	7	6	0	2	7	6	2	2	2	1	1	0	1	1	0	1	1	1	0	0	1	2	0	0	0	2	0	0	1	1	0	2	1	0	0	0	0	0	0	0	0	0	0	0	0	0	0	0	0	0	0	0	0	0
0.03	north15_active	80	49214	5359	2036	1081	7828	6106	5440	4655	471	588	216	272	649	469	336	349	720	156	690	128	73	142	77	396	115	337	301	31	122	149	20	19	52	115	19	49	61	113	19	77	10	12	8	6	5	6	18	46	34	23	2	6	9	13	1	3	3	3	14	1	5	6	5	1	8	2	7	4	5	0	1	3	6	1	0	1	1	0	0	1	1	0	0	0	0	0	0	1	2	0	0	0	0	0	0	1	1	0	0	1	0	0	0	0	0	0	0	0	0	0	0	0	0	0	0	0	0	0	0	0	0
0.03	north16_all	80	57572	12184	7025	4919	9062	6881	6340	5204	1542	1410	1051	899	1072	867	689	610	875	391	860	309	315	323	226	488	197	394	331	134	175	207	82	88	81	139	63	82	100	164	40	68	28	31	21	21	17	21	20	47	33	20	9	9	23	17	11	8	11	5	17	4	7	9	4	1	10	6	10	2	6	0	2	3	6	1	1	1	2	1	1	1	1	0	1	1	1	0	0	1	3	0	0	0	3	0	0	1	0	0	2	0	0	0	0	0	0	0	0	0	0	0	0	0	0	0	0	0	0	0	0	0	0
0.03	north16_active	80	49554	5273	2071	1055	7992	5981	5658	4606	482	639	226	282	650	470	341	328	711	163	754	105	91	156	70	429	117	356	284	28	119	164	18	18	53	119	15	50	82	153	24	57	12	10	8	9	5	6	16	43	30	16	2	3	19	13	3	2	4	3	14	2	3	8	4	1	8	1	9	0	5	0	1	2	6	1	0	1	1	0	0	1	1	0	0	0	0	0	0	1	2	0	0	0	0	0	0	1	0	0	0	0	0	0	0	0	0	0	0	0	0	0	0	0	0	0	0	0	0	0	0	0	0
0.03	north17_all	80	57695	12154	7020	4936	9048	6899	6344	5172	1558	1399	1039	875	1090	837	686	615	784	413	991	317	316	315	228	479	191	420	299	121	156	233	71	89	79	118	70	81	99	216	43	65	35	33	18	18	12	18	32	63	33	22	12	13	23	15	12	12	13	7	23	4	6	9	15	4	6	8	13	3	8	0	1	4	6	1	2	1	3	1	2	0	0	1	1	0	1	0	0	0	3	0	0	0	1	0	0	2	0	0	2	0	0	0	0	0	0	0	0	0	0	0	0	0	0	0	0	0	0	0	0	0	0
0.03	north17_active	80	49694	5231	2117	1040	7959	6012	5683	4576	515	647	237	269	680	463	317	336	616	178	892	123	92	152	73	429	111	372	254	28	102	188	15	17	52	100	16	50	76	203	27	53	14	9	6	8	3	4	22	58	30	14	4	4	19	12	4	3	7	5	21	2	2	8	14	4	5	2	12	1	6	0	0	1	6	1	0	1	2	0	0	0	0	0	0	0	0	0	0	0	2	0	0	0	0	0	0	1	0	0	0	0	0	0	0	0	0	0	0	0	0	0	0	0	0	0	0	0	0	0	0	0	0
0.03	north18_all	80	57804	12184	7015	4951	9168	6657	6233	5016	1534	1397	1055	927	1059	831	692	619	828	410	938	337	299	308	226	474	196	441	290	109	157	218	81	84	84	141	73	81	97	221	40	71	32	31	25	16	13	23	31	53	34	19	12	11	24	17	14	14	12	7	23	5	4	9	16	6	2	4	12	2	7	1	1	2	6	2	3	0	3	0	2	1	0	1	1	1	1	0	0	0	1	0	0	0	1	0	0	1	0	0	0	0	0	0	0	0	0	0	0	0	0	0	0	0	0	0	0	0	0	0	0	0	0
0.03	north18_active	80	49912	5149	2066	1047	8061	5776	5579	4458	514	636	249	281	667	465	317	368	625	177	849	139	90	150	68	416	103	393	244	27	99	169	17	14	58	116	17	54	73	207	26	62	15	8	8	9	4	3	21	48	31	13	4	3	20	16	5	5	6	6	21	3	2	8	14	5	1	1	11	1	6	0	0	0	6	2	0	0	2	0	0	0	0	0	0	0	1	0	0	0	0	0	0	0	0	0	0	0	0	0	0	0	0	0	0	0	0	0	0	0	0	0	0	0	0	0	0	0	0	0	0	0	0
0.03	north19_all	80	57001	12166	7014	4986	8905	6802	6152	4953	1580	1412	1039	934	1076	814	684	670	812	419	1015	353	287	320	221	432	203	475	297	106	157	190	89	80	94	120	76	59	87	192	48	88	44	34	26	17	19	18	38	49	44	17	10	12	21	12	10	14	10	10	16	6	6	6	16	6	4	4	10	2	5	3	0	3	8	3	4	0	7	1	1	1	0	2	0	1	1	0	1	0	1	0	0	0	1	0	0	1	0	0	0	0	0	0	0	0	0	0	1	0	0	0	0	0	0	0	0	0	0	0	0	0	0
0.03	north19_active	80	49165	5171	2072	1074	7753	5900	5494	4398	524	630	241	270	692	463	311	390	602	166	923	161	81	174	67	373	109	423	244	22	105	152	25	17	60	90	19	39	64	179	33	78	13	9	8	8	5	3	27	44	39	10	4	4	17	11	3	4	5	8	14	3	5	6	14	5	3	1	10	1	4	0	0	0	8	1	1	0	6	0	0	0	0	0	0	0	1	0	1	0	1	0	0	0	0	0	0	0	0	0	0	0	0	0	0	0	0	0	1	0	0	0	0	0	0	0	0	0	0	0	0	0	0
0.03	north20_all	80	56721	12185	7114	4914	8759	6517	6183	4894	1564	1446	1075	978	1054	850	675	632	825	422	932	365	284	308	223	450	218	471	304	118	171	189	88	79	96	117	60	51	78	123	50	110	38	35	28	19	20	16	39	31	34	14	13	12	24	14	12	11	6	16	12	5	4	6	15	2	3	1	1	4	5	3	0	2	8	9	3	0	5	2	0	1	0	2	0	1	2	0	1	0	1	0	0	0	0	0	0	0	0	0	0	0	0	0	0	0	0	0	1	0	0	0	0	0	1	0	0	0	0	0	0	0	0
0.03	north20_active	80	48856	5151	2088	1010	7571	5692	5524	4310	510	642	263	291	667	502	317	354	626	173	830	158	81	178	75	391	124	418	252	30	118	150	26	12	60	90	15	38	59	111	35	102	8	9	11	9	4	2	29	27	29	8	1	3	22	13	2	3	3	8	10	2	4	5	14	1	2	0	1	2	3	0	0	0	8	7	1	0	4	0	0	0	0	0	0	0	1	0	1	0	1	0	0	0	0	0	0	0	0	0	0	0	0	0	0	0	0	0	1	0	0	0	0	0	1	0	0	0	0	0	0	0	0
0.03	south21_all	80	25251	11401	7031	5935	6460	3932	2572	2143	1667	1226	1326	1309	1020	673	813	681	926	759	669	326	278	508	216	545	164	224	305	136	93	197	89	133	174	97	86	58	47	115	58	53	32	41	47	29	25	39	36	16	9	11	13	16	29	15	13	15	13	19	5	1	5	2	11	7	5	4	8	9	4	3	4	0	2	2	1	10	8	2	0	1	0	0	0	0	0	0	0	1	0	1	0	0	0	1	0	0	0	0	1	0	0	0	0	0	0	0	0	0	0	0	0	0	0	0	0	0	0	0	0	0	0
0.03	south21_active	80	8794	3626	1823	3256	4927	2510	1298	1163	843	257	771	846	606	129	504	403	760	557	544	77	76	423	95	496	37	189	251	42	22	167	38	96	144	50	60	13	15	102	39	35	20	34	38	23	17	33	31	2	3	9	10	13	25	11	3	6	12	18	1	1	4	1	8	5	2	2	8	8	3	0	0	0	2	0	1	9	7	1	0	0	0	0	0	0	0	0	0	1	0	1	0	0	0	1	0	0	0	0	1	0	0	0	0	0	0	0	0	0	0	0	0	0	0	0	0	0	0	0	0	0	0
0.03	south22_all	80	25076	11480	7070	5897	6690	3870	2535	2076	1639	1269	1329	1295	1072	666	797	655	882	742	693	341	279	543	226	494	180	225	305	136	115	222	83	119	184	96	101	67	50	113	64	68	43	52	44	35	26	56	32	16	12	22	19	14	22	16	12	15	23	29	5	3	6	4	9	12	5	4	8	8	3	2	4	3	2	5	1	2	7	2	0	1	0	0	0	0	0	0	0	0	0	1	0	0	0	1	0	0	0	0	1	0	0	0	0	0	0	0	0	0	0	0	0	0	0	0	0	0	0	0	0	0	0
0.03	south22_active	80	8667	3686	1802	3293	5155	2451	1314	1119	799	251	755	839	651	128	506	354	742	544	564	78	75	452	100	443	38	181	251	42	24	192	33	81	150	54	66	17	13	103	46	46	23	41	35	26	15	50	27	2	2	21	16	11	15	7	2	7	20	27	2	3	5	2	7	6	2	2	8	7	3	0	0	2	2	2	1	0	5	1	0	1	0	0	0	0	0	0	0	0	0	1	0	0	0	1	0	0	0	0	1	0	0	0	0	0	0	0	0	0	0	0	0	0	0	0	0	0	0	0	0	0	0
0.03	south23_all	80	25013	11488	7108	5943	6728	3806	2491	2046	1603	1281	1362	1294	1091	687	785	619	900	698	720	338	260	575	216	506	178	248	286	139	122	268	91	112	171	92	89	65	52	105	56	50	47	60	53	35	31	62	28	17	12	41	22	11	20	22	10	14	24	25	11	3	9	4	19	12	2	4	6	1	1	0	5	3	2	7	0	2	4	2	0	1	0	0	0	1	0	0	2	1	0	1	0	0	1	1	1	0	0	0	1	0	0	0	0	0	0	0	0	0	1	0	0	0	0	0	0	0	0	0	0	0	0
0.03	south23_active	80	8515	3709	1847	3292	5138	2429	1270	1094	758	243	746	860	679	130	486	317	764	512	601	86	59	484	94	457	39	204	248	45	22	240	43	70	136	48	63	18	16	100	41	29	29	45	44	25	22	56	24	4	1	40	21	9	14	9	0	8	21	22	10	3	7	2	18	6	2	2	6	0	1	0	0	2	2	4	0	1	2	1	0	1	0	0	0	1	0	0	2	1	0	1	0	0	1	1	0	0	0	0	1	0	0	0	0	0	0	0	0	0	1	0	0	0	0	0	0	0	0	0	0	0	0
0.03	south24_all	80	24912	11380	7119	5965	6609	3935	2539	2037	1605	1277	1368	1230	1108	678	779	573	971	623	725	319	282	557	221	541	172	270	268	138	110	293	87	131	153	86	91	63	51	96	51	54	46	64	53	49	36	46	17	17	11	44	23	9	13	21	8	11	26	29	17	8	7	12	20	14	2	2	6	5	0	0	4	4	0	5	0	2	6	0	1	1	0	0	0	1	0	0	2	1	0	0	0	0	2	0	1	0	1	0	0	0	0	1	0	0	0	0	0	0	1	0	0	0	0	0	0	0	0	0	0	0	0
0.03	south24_active	80	8487	3704	1838	3351	5108	2529	1266	1079	759	218	782	821	709	127	476	273	803	447	589	81	60	476	98	491	37	222	235	48	19	271	36	85	118	44	59	15	18	85	36	29	28	51	44	36	20	43	14	4	1	43	21	8	7	8	1	7	23	23	12	6	4	10	19	10	2	2	6	3	0	0	0	3	0	4	0	1	5	0	1	1	0	0	0	1	0	0	2	1	0	0	0	0	2	0	0	0	1	0	0	0	0	1	0	0	0	0	0	0	1	0	0	0	0	0	0	0	0	0	0	0	0
0.03	south25_all	80	24956	11342	7073	6015	6526	3929	2614	2068	1658	1281	1372	1234	1082	687	787	581	957	556	748	312	277	579	220	656	160	316	229	125	104	279	86	123	138	84	87	61	50	94	43	45	45	54	74	52	42	33	16	20	12	44	23	10	11	19	10	8	21	13	19	6	8	10	29	9	3	2	11	4	3	0	3	6	1	2	0	8	3	0	1	1	0	0	0	1	0	0	2	1	0	0	1	0	2	0	1	0	2	1	0	0	0	1	0	0	0	0	0	1	1	0	0	0	0	0	0	0	0	0	0	0	0
0.03	south25_active	80	8635	3756	1862	3398	5012	2550	1291	1064	770	220	790	816	696	124	466	270	785	413	611	86	56	500	90	599	39	263	200	44	17	258	33	79	110	41	54	14	21	83	31	28	25	42	60	38	26	29	14	5	2	41	20	7	9	4	2	3	18	8	14	4	5	9	27	9	3	2	11	3	2	0	0	6	1	2	0	8	3	0	1	1	0	0	0	1	0	0	2	1	0	0	0	0	2	0	0	0	1	1	0	0	0	1	0	0	0	0	0	0	1	0	0	0	0	0	0	0	0	0	0	0	0
0.03	south26_all	80	25144	11423	6987	5914	6365	3949	2629	2106	1658	1298	1341	1175	1043	675	798	574	933	550	714	293	275	507	233	619	154	342	237	137	97	287	75	145	133	84	86	55	51	94	45	51	37	38	68	56	38	47	15	21	16	23	28	13	7	17	11	6	18	10	17	7	8	12	15	12	3	5	11	6	3	0	1	7	2	0	0	8	5	0	1	0	1	0	0	1	0	0	0	0	0	0	1	0	2	0	0	0	2	1	0	0	1	1	0	0	0	0	0	1	0	0	0	0	0	0	0	0	0	0	0	0	0
0.03	south26_active	80	8768	3751	1825	3353	4885	2514	1277	1075	767	239	777	774	669	118	448	271	758	416	568	72	59	431	93	561	37	284	198	50	19	266	24	97	108	40	55	11	22	83	28	32	24	35	53	40	18	43	11	4	3	19	25	7	5	7	4	2	16	3	11	4	5	9	14	12	3	4	10	4	2	0	0	5	2	0	0	7	5	0	1	0	1	0	0	1	0	0	0	0	0	0	0	0	2	0	0	0	1	1	0	0	0	1	0	0	0	0	0	0	0	0	0	0	0	0	0	0	0	0	0	0	0
0.03	south27_all	80	25294	11427	6980	5820	6350	3965	2655	2143	1696	1329	1334	1181	1037	696	784	593	926	518	680	301	257	514	218	642	168	330	261	131	104	244	70	125	153	77	82	65	55	89	53	59	35	45	61	53	42	65	23	23	20	28	29	21	8	16	11	8	9	7	17	2	8	21	25	11	3	4	7	2	3	0	1	9	5	0	0	8	2	0	1	1	1	0	1	0	0	0	0	0	1	0	1	0	0	0	0	0	1	2	0	0	1	0	0	0	0	0	0	1	0	0	0	0	0	0	0	0	0	0	0	0	9
0.03	south27_active	80	8877	3717	1792	3261	4852	2503	1337	1117	804	264	762	787	676	132	450	296	749	403	561	77	62	432	88	587	46	274	218	49	21	217	24	83	129	33	55	14	22	81	35	44	21	41	40	38	22	62	17	8	3	22	27	13	5	7	4	5	7	2	11	1	6	18	24	11	3	3	6	1	2	0	0	7	5	0	0	7	2	0	1	1	1	0	1	0	0	0	0	0	0	0	0	0	0	0	0	0	0	2	0	0	0	0	0	0	0	0	0	0	0	0	0	0	0	0	0	0	0	0	0	0	9
0.03	south28_all	80	25278	11552	7065	5898	6215	3955	2690	2096	1684	1292	1335	1207	1011	693	763	624	994	557	716	294	248	530	228	593	171	310	274	120	104	228	79	111	142	81	78	63	54	87	67	70	39	40	47	43	34	80	26	27	23	32	24	20	10	17	8	9	9	6	11	2	10	24	21	7	3	6	8	3	6	2	3	7	8	0	3	9	2	0	0	1	2	0	1	0	0	1	0	0	1	0	0	0	0	0	0	0	0	1	0	0	1	0	0	0	0	0	0	1	0	0	0	0	0	0	0	1	0	0	0	0	9
0.03	south28_active	80	8819	3741	1857	3270	4772	2469	1378	1081	801	272	759	813	639	129	459	344	828	439	600	72	59	443	94	541	44	266	225	40	19	194	34	77	115	40	55	11	18	77	48	54	24	34	26	30	19	78	18	12	3	27	22	14	6	7	2	6	7	3	9	0	8	20	19	6	3	3	7	1	4	1	2	5	5	0	2	8	2	0	0	1	1	0	1	0	0	0	0	0	0	0	0	0	0	0	0	0	0	1	0	0	0	0	0	0	0	0	0	0	0	0	0	0	0	0	0	0	0	0	0	0	9
0.03	south29_all	80	25033	11503	7107	5936	6224	3918	2695	2089	1671	1285	1326	1262	1000	690	748	639	991	567	687	316	232	515	225	594	167	268	258	112	112	229	81	109	137	65	92	67	62	103	62	75	27	43	40	46	32	59	44	22	16	41	22	17	10	18	8	9	10	6	13	7	13	24	21	6	5	6	7	5	7	4	2	5	7	0	3	5	2	0	0	1	1	1	1	1	0	2	0	0	1	1	0	0	0	0	0	0	0	1	0	0	0	1	0	0	0	0	0	0	0	0	0	0	0	0	0	1	0	0	0	0	9
0.03	south29_active	80	8632	3772	1880	3279	4762	2453	1361	1089	786	262	760	858	618	138	461	357	826	449	582	72	49	440	102	547	41	225	209	37	21	193	40	83	109	32	71	11	16	90	47	58	17	35	23	34	22	58	33	11	2	34	17	12	6	7	1	5	10	4	10	5	10	20	20	5	2	3	5	1	5	1	2	5	4	0	2	3	2	0	0	1	0	0	1	0	0	1	0	0	0	0	0	0	0	0	0	0	0	1	0	0	0	1	0	0	0	0	0	0	0	0	0	0	0	0	0	0	0	0	0	0	9
0.03	south30_all	80	24690	11543	7151	5936	6178	3868	2616	2003	1697	1249	1377	1261	1005	690	774	662	947	615	677	308	230	519	227	553	161	274	258	120	118	226	75	120	140	75	96	63	63	97	66	70	24	42	35	49	23	39	47	17	22	38	17	16	19	16	5	12	18	6	8	9	14	29	19	6	7	9	5	4	7	4	4	5	7	0	4	5	0	0	0	0	1	1	2	1	0	2	0	0	0	2	1	0	0	0	0	1	0	0	0	0	0	1	0	0	0	0	0	0	0	0	0	0	0	0	0	1	0	0	0	0	0
0.03	south30_active	80	8515	3799	1901	3360	4741	2448	1296	1006	819	263	785	838	610	128	472	384	776	461	566	69	43	446	101	504	35	225	205	34	21	188	38	93	107	43	75	14	18	75	52	53	15	31	22	36	16	37	39	10	4	31	10	13	16	7	1	6	18	6	5	7	12	24	17	5	2	7	4	1	5	1	2	5	4	0	2	3	0	0	0	0	0	0	2	0	0	1	0	0	0	0	0	0	0	0	0	0	0	0	0	0	0	1	0	0	0	0	0	0	0	0	0	0	0	0	0	0	0	0	0	0	0
0.03	south31_all	80	25174	11513	7165	6014	6489	3826	2580	2062	1738	1309	1345	1201	1050	650	795	615	856	631	685	293	262	495	250	568	208	253	253	113	89	233	86	100	137	65	98	51	42	72	36	60	50	31	42	57	27	38	30	16	16	22	14	16	18	11	9	17	17	28	11	10	5	17	8	8	3	2	4	1	5	1	1	7	6	4	2	0	13	2	4	0	2	0	0	0	0	1	0	1	1	1	0	1	0	2	0	0	0	3	0	0	0	0	0	0	0	0	0	0	0	0	1	0	0	0	1	0	0	0	2	0	0
0.03	south31_active	80	8630	3720	1821	3334	5012	2499	1303	1057	847	236	819	803	681	134	473	323	710	472	544	85	72	391	120	517	50	191	205	31	17	193	38	66	117	37	73	10	12	59	25	55	35	21	34	45	18	34	24	6	4	16	11	8	10	6	1	9	15	24	9	6	2	12	8	7	2	2	2	0	5	0	0	6	3	2	0	0	10	1	2	0	0	0	0	0	0	1	0	1	1	0	0	0	0	0	0	0	0	3	0	0	0	0	0	0	0	0	0	0	0	0	1	0	0	0	0	0	0	0	2	0	0
0.03	south32_all	80	24927	11525	7165	6059	6331	3870	2602	2005	1717	1327	1341	1207	1098	632	786	604	845	584	690	301	252	477	245	513	215	275	247	111	87	254	85	108	129	62	102	42	41	75	53	64	48	27	41	70	24	30	25	17	17	24	25	10	14	12	11	11	20	28	9	11	4	24	12	7	2	3	15	1	5	2	0	6	4	5	2	2	3	3	2	0	1	1	0	0	0	1	0	1	1	1	0	0	0	0	0	0	0	3	0	0	0	0	0	0	0	0	0	0	0	0	1	0	0	0	1	0	1	0	0	0	0
0.03	south32_active	80	8550	3760	1893	3333	4889	2493	1305	1031	860	237	777	820	724	128	455	331	664	432	542	89	72	381	119	465	52	214	201	34	13	219	36	76	108	29	77	8	11	65	34	55	33	22	35	57	16	22	18	7	2	17	21	7	7	7	2	3	19	23	7	8	1	20	12	6	2	3	14	0	5	0	0	6	3	3	0	2	1	1	2	0	0	0	0	0	0	1	0	1	1	0	0	0	0	0	0	0	0	3	0	0	0	0	0	0	0	0	0	0	0	0	1	0	0	0	0	0	1	0	0	0	0
0.03	south33_all	80	24919	11592	7160	5990	6359	3913	2557	1992	1680	1310	1304	1252	1107	651	781	609	793	617	733	305	261	438	223	486	204	274	213	118	97	245	86	108	146	65	97	42	43	84	59	66	41	34	58	57	27	27	22	17	16	45	24	22	12	14	10	10	19	17	7	9	4	22	6	5	3	3	16	1	4	1	0	3	4	3	0	3	4	3	2	0	1	1	0	0	0	1	1	1	1	1	0	0	0	0	0	1	0	0	0	0	0	0	0	0	0	0	0	0	0	0	1	0	0	0	1	0	1	0	0	0	0
0.03	south33_active	80	8620	3788	1876	3240	4849	2550	1297	1018	822	237	741	839	717	108	471	318	616	449	599	89	67	358	105	428	46	229	176	40	21	211	37	79	117	28	66	11	12	74	41	57	23	27	43	49	18	21	14	6	3	39	19	10	9	10	2	4	17	12	7	7	1	19	6	3	3	3	13	0	4	0	0	2	3	3	0	2	1	1	2	0	0	0	0	0	0	1	0	1	1	0	0	0	0	0	0	0	0	0	0	0	0	0	0	0	0	0	0	0	0	0	1	0	0	0	0	0	1	0	0	0	0
0.03	south34_all	80	24838	11619	7086	5919	6386	3952	2576	2035	1671	1279	1351	1277	1117	662	796	600	811	600	760	302	268	492	225	430	178	250	225	126	98	237	95	134	159	71	87	46	40	99	55	63	40	32	61	56	32	28	13	18	13	58	46	24	14	14	6	13	11	23	7	7	2	23	5	5	3	3	14	4	0	1	0	1	3	3	0	4	2	7	0	1	1	1	0	0	0	1	1	2	0	0	0	0	1	0	0	1	0	0	1	0	0	1	0	0	0	0	0	0	0	0	0	0	0	0	0	0	1	0	0	0	0
0.03	south34_active	80	8668	3822	1853	3207	4917	2566	1312	1041	805	247	764	859	705	113	489	314	657	443	631	89	61	409	97	373	37	205	183	40	20	198	43	100	121	31	56	11	9	90	38	54	21	25	45	44	23	20	10	6	2	50	42	13	12	10	2	8	9	18	6	3	1	20	5	4	3	3	12	3	0	0	0	0	2	3	0	3	1	6	0	0	0	0	0	0	0	1	0	2	0	0	0	0	1	0	0	0	0	0	0	0	0	0	0	0	0	0	0	0	0	0	0	0	0	0	0	0	1	0	0	0	0
0.03	south35_all	80	24788	11567	7021	6043	6331	3996	2564	2010	1708	1276	1302	1314	1134	710	739	606	833	641	815	307	253	479	216	453	177	256	212	119	111	242	97	146	149	68	75	48	38	88	47	78	38	33	55	56	31	23	14	14	14	57	43	25	13	11	5	14	13	15	6	6	2	5	2	5	3	2	19	5	0	0	1	1	2	0	1	4	2	6	0	1	1	0	0	0	0	0	1	2	0	0	0	0	1	0	0	1	0	0	1	0	0	1	1	0	0	0	0	0	0	0	0	0	0	0	0	0	0	0	0	0	0
0.03	south35_active	80	8620	3803	1802	3315	4852	2584	1304	1044	820	252	727	895	682	120	471	329	679	485	696	90	50	406	81	401	38	214	168	39	23	201	46	101	112	29	44	8	12	76	32	66	20	23	39	42	21	17	9	4	3	53	40	13	12	9	0	9	11	13	5	4	1	3	2	4	3	2	17	3	0	0	1	0	2	0	0	3	1	6	0	0	0	0	0	0	0	0	0	2	0	0	0	0	1	0	0	0	0	0	0	0	0	0	0	0	0	0	0	0	0	0	0	0	0	0	0	0	0	0	0	0	0
0.03	south36_all	80	25053	11659	7020	6028	6210	3949	2617	2033	1692	1269	1282	1250	1122	705	757	599	857	635	753	294	261	505	216	485	160	241	243	108	116	326	90	131	148	65	78	49	39	102	43	79	40	28	41	46	24	28	30	12	14	68	39	22	13	8	9	15	16	16	6	7	2	3	2	5	3	2	8	5	0	0	1	1	2	0	2	4	2	6	1	1	1	1	0	1	0	0	0	1	0	0	0	0	1	1	1	0	0	0	1	0	0	1	1	0	1	0	0	0	0	0	0	0	0	0	0	0	0	0	0	0	0
0.03	south36_active	80	8708	3834	1762	3359	4764	2543	1318	1052	798	245	722	822	678	131	452	326	704	481	628	77	52	432	82	432	35	201	191	38	25	289	44	91	120	29	55	8	12	87	30	69	22	18	27	33	16	23	24	4	2	62	37	13	12	3	1	7	14	15	5	4	2	3	2	4	2	2	8	3	0	0	1	0	2	0	0	3	1	6	0	0	0	0	0	1	0	0	0	1	0	0	0	0	1	1	0	0	0	0	0	0	0	0	0	0	0	0	0	0	0	0	0	0	0	0	0	0	0	0	0	0	0
0.03	south37_all	80	25124	11584	7005	6045	6160	3887	2631	2045	1750	1284	1304	1239	1109	715	770	635	872	628	713	275	276	529	227	563	177	275	224	119	110	340	91	119	113	68	74	58	41	98	40	88	39	28	47	45	22	22	33	12	15	41	39	11	13	9	10	11	18	10	7	6	5	3	5	3	4	0	9	1	0	1	2	3	1	0	4	3	1	6	2	0	1	1	3	1	0	1	1	0	0	0	0	0	1	1	1	0	0	0	0	0	0	0	1	0	1	0	0	0	0	0	0	0	0	0	0	0	0	0	0	0	0
0.03	south37_active	80	8753	3761	1803	3371	4686	2528	1337	1076	832	249	737	828	689	135	459	355	708	468	577	77	57	453	86	516	34	235	174	46	19	303	37	79	99	29	54	7	12	81	26	80	26	14	30	36	13	17	23	2	1	33	38	6	10	4	1	5	17	8	6	3	5	2	5	2	2	0	9	0	0	0	1	2	1	0	1	3	1	6	0	0	0	0	3	1	0	0	0	0	0	0	0	0	1	1	0	0	0	0	0	0	0	0	0	0	0	0	0	0	0	0	0	0	0	0	0	0	0	0	0	0	0
0.03	south38_all	80	25258	11597	6841	5973	6221	3854	2654	2072	1739	1298	1368	1224	1048	693	761	627	961	588	654	273	279	539	249	621	187	261	192	125	111	287	93	118	131	81	74	56	44	129	54	80	39	47	53	58	18	24	29	11	21	21	19	8	14	11	14	11	29	12	11	4	4	2	6	5	5	1	1	0	0	1	2	4	1	2	5	3	1	0	2	0	1	1	3	1	0	1	1	0	0	0	0	0	0	1	1	0	0	0	0	0	0	0	0	0	1	0	0	0	0	0	0	0	0	0	0	0	0	0	0	0	0
0.03	south38_active	80	8704	3759	1748	3373	4796	2518	1312	1059	845	234	776	821	646	126	449	327	788	414	533	67	71	455	97	569	29	221	140	50	19	260	41	86	120	43	56	13	11	110	37	74	27	31	34	45	12	20	19	2	2	14	17	5	11	7	3	4	28	9	11	3	4	1	5	4	1	1	1	0	0	0	1	2	0	1	1	3	1	0	0	0	0	0	3	1	0	0	0	0	0	0	0	0	0	1	0	0	0	0	0	0	0	0	0	0	0	0	0	0	0	0	0	0	0	0	0	0	0	0	0	0	0
0.03	south39_all	80	25380	11463	6929	6070	6303	3923	2641	2114	1756	1257	1422	1208	1022	670	763	668	937	571	615	296	275	519	250	577	186	245	219	137	102	234	90	109	121	81	62	61	53	155	62	66	38	49	51	56	22	23	35	13	18	13	46	10	23	14	9	11	27	13	12	4	5	6	7	6	4	1	1	1	1	1	2	9	1	2	5	1	0	5	1	0	1	2	4	0	0	1	1	0	0	0	0	0	0	0	0	2	0	0	0	0	0	0	0	0	0	0	0	0	0	0	0	0	0	0	0	0	0	0	0	0	0
0.03	south39_active	80	8777	3680	1787	3477	4870	2547	1270	1086	873	236	810	812	631	123	471	362	755	390	494	76	72	442	95	520	32	206	163	49	15	203	40	79	104	46	42	17	15	135	46	58	28	36	35	45	14	19	17	2	1	6	44	4	21	8	3	5	24	9	12	3	5	4	4	5	0	1	1	0	1	0	1	6	0	1	1	1	0	5	0	0	0	0	4	0	0	0	0	0	0	0	0	0	0	0	0	2	0	0	0	0	0	0	0	0	0	0	0	0	0	0	0	0	0	0	0	0	0	0	0	0	0
0.03	south40_all	80	25121	11375	6952	6077	6430	3857	2583	2056	1798	1209	1427	1272	998	666	767	631	901	566	625	320	260	502	226	569	198	248	220	125	117	217	81	101	148	94	85	55	65	140	53	46	46	56	48	62	16	31	42	15	21	15	49	15	17	14	10	16	37	17	10	3	3	17	5	5	3	2	1	1	11	1	1	8	1	3	3	3	0	5	0	0	2	1	5	0	0	0	0	1	0	0	0	0	0	0	0	2	0	0	0	0	0	0	0	0	0	0	0	0	0	0	0	0	0	0	0	0	0	0	0	0	0
0.03	south40_active	80	8637	3651	1757	3447	4913	2495	1239	1039	951	233	825	877	624	119	472	352	717	394	509	80	79	419	85	517	40	211	167	37	22	193	36	76	123	53	65	18	19	121	39	37	36	41	35	47	8	28	24	3	4	10	47	7	16	9	4	10	34	13	7	3	2	14	2	4	1	2	0	0	10	0	1	5	0	1	0	3	0	5	0	0	0	0	5	0	0	0	0	1	0	0	0	0	0	0	0	2	0	0	0	0	0	0	0	0	0	0	0	0	0	0	0	0	0	0	0	0	0	0	0	0	0
