label	Group	numOtus	Otu0	Otu1	Otu2	Otu3	Otu4	Otu5	Otu6	Otu7	Otu8	Otu9	Otu10	Otu11	Otu12	Otu13	Otu14	Otu15	Otu16	Otu17	Otu18	Otu19	Otu20	Otu21	Otu22	Otu23	Otu24	Otu25	Otu26	Otu27	Otu28	Otu29	Otu30	Otu31	Otu32	Otu33	Otu34	Otu35	Otu36	Otu37	Otu38	Otu39	Otu40	Otu41	Otu42	Otu43	Otu44	Otu45	Otu46	Otu47	Otu48	Otu49	Otu50	Otu51	Otu52	Otu53	Otu54	Otu55	Otu56	Otu57	Otu58	Otu59	Otu60	Otu61	Otu62	Otu63	Otu64	Otu65	Otu66	Otu67	Otu68	Otu69	Otu70	Otu71	Otu72	Otu73	Otu74	Otu75	Otu76	Otu77	Otu78	Otu79	Otu80	Otu81	Otu82	Otu83	Otu84	Otu85	Otu86	Otu87	Otu88	Otu89	Otu90	Otu91	Otu92	Otu93	Otu94	Otu95	Otu96	Otu97	Otu98	Otu99	Otu100	Otu101	Otu102	Otu103	Otu104	Otu105	Otu106	Otu107	Otu108	Otu109	Otu110	Otu111	Otu112	Otu113	Otu114	Otu115	Otu116	Otu117	Otu118
0.03	north1_all	80	32719	9394	16063	5658	4831	2753	2921	2176	1344	2743	929	962	1065	541	1131	576	723	457	300	399	530	233	189	411	289	124	133	152	202	140	88	124	51	133	40	67	68	38	41	30	34	15	85	17	21	35	7	27	27	16	21	14	11	3	14	15	13	3	17	13	7	8	5	8	10	2	2	1	3	4	0	3	2	3	0	18	0	0	1	1	1	8	0	0	0	0	0	1	0	0	0	0	0	2	0	0	0	0	2	0	0	0	0	0	0	0	0	0	0	0	0	0	0	0	0	0	0	0	0
0.03	north1_active	80	18599	4176	10361	3046	2601	1353	1630	1150	613	1725	448	502	619	247	697	302	413	260	134	224	350	119	103	266	179	52	59	90	141	70	47	80	22	83	21	31	36	21	27	19	18	6	56	5	16	20	2	14	18	9	17	5	6	1	5	11	11	2	2	8	3	5	4	4	7	1	1	1	3	2	0	1	2	3	0	17	0	0	1	0	1	7	0	0	0	0	0	0	0	0	0	0	0	0	0	0	0	0	2	0	0	0	0	0	0	0	0	0	0	0	0	0	0	0	0	0	0	0	0
0.03	north2_all	80	32664	9464	15635	5548	4893	2758	2877	2222	1331	2805	984	970	1020	566	1185	549	689	471	303	373	540	231	194	410	275	135	124	149	193	120	86	129	59	125	43	80	62	45	42	27	35	20	77	21	29	47	11	32	25	16	22	13	11	5	11	9	10	3	16	13	8	3	4	6	9	2	1	2	0	3	0	2	0	3	0	18	0	0	1	1	1	8	0	0	0	0	1	2	0	0	0	0	0	2	0	0	0	0	2	0	0	0	0	0	0	0	0	0	0	1	0	0	0	0	0	0	0	0	0
0.03	north2_active	80	18601	4236	9957	2956	2697	1353	1587	1205	591	1739	493	530	590	252	713	297	408	271	144	204	369	114	103	255	173	60	65	88	133	66	49	76	22	75	23	40	35	23	23	18	17	10	39	10	20	32	4	18	12	7	16	4	7	1	2	6	8	2	2	8	4	1	3	3	6	1	1	2	0	1	0	0	0	3	0	17	0	0	1	0	1	7	0	0	0	0	1	2	0	0	0	0	0	0	0	0	0	0	2	0	0	0	0	0	0	0	0	0	0	0	0	0	0	0	0	0	0	0	0
0.03	north3_all	80	32857	9474	15256	5570	4833	2774	2789	2333	1326	2910	1013	934	1036	565	1228	587	713	466	314	409	542	253	196	434	311	147	145	161	168	117	80	137	62	130	50	74	60	53	35	29	32	23	75	19	30	53	16	29	30	16	23	11	11	13	24	14	21	1	18	10	10	3	2	2	2	2	2	4	0	3	0	4	2	3	0	0	2	0	1	0	10	0	0	0	0	0	1	2	1	0	3	0	0	2	0	0	0	0	2	0	0	0	0	0	2	0	0	0	0	1	0	0	0	0	0	0	0	0	0
0.03	north3_active	80	18650	4261	9688	2948	2699	1353	1545	1315	601	1822	502	488	589	265	752	322	429	262	144	232	374	129	110	240	196	66	80	94	104	71	44	85	26	81	20	47	31	31	18	17	15	14	42	10	19	38	8	18	13	7	17	2	7	8	11	11	10	1	5	6	4	2	1	0	0	2	1	4	0	1	0	1	2	3	0	0	2	0	1	0	4	0	0	0	0	0	1	2	0	0	3	0	0	0	0	0	0	0	2	0	0	0	0	0	1	0	0	0	0	0	0	0	0	0	0	0	0	0	0
0.03	north4_all	80	32628	9580	15449	5472	4658	2820	2776	2274	1317	3067	1008	908	976	574	1242	581	729	480	325	416	604	261	186	474	342	148	162	157	174	116	72	163	57	131	53	80	59	46	37	28	32	28	63	18	26	44	16	23	40	18	19	8	11	19	25	22	26	5	22	7	8	3	4	3	2	3	3	4	0	3	0	4	2	0	3	2	2	1	0	0	10	0	0	0	0	0	1	2	1	1	3	0	0	0	0	0	0	0	0	0	0	0	0	0	2	0	0	0	0	1	0	0	0	0	0	0	0	0	0
0.03	north4_active	80	18706	4281	9903	2935	2617	1364	1568	1276	618	1998	480	464	544	273	729	324	454	275	143	241	409	134	93	275	213	61	92	93	114	82	40	109	24	76	20	50	24	25	15	16	15	20	27	10	16	30	9	15	20	9	12	2	6	14	17	15	15	4	11	6	3	3	3	0	1	2	1	4	0	2	0	1	2	0	0	2	2	0	0	0	4	0	0	0	0	0	1	2	0	1	3	0	0	0	0	0	0	0	0	0	0	0	0	0	1	0	0	0	0	0	0	0	0	0	0	0	0	0	0
0.03	north5_all	80	32734	9606	15747	5416	4570	2850	2747	2426	1326	3089	992	904	1042	555	1204	554	729	499	317	410	657	262	189	425	319	164	172	179	182	107	75	172	58	160	53	77	49	47	36	32	31	34	49	14	26	41	17	15	37	17	29	10	10	20	38	24	33	9	17	3	7	6	3	4	5	3	3	3	0	2	0	3	4	2	3	2	2	2	0	0	10	0	0	1	0	1	0	3	1	1	4	2	0	0	0	1	0	0	0	0	0	0	0	0	2	0	0	0	0	0	0	0	0	2	0	0	0	0	0
0.03	north5_active	80	18714	4309	10069	2903	2541	1398	1546	1375	632	1977	465	463	620	246	729	297	453	287	149	235	437	124	92	258	203	74	91	105	110	63	41	122	32	108	20	50	13	25	20	21	14	24	25	8	14	23	12	9	20	9	20	3	5	14	29	17	22	6	13	2	2	5	2	3	5	2	1	3	0	1	0	1	4	0	0	2	2	0	0	0	4	0	0	0	0	0	0	2	0	1	3	2	0	0	0	1	0	0	0	0	0	0	0	0	1	0	0	0	0	0	0	0	0	2	0	0	0	0	0
0.03	north6_all	80	31989	9643	15590	5266	4492	2761	2727	2383	1283	2882	969	897	1027	569	1156	551	737	495	302	374	634	226	185	399	314	153	158	175	189	124	72	179	58	147	56	66	53	41	35	39	25	40	44	13	22	35	16	10	29	15	29	12	9	19	28	40	28	10	15	1	1	10	4	4	5	4	1	1	1	4	0	2	4	3	3	2	0	3	0	0	5	0	0	1	0	1	0	1	0	1	1	2	0	0	0	1	0	0	1	1	0	0	0	0	1	0	0	0	0	0	0	0	0	2	0	0	0	0	0
0.03	north6_active	80	18064	4291	9939	2830	2469	1331	1536	1308	607	1855	448	445	619	253	710	312	453	287	138	216	408	103	80	265	202	69	85	99	98	73	34	119	35	102	24	34	17	20	17	23	11	26	25	8	13	17	11	4	14	6	20	4	6	15	24	15	18	6	12	0	1	4	2	3	5	2	0	1	1	3	0	1	4	1	0	2	0	1	0	0	4	0	0	0	0	0	0	0	0	1	0	2	0	0	0	1	0	0	0	0	0	0	0	0	0	0	0	0	0	0	0	0	0	2	0	0	0	0	0
0.03	north7_all	80	31739	9692	15259	5277	4573	2682	2702	2261	1294	2692	920	930	1028	553	1068	543	686	487	300	401	608	211	165	348	273	135	141	179	180	131	74	175	66	132	54	55	40	44	32	41	34	31	42	15	23	26	21	12	22	13	25	14	8	11	24	41	22	8	5	2	2	12	4	6	4	7	1	2	1	2	1	1	2	3	3	1	0	3	0	1	1	0	0	1	0	2	2	1	0	1	1	2	0	0	0	1	0	0	1	1	0	0	0	0	0	0	0	0	0	0	0	0	0	2	0	0	0	0	0
0.03	north7_active	80	17849	4346	9721	2800	2473	1310	1466	1209	581	1758	463	453	618	241	647	295	408	282	141	232	381	89	64	216	162	65	74	107	93	78	34	102	34	95	22	30	18	23	15	22	13	18	29	10	11	7	14	5	11	4	13	3	5	8	21	16	17	2	2	0	2	6	2	5	4	5	0	0	1	2	1	1	2	1	0	1	0	1	0	0	0	0	0	0	0	0	2	0	0	1	0	2	0	0	0	1	0	0	0	0	0	0	0	0	0	0	0	0	0	0	0	0	0	2	0	0	0	0	0
0.03	north8_all	80	31119	9655	14998	5297	4559	2636	2620	2231	1251	2610	903	917	999	557	1103	527	720	472	280	387	588	217	179	387	293	138	132	179	170	134	71	145	59	112	59	53	42	40	28	41	32	35	55	13	27	32	27	13	21	12	13	15	8	12	9	35	20	9	20	5	7	10	3	4	0	8	2	2	2	2	3	2	2	4	0	0	0	1	0	1	2	0	0	0	0	2	2	0	0	0	1	0	0	2	2	1	0	0	2	1	0	0	0	0	0	0	0	0	0	0	0	0	0	0	1	0	0	0	0
0.03	north8_active	80	17364	4363	9576	2769	2445	1293	1414	1164	541	1669	446	442	594	255	660	287	432	269	133	220	364	93	71	238	172	62	70	109	91	76	27	88	26	66	24	25	17	21	14	20	14	19	26	9	12	17	16	6	14	4	8	5	5	8	6	12	9	4	16	1	2	5	0	3	0	6	0	0	1	2	2	2	2	3	0	0	0	1	0	0	1	0	0	0	0	0	2	0	0	0	0	0	0	0	0	1	0	0	0	0	0	0	0	0	0	0	0	0	0	0	0	0	0	0	1	0	0	0	0
0.03	north9_all	80	31009	9672	15225	5377	4457	2613	2684	2271	1291	2603	893	879	996	570	1102	558	702	474	305	408	570	218	178	373	344	146	132	192	181	124	76	145	69	122	47	56	46	40	31	37	29	31	66	14	27	35	26	13	24	11	14	11	8	12	9	33	19	8	19	6	14	4	3	5	4	8	2	2	2	4	3	1	1	3	2	2	0	0	3	1	2	2	0	0	1	1	2	2	0	0	0	0	0	2	2	1	0	1	1	2	0	0	0	0	0	0	0	0	0	0	0	0	0	0	1	0	0	0	0
0.03	north9_active	80	17408	4370	9667	2805	2432	1289	1418	1198	570	1640	441	422	568	268	666	296	418	271	139	250	351	98	78	210	211	66	67	113	105	76	33	96	26	69	20	30	18	18	16	13	12	18	30	8	14	18	14	5	18	6	8	3	6	8	6	9	7	3	15	1	8	4	2	3	4	6	0	0	1	3	2	1	1	2	2	0	0	0	0	0	1	1	0	0	0	0	2	1	0	0	0	0	0	0	0	1	0	1	0	0	0	0	0	0	0	0	0	0	0	0	0	0	0	0	1	0	0	0	0
0.03	north10_all	80	31613	9575	15250	5535	4644	2650	2691	2369	1273	2720	930	893	1015	569	1160	577	747	494	322	396	594	217	190	392	334	148	155	177	161	105	73	141	71	146	36	77	50	43	40	28	23	33	59	12	29	41	25	21	32	10	13	13	7	16	7	27	20	6	18	6	20	4	4	5	5	3	3	2	1	3	2	1	1	3	4	3	0	0	3	1	1	2	1	1	1	0	0	3	0	0	1	0	0	2	2	2	0	1	1	1	0	0	0	0	0	0	0	0	0	0	0	0	0	0	1	0	0	0	0
0.03	north10_active	80	17941	4362	9677	2921	2595	1300	1482	1313	581	1746	442	431	585	269	741	320	449	283	152	235	351	95	85	233	205	66	83	111	98	61	34	97	26	87	16	51	19	16	22	11	10	19	23	8	15	30	12	12	23	5	9	5	6	11	5	20	7	3	15	1	11	2	3	3	5	1	1	0	0	2	1	1	1	2	2	0	0	0	0	1	1	1	0	1	0	0	0	2	0	0	1	0	0	0	0	1	0	1	0	0	0	0	0	0	0	0	0	0	0	0	0	0	0	0	1	0	0	0	0
0.03	north11_all	80	31936	9412	15758	5587	4793	2837	2707	2415	1311	2903	947	880	1141	535	1245	553	769	442	319	464	622	218	183	360	301	146	169	191	171	124	69	129	55	116	66	72	47	41	42	25	26	29	57	18	28	41	24	30	20	12	19	8	7	7	11	18	9	14	6	5	16	3	4	1	9	4	3	2	0	7	2	5	3	3	0	0	1	1	1	1	4	1	1	0	0	3	0	0	1	0	1	0	0	1	0	0	0	2	0	1	2	0	0	0	0	0	0	0	0	0	0	0	0	0	0	0	0	0	0
0.03	north11_active	80	18221	4245	10054	2979	2741	1399	1440	1355	567	1863	434	439	662	241	803	291	456	244	163	273	405	96	78	263	193	61	101	111	108	69	30	84	26	64	34	40	28	16	22	10	9	16	44	9	16	17	15	23	11	5	13	4	3	0	3	10	7	8	1	4	4	1	3	1	9	2	0	1	0	6	1	4	3	2	0	0	0	0	1	1	3	1	0	0	0	2	0	0	1	0	1	0	0	0	0	0	0	0	0	0	2	0	0	0	0	0	0	0	0	0	0	0	0	0	0	0	0	0	0
0.03	north12_all	80	32087	9420	16201	5499	4815	2751	2718	2375	1273	2871	952	821	1125	551	1214	550	765	424	327	463	617	223	201	403	328	144	163	202	158	116	69	125	58	120	63	78	51	40	44	21	27	23	35	20	30	46	24	32	16	8	16	8	6	9	15	23	3	13	7	4	12	2	3	0	8	5	3	3	1	4	3	5	4	4	0	0	1	2	2	1	4	1	0	1	1	2	0	0	1	0	1	0	0	2	0	0	0	1	0	0	2	0	0	0	0	0	0	0	0	0	0	0	0	0	0	0	0	0	0
0.03	north12_active	80	18491	4260	10422	2908	2696	1372	1437	1307	556	1779	446	401	649	255	780	293	482	233	153	252	374	107	82	282	210	61	98	114	88	62	31	85	24	83	31	39	32	16	24	12	10	14	18	9	15	20	17	22	8	4	12	4	3	2	3	14	1	8	2	3	2	1	2	0	8	2	0	2	0	2	2	4	4	2	0	0	0	0	2	1	3	1	0	1	0	2	0	0	1	0	1	0	0	0	0	0	0	0	0	0	2	0	0	0	0	0	0	0	0	0	0	0	0	0	0	0	0	0	0
0.03	north13_all	80	32607	9465	16432	5494	4777	2707	2740	2305	1221	2854	935	842	1093	552	1193	519	796	448	311	461	618	210	191	418	347	142	167	195	137	126	77	142	52	146	54	88	61	43	53	20	33	31	37	17	28	39	21	22	17	7	13	6	7	11	13	22	4	12	7	3	12	2	9	2	10	12	3	6	3	9	2	6	1	5	0	1	2	1	4	0	10	1	0	1	1	3	0	0	1	0	1	0	0	2	0	0	0	1	0	0	2	0	0	0	0	0	0	0	0	0	0	0	0	0	0	0	0	0	0
0.03	north13_active	80	18737	4311	10506	2922	2695	1353	1469	1244	541	1787	436	412	636	263	716	264	506	241	138	255	387	104	77	279	229	65	103	101	77	65	34	104	18	99	19	50	41	18	28	11	16	20	24	7	12	16	17	13	8	4	10	2	3	5	3	12	3	7	3	2	7	1	7	0	9	8	0	4	0	3	2	6	1	2	0	0	1	0	4	0	8	1	0	1	0	2	0	0	1	0	1	0	0	0	0	0	0	0	0	0	2	0	0	0	0	0	0	0	0	0	0	0	0	0	0	0	0	0	0
0.03	north14_all	80	32576	9471	16363	5532	4772	2678	2707	2307	1262	2968	944	863	1052	545	1205	536	829	482	317	467	606	219	181	397	345	158	185	186	118	138	87	134	56	151	48	91	60	34	45	29	37	32	32	18	24	35	20	18	20	10	12	4	6	10	11	13	3	8	7	5	8	7	10	4	6	9	2	5	4	8	2	3	1	3	0	1	1	2	4	0	9	0	0	1	1	5	0	0	2	0	0	0	0	1	0	0	0	0	0	0	0	0	0	0	0	0	0	0	0	0	0	0	0	0	0	0	0	0	0
0.03	north14_active	80	18676	4340	10483	2968	2729	1330	1458	1237	579	1865	448	419	597	252	722	279	533	267	134	269	385	109	74	261	212	80	111	87	68	62	37	84	27	101	22	51	42	14	24	15	19	20	17	7	7	18	13	11	9	5	8	1	4	6	2	9	2	3	3	3	6	1	8	1	4	7	0	3	0	2	2	3	1	0	0	0	1	1	4	0	8	0	0	1	0	4	0	0	1	0	0	0	0	0	0	0	0	0	0	0	0	0	0	0	0	0	0	0	0	0	0	0	0	0	0	0	0	0	0
0.03	north15_all	80	32766	9433	16168	5512	4726	2745	2668	2290	1280	3023	940	898	1070	537	1139	543	809	520	306	493	544	210	184	366	348	148	177	193	108	117	86	165	56	154	54	84	54	40	41	26	38	38	40	20	19	18	13	14	20	12	18	1	10	12	17	11	5	8	8	6	12	6	12	5	4	8	1	5	4	7	1	4	1	2	0	1	2	1	7	0	10	0	0	1	0	3	0	0	1	0	1	0	0	0	0	0	0	0	0	0	0	0	0	0	0	0	0	0	0	0	0	3	0	0	0	0	0	0	0
0.03	north15_active	80	18876	4262	10345	2953	2683	1381	1452	1274	572	1905	438	452	587	248	672	270	502	296	130	291	352	101	78	232	216	79	93	105	69	48	35	107	34	102	26	52	39	16	24	13	22	20	23	9	4	8	6	9	11	8	11	0	4	9	11	7	3	4	4	2	8	1	10	2	2	7	0	3	0	1	1	4	1	0	0	0	2	1	6	0	9	0	0	1	0	2	0	0	0	0	0	0	0	0	0	0	0	0	0	0	0	0	0	0	0	0	0	0	0	0	0	0	0	0	0	0	0	0	0
0.03	north16_all	80	32820	9491	15919	5630	4757	2779	2637	2294	1276	2990	953	909	1104	544	1186	587	742	519	314	480	580	217	188	336	348	145	175	182	113	127	81	180	68	145	59	72	46	38	38	34	31	39	56	25	20	16	9	18	20	13	23	4	11	13	12	6	7	6	6	15	10	9	11	6	3	3	2	2	2	5	3	2	0	2	0	0	3	1	3	1	1	2	0	1	1	3	0	0	2	0	1	1	0	0	0	0	0	0	0	0	0	0	0	0	0	0	0	1	0	0	0	3	0	0	0	0	0	0	0
0.03	north16_active	80	18874	4262	10153	3054	2728	1375	1440	1241	578	1835	456	466	650	252	709	306	461	307	132	294	382	109	89	207	208	75	92	102	66	57	34	120	42	100	33	47	33	19	23	16	13	17	26	11	7	9	5	6	15	8	15	1	5	5	11	2	4	3	3	10	6	4	8	4	2	1	1	1	1	1	2	2	0	0	0	0	2	1	2	0	1	2	0	1	1	2	0	0	1	0	0	1	0	0	0	0	0	0	0	0	0	0	0	0	0	0	0	1	0	0	0	0	0	0	0	0	0	0	0
0.03	north17_all	80	32591	9547	15949	5554	4763	2821	2713	2286	1295	2980	981	857	1110	567	1191	590	707	514	334	449	561	230	207	375	373	134	158	171	130	116	68	169	59	131	52	67	49	47	46	25	30	37	57	28	16	12	6	20	27	13	26	7	14	13	16	6	11	7	9	12	11	5	5	3	2	2	2	1	2	0	5	1	0	5	0	0	2	1	3	1	3	2	0	1	1	0	2	0	2	0	1	2	0	0	0	0	0	0	0	0	0	4	0	0	0	0	0	1	0	0	0	3	0	0	0	0	1	0	0
0.03	north17_active	80	18762	4288	10189	2963	2715	1435	1513	1265	602	1805	462	458	656	262	750	319	428	295	143	260	350	116	105	208	228	64	83	97	79	63	30	108	32	89	31	43	30	26	32	13	13	14	27	11	6	8	4	6	22	8	15	4	7	5	13	2	2	4	5	9	7	4	4	3	2	0	1	1	1	0	2	1	0	4	0	0	1	1	2	0	2	2	0	1	1	0	0	0	1	0	0	1	0	0	0	0	0	0	0	0	0	4	0	0	0	0	0	1	0	0	0	0	0	0	0	0	0	0	0
0.03	north18_all	80	32574	9540	15785	5634	4863	2801	2854	2381	1305	2852	977	868	1096	582	1229	579	733	522	323	435	601	226	205	382	313	135	160	185	141	128	70	150	64	136	53	61	57	44	38	27	29	31	61	21	21	19	10	20	25	11	24	11	11	15	10	8	9	6	27	12	8	4	6	5	2	3	1	2	2	1	4	3	0	9	1	0	1	1	2	1	2	2	2	0	1	0	2	0	1	0	1	3	0	0	0	0	0	1	0	0	0	4	0	0	0	0	0	1	0	0	0	0	0	0	0	0	1	0	0
0.03	north18_active	80	18706	4268	9945	3040	2799	1392	1599	1317	600	1738	475	447	662	282	769	313	447	298	129	246	373	115	111	223	191	63	77	109	80	71	32	102	35	100	28	29	34	28	25	15	13	10	28	7	10	7	9	7	19	6	12	8	7	5	7	3	1	3	22	10	5	3	5	4	2	1	1	1	2	0	1	1	0	8	1	0	0	0	2	0	1	2	1	0	1	0	0	0	1	0	0	1	0	0	0	0	0	1	0	0	0	4	0	0	0	0	0	1	0	0	0	0	0	0	0	0	0	0	0
0.03	north19_all	80	32492	9359	15508	5505	4854	2749	2849	2424	1355	2844	991	879	1081	577	1194	566	715	533	316	421	617	249	204	413	303	160	164	165	165	128	64	146	54	150	53	79	60	54	47	23	26	23	52	18	24	30	18	26	26	9	26	11	10	12	12	10	10	5	34	2	17	2	3	5	1	4	1	4	3	2	4	2	0	9	1	1	0	1	0	1	2	0	2	0	0	0	3	0	0	0	0	2	0	0	0	0	0	1	0	0	0	4	0	0	0	0	0	0	0	0	0	0	0	0	0	0	1	0	0
0.03	north19_active	80	18618	4183	9750	2915	2831	1360	1590	1373	621	1801	496	434	667	274	751	327	420	310	139	242	360	131	106	256	178	83	75	99	106	70	30	104	33	90	26	43	29	27	35	12	12	8	30	8	12	13	12	6	17	4	13	9	7	4	5	7	1	2	28	2	5	1	2	3	1	2	1	2	2	0	1	0	0	9	1	0	0	0	0	0	1	0	1	0	0	0	1	0	0	0	0	0	0	0	0	0	0	1	0	0	0	4	0	0	0	0	0	0	0	0	0	0	0	0	0	0	0	0	0
0.03	north20_all	80	32214	9415	16051	5568	4855	2776	2866	2392	1367	2856	1016	873	1117	562	1179	555	724	538	311	433	606	246	196	405	312	164	178	159	179	128	70	147	59	160	52	63	62	42	56	29	26	27	41	17	28	37	16	23	27	6	24	9	8	16	11	10	6	4	36	13	14	3	9	7	3	5	3	5	2	4	2	2	0	6	2	1	2	3	1	0	1	1	3	1	0	1	3	0	0	0	0	2	0	0	0	0	0	1	0	0	0	0	0	0	0	0	0	0	0	0	0	0	0	0	0	0	0	0	0
0.03	north20_active	80	18502	4177	10277	2935	2752	1326	1579	1412	617	1859	502	439	684	264	728	317	415	298	148	258	357	125	95	256	184	81	86	93	111	67	28	96	34	101	23	31	32	19	40	12	11	11	23	8	12	19	11	8	18	1	12	7	5	8	2	5	1	2	31	10	2	0	7	4	3	4	2	2	1	1	0	0	0	6	1	0	1	0	1	0	0	0	1	0	0	0	2	0	0	0	0	0	0	0	0	0	0	1	0	0	0	0	0	0	0	0	0	0	0	0	0	0	0	0	0	0	0	0	0
0.03	south21_all	80	27483	9916	9965	5419	5811	2386	3871	2134	1489	1693	915	1278	715	714	728	1041	859	454	501	474	594	202	175	323	258	228	203	93	93	145	127	132	99	53	52	66	54	71	67	47	19	71	35	23	31	26	17	28	9	14	10	7	8	13	16	4	5	10	15	11	8	10	7	10	5	2	3	2	3	3	8	4	1	1	1	0	3	2	1	1	3	0	2	1	0	1	1	2	0	0	1	0	0	1	0	0	0	0	0	0	1	0	0	1	0	0	0	0	0	0	0	0	1	0	0	0	0	0	1
0.03	south21_active	80	14694	4642	5753	2960	3599	1086	2398	1163	799	991	391	756	310	379	405	647	490	248	285	308	416	85	78	190	162	141	119	41	44	87	86	81	53	19	21	38	26	41	33	25	7	52	19	7	20	21	7	15	2	8	8	5	2	6	8	4	3	5	11	4	7	4	3	8	2	1	2	1	2	1	8	3	0	1	1	0	1	2	0	0	2	0	2	0	0	1	1	0	0	0	0	0	0	0	0	0	0	0	0	0	1	0	0	1	0	0	0	0	0	0	0	0	1	0	0	0	0	0	1
0.03	south22_all	80	28447	10226	10298	5731	6104	2377	3978	2167	1586	1748	948	1345	661	743	768	1048	911	490	519	487	514	190	170	322	259	221	196	97	101	141	101	157	104	59	51	73	57	87	66	55	35	64	35	17	27	26	16	18	11	13	9	6	7	8	13	5	2	8	11	6	8	8	4	9	3	4	5	6	5	3	8	4	1	1	1	2	3	3	1	1	2	1	0	0	0	3	0	1	0	0	1	0	0	1	0	0	0	0	0	0	1	0	0	0	0	0	3	0	0	0	0	0	1	0	0	0	0	0	0
0.03	south22_active	80	15382	4820	6098	3158	3777	1086	2413	1216	851	1021	424	783	303	406	450	648	540	290	311	304	345	75	74	174	157	139	117	44	51	91	67	102	58	20	25	44	32	56	37	27	19	42	23	5	18	21	3	10	3	7	7	5	3	4	5	5	1	2	8	3	6	4	1	8	0	1	4	4	4	1	8	4	0	1	1	1	1	3	0	0	2	0	0	0	0	2	0	0	0	0	0	0	0	0	0	0	0	0	0	0	1	0	0	0	0	0	3	0	0	0	0	0	1	0	0	0	0	0	0
0.03	south23_all	80	29737	10403	10847	5924	6533	2413	4286	2226	1624	1801	965	1424	663	775	795	1052	981	497	503	483	474	182	176	307	306	256	221	96	112	129	110	135	128	62	51	69	59	75	71	61	34	62	32	16	33	27	18	18	14	9	7	7	8	7	10	5	4	5	7	7	8	8	3	8	3	4	6	6	5	2	2	1	2	1	1	3	1	3	1	0	2	1	0	1	0	3	0	0	0	0	2	0	0	1	0	0	0	0	0	0	1	0	1	0	0	0	3	0	0	0	0	0	1	0	0	0	0	0	0
0.03	south23_active	80	16416	4984	6525	3314	4053	1133	2594	1280	857	1029	433	857	303	432	471	687	639	292	278	292	299	74	70	154	192	163	138	43	57	80	74	85	68	23	26	41	33	48	39	25	21	41	22	5	21	18	4	10	6	3	6	3	3	4	3	5	1	0	4	2	6	6	1	6	2	1	4	4	5	1	2	1	0	1	1	1	1	3	0	0	2	0	0	0	0	2	0	0	0	0	1	0	0	0	0	0	0	0	0	0	1	0	1	0	0	0	3	0	0	0	0	0	1	0	0	0	0	0	0
0.03	south24_all	80	30859	10715	11211	6146	6963	2454	4554	2376	1671	1907	947	1563	662	812	817	1063	1105	463	521	546	495	180	179	321	310	254	229	90	117	143	110	149	119	59	51	110	53	67	72	75	40	57	36	19	36	33	18	17	30	9	8	14	9	9	6	4	6	8	6	10	5	9	2	6	4	6	6	9	6	1	1	4	1	0	1	3	1	1	0	0	1	2	7	1	0	3	0	0	0	0	2	0	1	0	0	0	0	0	0	0	1	0	1	0	0	1	3	0	0	0	0	0	1	0	0	1	0	1	0
0.03	south24_active	80	17219	5158	6858	3503	4341	1174	2751	1363	885	1127	423	970	312	467	491	713	727	278	295	312	305	86	68	166	193	159	147	39	58	89	70	88	59	22	27	73	26	41	38	44	26	30	22	6	25	23	6	10	21	3	6	9	5	5	4	4	1	2	2	7	3	6	1	2	3	1	4	7	6	0	1	1	0	0	1	1	1	1	0	0	1	1	6	0	0	2	0	0	0	0	1	0	0	0	0	0	0	0	0	0	0	0	1	0	0	1	3	0	0	0	0	0	1	0	0	1	0	1	0
0.03	south25_all	80	31077	10673	11586	6133	7313	2524	4799	2461	1675	1905	941	1567	664	829	842	1048	1102	424	511	576	572	189	202	345	298	280	230	93	110	154	110	133	139	50	51	107	52	44	64	85	33	44	36	23	46	29	15	31	29	11	8	18	8	9	6	8	6	16	8	11	1	5	2	5	3	5	2	9	6	3	2	3	4	0	2	4	2	2	0	0	0	1	7	1	0	1	0	0	1	0	2	0	1	1	0	1	0	0	0	0	2	1	1	0	0	1	1	0	0	0	0	0	0	0	0	1	0	1	0
0.03	south25_active	80	17425	5149	7026	3432	4551	1190	2956	1393	911	1138	434	978	297	481	486	714	727	244	291	357	363	88	78	192	177	183	137	43	58	96	72	74	84	18	28	71	25	25	30	53	17	25	21	6	34	18	6	20	20	6	4	10	5	4	3	4	1	9	5	8	1	2	1	1	3	1	1	7	6	0	2	0	0	0	1	1	1	2	0	0	0	1	6	0	0	0	0	0	0	0	1	0	0	0	0	0	0	0	0	0	1	0	1	0	0	1	1	0	0	0	0	0	0	0	0	1	0	1	0
0.03	south26_all	80	30962	10670	11400	6049	7113	2658	4927	2521	1638	1862	955	1623	649	787	795	1091	1092	426	483	627	600	201	215	339	274	296	227	90	101	145	107	133	134	55	51	115	47	46	72	74	42	45	38	19	62	27	17	20	36	13	11	17	8	8	15	8	3	13	8	11	2	5	2	6	1	4	1	5	5	3	2	4	3	0	2	2	1	1	1	0	0	1	13	0	3	0	0	2	1	0	1	0	1	1	0	3	0	0	0	0	2	1	0	0	0	1	0	0	1	0	0	0	0	0	0	1	0	1	0
0.03	south26_active	80	17342	5165	6895	3377	4425	1229	3033	1442	917	1169	445	1017	290	451	441	755	696	231	266	378	369	102	87	216	166	180	130	47	48	91	72	79	82	20	28	77	25	25	42	52	21	26	20	5	48	16	10	13	23	7	3	11	5	3	10	4	0	9	6	8	1	1	1	2	1	1	1	4	5	0	2	0	0	0	0	0	0	1	0	0	0	1	12	0	3	0	0	2	0	0	0	0	0	0	0	1	0	0	0	0	1	0	0	0	0	1	0	0	0	0	0	0	0	0	0	1	0	1	0
0.03	south27_all	80	31003	10693	11525	6121	7185	2706	4772	2449	1621	1930	929	1588	646	785	796	1018	1043	447	490	607	600	200	208	370	285	250	239	100	97	156	115	121	118	58	51	120	49	55	69	61	38	40	36	25	59	25	17	30	20	14	13	11	9	8	27	7	2	24	11	6	1	6	2	8	1	8	1	6	1	3	14	2	4	0	2	1	1	2	1	0	0	0	7	0	4	1	0	2	1	0	0	0	0	1	0	3	0	0	0	0	1	1	0	0	0	0	0	0	1	0	0	0	0	0	0	1	0	0	0
0.03	south27_active	80	17391	5135	6908	3471	4437	1264	2993	1371	872	1235	432	959	300	446	440	685	648	242	271	396	335	88	88	248	177	155	147	58	56	98	74	75	79	20	26	79	27	30	46	38	20	23	17	9	47	13	10	22	9	8	5	4	5	4	19	3	0	21	7	2	0	1	1	3	1	6	1	4	1	0	6	0	1	0	0	0	0	2	0	0	0	0	6	0	3	0	0	2	0	0	0	0	0	0	0	1	0	0	0	0	1	0	0	0	0	0	0	0	0	0	0	0	0	0	0	1	0	0	0
0.03	south28_all	80	31579	10686	11358	6203	7072	2744	4767	2462	1682	2022	917	1574	638	802	780	1075	928	447	514	631	601	191	180	388	279	256	241	106	93	126	116	125	107	58	51	88	41	96	82	71	36	42	25	29	50	21	18	18	15	9	11	13	12	7	35	5	2	20	12	9	1	7	3	7	2	8	2	4	5	2	14	3	3	1	2	1	0	2	1	0	0	0	6	0	4	1	0	2	0	0	0	0	1	0	0	2	0	0	0	0	1	0	0	1	0	0	0	0	1	0	0	0	0	1	0	0	1	0	0
0.03	south28_active	80	17739	5132	6902	3501	4333	1315	2961	1372	920	1242	434	922	284	426	430	710	607	242	281	405	347	87	72	247	184	166	149	62	50	83	76	89	68	27	21	50	20	58	53	45	17	27	8	14	38	11	8	14	9	4	2	5	7	4	26	3	0	13	8	3	0	2	2	4	0	6	2	3	4	0	6	0	1	1	1	1	0	2	0	0	0	0	6	0	3	0	0	2	0	0	0	0	0	0	0	1	0	0	0	0	1	0	0	1	0	0	0	0	0	0	0	0	0	1	0	0	1	0	0
0.03	south29_all	80	31557	10797	11387	6209	7274	2727	4663	2497	1654	1982	912	1594	624	801	785	1124	961	442	496	609	668	182	159	418	258	261	225	109	94	155	142	136	93	57	50	81	36	105	79	59	30	51	29	35	34	24	14	43	13	5	8	7	12	11	37	4	2	21	7	16	2	8	4	6	8	8	4	4	6	0	14	2	3	1	4	1	1	1	0	1	0	0	0	0	1	1	0	0	0	0	0	0	1	0	0	0	0	0	0	0	0	0	0	1	1	0	0	0	1	0	0	0	0	1	0	0	1	0	0
0.03	south29_active	80	17903	5204	6889	3512	4372	1343	2965	1397	871	1181	415	989	284	411	432	748	639	237	281	396	388	76	63	273	159	169	152	55	50	93	93	93	54	27	17	49	16	58	50	36	15	36	16	15	25	14	4	18	8	3	2	3	9	6	29	3	0	14	3	6	2	4	3	4	4	6	4	2	3	0	6	0	3	1	1	1	0	1	0	1	0	0	0	0	0	0	0	0	0	0	0	0	0	0	0	0	0	0	0	0	0	0	0	1	1	0	0	0	0	0	0	0	0	1	0	0	1	0	0
0.03	south30_all	80	31305	10689	11026	5997	7116	2650	4632	2564	1646	1907	906	1543	614	813	804	1133	941	440	500	573	686	188	153	415	237	276	212	107	87	144	137	151	95	51	52	82	40	95	70	60	26	73	30	38	28	23	10	36	16	7	7	6	10	11	21	4	1	15	3	12	3	7	4	6	9	7	3	8	7	0	12	1	3	1	3	2	2	0	1	3	0	1	0	0	1	1	0	0	0	0	0	0	1	0	0	0	0	0	0	1	0	0	0	1	1	0	0	0	0	0	0	0	0	1	0	0	1	0	0
0.03	south30_active	80	17677	5147	6642	3326	4295	1284	2865	1457	879	1077	429	928	270	415	448	729	620	232	269	357	441	81	59	285	146	192	141	46	38	83	87	95	60	27	18	51	20	55	44	41	14	51	20	18	23	13	3	11	9	1	1	2	6	6	13	3	0	1	2	5	2	4	3	3	4	4	3	5	4	0	2	0	3	1	1	1	1	0	1	1	0	0	0	0	0	0	0	0	0	0	0	0	0	0	0	0	0	0	0	0	0	0	0	1	1	0	0	0	0	0	0	0	0	1	0	0	1	0	0
0.03	south31_all	80	27781	10074	10130	5569	6343	2368	4115	2219	1534	1671	937	1341	626	740	675	1069	924	428	442	469	549	233	176	317	260	242	187	94	98	177	129	153	85	56	41	102	38	80	54	58	29	73	15	25	40	18	13	29	28	22	19	9	9	5	22	7	6	11	21	11	7	4	5	4	3	2	4	2	0	1	2	0	0	2	2	2	1	1	1	1	1	0	1	1	1	0	0	0	0	0	0	0	0	0	1	0	1	0	0	0	0	0	1	0	1	0	0	0	0	0	0	0	0	0	0	0	0	0	0
0.03	south31_active	80	14976	4622	5849	2954	3831	1137	2516	1208	762	938	435	790	295	387	357	644	570	233	239	299	373	96	74	181	149	171	94	32	50	112	77	96	46	27	14	68	18	56	35	33	13	55	9	10	25	10	4	17	22	16	11	6	2	1	16	4	2	1	16	8	5	1	2	2	0	1	0	1	0	0	1	0	0	1	2	0	1	1	1	0	0	0	0	0	0	0	0	0	0	0	0	0	0	0	1	0	1	0	0	0	0	0	1	0	0	0	0	0	0	0	0	0	0	0	0	0	0	0	0
0.03	south32_all	80	28589	10363	10557	5882	6756	2403	4386	2338	1604	1724	930	1407	615	769	759	1180	980	452	468	486	592	222	184	347	276	258	197	109	110	194	117	143	89	63	45	110	43	88	48	64	29	79	19	25	42	24	8	39	32	15	19	7	6	8	16	7	5	14	18	12	5	5	5	3	4	3	0	6	4	0	1	0	0	1	2	4	1	0	1	0	1	0	0	1	0	0	0	1	0	0	1	1	0	0	1	0	1	0	0	0	0	0	0	1	1	0	0	0	0	0	0	0	0	0	0	0	0	0	0
0.03	south32_active	80	15566	4835	6145	3216	4141	1153	2650	1343	834	1012	423	830	293	411	438	715	613	271	252	320	395	96	77	201	160	177	117	39	54	132	69	89	49	31	17	76	22	67	30	36	16	62	6	9	21	15	3	28	22	11	11	3	1	3	12	4	3	7	14	9	3	2	1	3	2	1	0	4	3	0	0	0	0	0	2	1	1	0	0	0	0	0	0	0	0	0	0	1	0	0	1	1	0	0	1	0	1	0	0	0	0	0	0	1	0	0	0	0	0	0	0	0	0	0	0	0	0	0	0
0.03	south33_all	80	29823	10551	11055	6186	6915	2521	4516	2512	1597	1766	916	1526	624	794	806	1222	1074	479	492	481	607	218	182	363	272	284	211	121	101	234	118	161	105	58	51	108	41	105	50	60	34	56	20	28	54	23	6	34	38	16	16	9	5	8	17	7	6	16	10	16	4	5	4	8	3	3	2	8	10	0	3	1	3	1	1	4	1	0	1	0	2	0	0	1	0	0	0	1	0	0	1	1	0	0	1	0	0	0	0	0	0	0	0	1	0	0	0	0	0	0	1	0	0	0	0	0	0	0	0
0.03	south33_active	80	16659	4989	6543	3374	4202	1212	2771	1433	866	1028	423	944	308	445	488	768	708	290	273	305	382	97	82	208	170	199	121	49	50	175	68	110	59	30	22	70	21	87	37	36	20	42	9	11	32	16	5	26	27	11	8	0	2	5	16	3	5	11	4	9	1	2	1	8	2	1	1	6	8	0	1	0	1	0	1	1	1	0	0	0	1	0	0	0	0	0	0	1	0	0	1	1	0	0	1	0	0	0	0	0	0	0	0	1	0	0	0	0	0	0	1	0	0	0	0	0	0	0	0
0.03	south34_all	80	31036	10723	11446	6264	7296	2626	4648	2606	1615	1887	935	1610	636	811	793	1189	1087	469	505	520	552	209	176	359	263	294	220	110	99	231	136	153	95	64	53	89	44	108	58	65	26	64	19	25	51	17	8	37	33	16	13	13	7	8	18	8	7	17	6	19	3	8	5	8	3	1	4	10	11	0	5	5	4	1	0	3	0	0	1	1	2	1	0	2	0	0	0	1	0	0	1	1	1	0	0	0	0	0	0	1	0	0	0	1	0	0	0	0	0	0	1	1	0	0	0	0	0	0	0
0.03	south34_active	80	17556	5148	6843	3408	4536	1289	2909	1504	885	1108	430	1000	309	459	479	743	690	284	285	336	326	92	77	203	160	191	139	46	51	162	70	114	57	33	26	54	22	91	44	40	15	50	9	9	23	12	6	29	21	10	7	4	4	5	15	3	6	12	2	10	1	6	2	8	2	0	3	8	8	0	3	2	2	0	0	1	0	0	0	0	1	0	0	1	0	0	0	1	0	0	1	1	0	0	0	0	0	0	0	0	0	0	0	1	0	0	0	0	0	0	1	1	0	0	0	0	0	0	0
0.03	south35_all	80	31273	10785	11571	6103	7337	2679	4626	2604	1594	1909	886	1536	636	816	739	1060	1068	483	514	537	528	206	181	383	239	300	212	112	97	211	127	132	105	52	47	74	53	97	72	65	30	52	17	31	44	20	13	25	33	15	10	14	7	7	20	8	6	17	6	15	2	11	4	8	2	2	6	8	7	1	5	7	4	0	0	3	1	0	0	2	1	2	1	3	1	0	0	0	0	0	1	1	3	0	0	0	0	0	0	1	0	0	0	0	0	0	0	0	0	0	1	1	0	0	0	0	0	0	0
0.03	south35_active	80	17687	5256	6997	3305	4587	1315	2869	1466	844	1089	410	919	288	471	439	654	690	290	315	327	311	90	81	211	145	196	123	52	48	143	56	95	72	29	21	42	21	77	57	42	15	40	14	12	25	15	6	19	23	8	5	8	5	6	17	4	5	13	2	8	1	9	3	7	1	1	4	8	5	0	3	4	2	0	0	3	0	0	0	0	1	0	0	1	0	0	0	0	0	0	1	1	2	0	0	0	0	0	0	0	0	0	0	0	0	0	0	0	0	0	1	1	0	0	0	0	0	0	0
0.03	south36_all	80	31349	10801	11481	6133	7268	2621	4592	2518	1558	1925	862	1536	659	786	709	1030	975	452	505	510	536	204	186	357	244	267	197	96	98	212	140	134	96	46	45	69	51	71	59	69	27	63	17	25	37	23	15	32	25	10	9	12	9	4	17	5	6	14	4	15	7	10	5	7	2	2	6	3	1	1	3	6	3	0	0	2	1	0	0	2	1	2	1	2	1	0	0	0	1	0	2	0	3	0	0	0	0	0	0	1	0	0	0	0	0	1	0	0	0	0	0	2	0	0	0	0	0	0	0
0.03	south36_active	80	17682	5291	6964	3372	4612	1285	2936	1424	838	1088	396	906	292	442	415	617	596	271	311	298	315	81	78	180	139	170	116	43	44	139	65	85	69	27	23	41	22	50	45	45	9	43	10	11	16	14	6	25	15	3	7	9	4	3	11	4	5	8	2	10	5	8	3	6	2	1	4	3	0	0	2	4	1	0	0	2	0	0	0	0	1	0	0	1	0	0	0	0	1	0	1	0	2	0	0	0	0	0	0	0	0	0	0	0	0	1	0	0	0	0	0	1	0	0	0	0	0	0	0
0.03	south37_all	80	31256	10828	11539	6091	7379	2577	4479	2556	1580	1941	877	1574	651	807	739	1043	981	483	488	490	573	203	184	334	269	239	217	93	105	247	135	120	124	50	45	79	46	57	53	73	26	57	24	22	29	29	14	19	31	11	6	9	11	5	22	3	4	8	8	12	7	10	7	5	3	4	4	4	1	1	1	5	1	0	1	2	1	0	0	1	0	2	1	1	1	0	1	0	1	0	2	0	4	0	0	0	0	0	0	0	0	0	0	1	0	1	0	0	0	0	0	2	0	0	0	0	0	0	0
0.03	south37_active	80	17483	5323	7011	3391	4723	1256	2791	1441	881	1127	397	929	287	430	429	668	637	285	291	250	334	90	79	171	149	138	123	40	51	141	76	73	85	28	24	50	20	33	37	46	6	32	11	13	15	17	4	13	22	4	5	9	6	3	12	2	2	4	6	9	5	10	5	4	2	2	2	3	1	0	1	4	1	0	1	2	0	0	0	0	0	1	0	0	0	0	0	0	1	0	1	0	2	0	0	0	0	0	0	0	0	0	0	1	0	1	0	0	0	0	0	1	0	0	0	0	0	0	0
0.03	south38_all	80	31360	10775	11443	6036	7310	2576	4542	2561	1606	1865	850	1562	676	810	763	1115	978	496	503	515	610	228	192	328	289	220	235	107	91	239	135	149	113	56	52	94	41	84	55	70	25	49	33	22	41	41	22	20	27	16	8	5	12	8	22	6	3	7	10	4	8	5	8	2	4	4	3	2	3	1	1	0	0	1	2	0	0	0	0	0	0	1	1	0	1	0	1	0	1	0	2	0	1	0	0	0	0	0	0	0	0	0	0	1	0	1	0	0	0	0	0	1	0	0	0	0	0	0	0
0.03	south38_active	80	17526	5229	6854	3416	4646	1238	2908	1447	906	1107	391	956	302	434	443	716	621	281	296	245	348	107	77	173	162	126	118	46	46	141	87	103	70	33	32	65	19	55	31	46	7	20	18	14	20	20	13	13	20	10	6	3	4	4	13	2	1	3	6	3	6	5	5	2	2	1	1	0	3	0	1	0	0	0	1	0	0	0	0	0	0	1	0	0	1	0	0	0	1	0	1	0	0	0	0	0	0	0	0	0	0	0	0	1	0	1	0	0	0	0	0	0	0	0	0	0	0	0	0
0.03	south39_all	80	31204	10639	11564	6161	7360	2554	4461	2568	1639	1909	842	1495	677	821	835	1116	1000	497	486	566	630	248	186	321	263	226	237	107	76	248	133	155	105	72	54	110	48	87	50	77	24	48	34	19	33	39	26	18	29	24	10	8	15	8	24	7	8	6	12	3	6	3	6	2	6	3	4	5	7	0	2	0	0	1	2	0	0	0	0	0	0	1	0	0	2	1	1	1	0	0	1	0	1	0	0	0	0	0	0	0	0	0	1	1	0	1	0	0	0	0	0	1	0	0	0	0	0	0	0
0.03	south39_active	80	17522	5171	6986	3466	4681	1210	2757	1447	918	1135	385	889	303	436	478	712	642	279	286	310	368	112	69	191	149	141	128	47	42	155	94	104	69	41	29	79	23	57	26	53	4	23	17	14	16	16	17	13	20	16	4	4	5	4	17	1	2	2	7	2	3	3	4	2	4	1	2	0	6	0	2	0	0	0	1	0	0	0	0	0	0	1	0	0	2	0	0	0	0	0	0	0	0	0	0	0	0	0	0	0	0	0	0	1	0	1	0	0	0	0	0	0	0	0	0	0	0	0	0
0.03	south40_all	80	30818	10581	11633	6137	7146	2562	4451	2489	1640	1871	828	1442	684	842	848	1176	986	513	490	545	617	233	178	326	262	237	195	116	84	226	139	159	81	67	64	91	58	111	58	78	31	43	27	15	29	39	27	23	17	25	15	10	14	10	18	10	7	8	12	6	7	0	8	1	5	5	3	5	7	0	2	0	3	3	2	0	0	1	0	4	0	0	3	0	8	1	0	1	0	0	0	0	0	0	0	0	0	0	0	0	0	0	1	1	0	0	0	0	0	0	0	0	0	0	0	0	0	0	0
0.03	south40_active	80	17389	5145	7025	3420	4489	1249	2819	1376	899	1103	400	872	314	471	486	736	611	281	277	321	381	101	69	208	164	155	100	58	45	144	83	110	48	36	36	58	28	76	34	58	12	28	15	10	10	18	17	15	9	18	7	4	4	5	16	2	2	4	7	5	3	0	6	1	3	3	2	0	5	0	1	0	2	1	1	0	0	0	0	4	0	0	3	0	2	0	0	0	0	0	0	0	0	0	0	0	0	0	0	0	0	0	0	1	0	0	0	0	0	0	0	0	0	0	0	0	0	0	0
