label	Group	numOtus	Otu0	Otu1	Otu2	Otu3	Otu4	Otu5	Otu6	Otu7	Otu8	Otu9	Otu10	Otu11	Otu12	Otu13	Otu14	Otu15	Otu16	Otu17	Otu18	Otu19	Otu20	Otu21	Otu22	Otu23	Otu24	Otu25	Otu26	Otu27	Otu28	Otu29	Otu30	Otu31	Otu32	Otu33	Otu34	Otu35	Otu36	Otu37	Otu38	Otu39	Otu40	Otu41	Otu42	Otu43	Otu44	Otu45	Otu46	Otu47	Otu48	Otu49	Otu50	Otu51	Otu52	Otu53	Otu54	Otu55	Otu56	Otu57	Otu58	Otu59	Otu60	Otu61	Otu62	Otu63	Otu64	Otu65	Otu66	Otu67	Otu68	Otu69	Otu70	Otu71	Otu72	Otu73	Otu74	Otu75	Otu76	Otu77	Otu78	Otu79	Otu80	Otu81	Otu82	Otu83	Otu84	Otu85	Otu86	Otu87	Otu88	Otu89	Otu90	Otu91	Otu92	Otu93	Otu94	Otu95	Otu96	Otu97	Otu98	Otu99	Otu100	Otu101	Otu102	Otu103	Otu104	Otu105	Otu106	Otu107	Otu108	Otu109	Otu110	Otu111	Otu112	Otu113	Otu114	Otu115	Otu116	Otu117	Otu118	Otu119	Otu120	Otu121	Otu122	Otu123	Otu124	Otu125	Otu126	Otu127	Otu128	Otu129	Otu130	Otu131	Otu132	Otu133	Otu134	Otu135	Otu136	Otu137	Otu138	Otu139	Otu140	Otu141	Otu142	Otu143	Otu144	Otu145	Otu146	Otu147	Otu148	Otu149	Otu150	Otu151	Otu152	Otu153	Otu154	Otu155	Otu156	Otu157	Otu158	Otu159	Otu160	Otu161	Otu162	Otu163	Otu164	Otu165	Otu166	Otu167	Otu168	Otu169	Otu170	Otu171	Otu172	Otu173	Otu174	Otu175	Otu176	Otu177
0.03	north1_all	80	35137	11436	9351	4745	7293	3736	3073	2364	3079	1411	1807	1082	999	951	730	755	1369	557	1466	1271	640	338	623	283	410	624	270	244	189	188	225	184	147	138	127	145	337	122	140	95	75	158	75	73	133	68	44	71	50	83	66	100	31	34	49	34	29	39	34	84	27	20	29	28	23	20	13	14	15	23	6	10	70	18	14	10	11	25	4	10	9	4	7	10	5	9	4	5	1	10	3	3	4	0	2	1	5	5	1	12	5	0	1	2	2	1	2	2	0	0	2	6	1	0	0	1	1	1	0	2	0	0	2	0	0	2	0	2	0	0	0	0	0	1	1	0	0	0	0	1	1	0	4	1	0	0	0	1	0	0	0	1	0	0	0	0	0	0	0	0	0	0	0	0	0	1	0	0	0	0	2	1	0	0	0	1	0	0
0.03	north1_active	80	26221	5443	6107	1385	5910	2468	1903	1332	2538	396	1287	342	312	450	265	376	1188	223	1333	1128	472	95	484	112	280	532	101	114	52	66	119	89	42	28	45	71	295	62	98	33	27	132	17	19	104	40	13	41	13	62	29	86	14	14	39	16	8	25	18	78	8	10	23	19	3	12	1	10	0	20	3	7	68	14	6	5	4	17	3	8	4	1	1	3	2	7	1	3	1	9	2	0	3	0	2	1	0	3	1	11	4	0	0	2	0	0	0	1	0	0	0	6	0	0	0	0	0	0	0	1	0	0	1	0	0	1	0	1	0	0	0	0	0	1	1	0	0	0	0	0	1	0	4	0	0	0	0	0	0	0	0	0	0	0	0	0	0	0	0	0	0	0	0	0	0	1	0	0	0	0	2	1	0	0	0	0	0	0
0.03	north2_all	80	35150	11363	9208	4786	7146	3741	3022	2381	3093	1415	1838	1124	980	940	785	754	1393	532	1390	1312	693	336	594	312	383	596	253	234	210	180	219	191	142	140	120	141	329	111	154	93	76	164	79	78	151	74	42	72	42	85	73	74	38	29	45	27	25	39	31	64	23	22	34	17	21	15	10	17	13	21	10	15	57	19	15	11	10	15	1	7	10	7	7	11	4	11	5	8	2	10	2	3	3	1	1	1	3	5	1	11	1	4	1	2	3	3	3	2	0	0	1	0	1	0	1	1	1	1	0	1	0	0	1	0	0	1	0	1	0	1	0	0	0	1	1	0	0	0	0	1	0	0	6	1	0	0	0	0	0	1	0	1	0	0	0	0	0	0	0	0	0	0	0	0	0	1	0	0	0	0	2	1	0	0	0	1	0	0
0.03	north2_active	80	26220	5428	6037	1397	5829	2506	1863	1331	2516	418	1319	367	304	446	292	367	1203	212	1252	1168	526	102	456	132	261	522	90	111	56	54	123	100	46	27	45	66	282	56	102	29	27	142	12	17	125	43	12	47	11	69	32	63	12	11	39	20	6	26	17	61	7	9	28	10	6	6	1	13	2	17	4	8	54	13	7	5	3	7	1	4	3	1	0	3	2	9	0	6	2	9	2	0	2	0	1	1	0	3	1	11	0	0	0	2	1	2	1	1	0	0	0	0	0	0	0	0	0	0	0	1	0	0	1	0	0	1	0	0	0	0	0	0	0	1	1	0	0	0	0	1	0	0	6	0	0	0	0	0	0	0	0	0	0	0	0	0	0	0	0	0	0	0	0	0	0	1	0	0	0	0	2	1	0	0	0	0	0	0
0.03	north3_all	80	35077	11301	9087	4693	7054	3675	3022	2362	3151	1388	1872	1125	978	929	769	778	1554	532	1302	1226	727	347	570	313	375	645	262	231	203	186	219	216	123	141	113	148	258	101	146	88	80	215	75	76	159	71	53	67	39	64	63	90	40	30	53	31	29	35	30	48	24	28	45	25	21	20	15	25	15	30	8	14	45	24	14	8	6	11	1	7	14	7	7	7	3	12	6	13	1	11	2	4	5	1	2	0	2	4	2	13	0	5	2	3	2	2	2	0	0	0	1	0	0	1	1	1	1	1	4	1	0	1	1	0	1	1	0	0	0	1	0	0	1	0	1	1	0	0	0	1	0	0	6	0	0	0	0	0	0	1	0	0	0	0	0	0	0	0	0	0	0	0	0	0	0	1	0	0	0	0	2	0	0	0	0	1	0	0
0.03	north3_active	80	26292	5314	5949	1345	5769	2397	1908	1325	2534	402	1329	357	312	417	289	374	1347	208	1180	1083	561	109	418	130	252	580	98	101	52	62	116	121	38	25	49	63	214	48	91	29	24	186	12	22	142	46	17	43	11	51	26	78	11	9	46	18	6	17	18	46	7	12	36	14	7	9	5	22	3	23	1	7	41	18	7	4	2	6	1	4	5	1	0	1	2	12	0	6	1	9	2	1	5	0	1	0	0	2	2	13	0	1	0	3	1	2	1	0	0	0	0	0	0	0	0	0	0	0	4	1	0	1	1	0	0	1	0	0	0	0	0	0	0	0	1	0	0	0	0	1	0	0	6	0	0	0	0	0	0	0	0	0	0	0	0	0	0	0	0	0	0	0	0	0	0	1	0	0	0	0	2	0	0	0	0	0	0	0
0.03	north4_all	80	35517	11252	9135	4742	7004	3621	3007	2402	3095	1400	1859	1120	970	893	786	738	1627	549	1294	1215	756	369	567	323	360	580	241	236	213	198	202	218	126	133	109	133	231	92	161	79	73	217	73	73	165	72	63	83	49	58	55	59	41	25	40	30	25	28	21	49	22	27	46	24	18	26	17	33	12	27	11	20	28	14	16	7	3	3	3	7	15	6	7	7	3	13	7	14	1	2	0	5	6	1	2	0	1	3	3	6	0	5	1	3	1	2	2	0	0	2	1	0	1	2	1	0	2	1	5	0	0	1	0	0	1	0	0	0	0	1	0	1	1	0	0	1	0	1	0	1	0	0	2	0	0	0	0	0	1	1	0	1	0	0	0	0	0	0	0	0	0	0	0	0	0	0	0	0	0	0	2	0	0	0	0	0	1	1
0.03	north4_active	80	26488	5301	5976	1416	5722	2275	1940	1399	2422	401	1350	351	306	394	297	351	1423	210	1161	1077	583	112	438	128	242	509	97	101	56	60	99	119	38	29	46	54	194	44	107	26	21	189	9	25	151	51	24	56	14	50	25	50	9	5	32	19	4	10	14	46	8	11	37	13	5	17	6	27	4	20	1	10	24	8	6	2	2	0	1	3	6	2	0	1	2	13	3	8	1	1	0	1	6	0	1	0	0	2	3	5	0	1	0	3	1	2	1	0	0	2	0	0	1	1	0	0	0	0	4	0	0	1	0	0	0	0	0	0	0	0	0	0	0	0	0	0	0	0	0	1	0	0	2	0	0	0	0	0	0	0	0	1	0	0	0	0	0	0	0	0	0	0	0	0	0	0	0	0	0	0	2	0	0	0	0	0	0	1
0.03	north5_all	80	35163	11323	9114	4777	7085	3724	3034	2418	3088	1395	1916	1088	949	894	827	745	1706	575	1283	1160	727	384	587	324	356	612	241	253	204	196	227	232	129	142	117	133	204	99	128	87	66	239	56	70	164	81	67	76	43	54	45	68	31	35	47	33	39	32	20	59	22	21	42	26	20	23	20	27	14	17	16	23	27	9	10	9	6	5	4	3	11	4	4	8	4	8	7	15	6	2	3	6	10	0	1	1	3	3	6	6	0	1	2	2	0	0	1	1	0	2	0	0	7	6	7	0	1	1	5	0	1	1	0	0	1	0	0	0	0	0	0	2	1	0	0	1	1	1	1	1	0	0	2	0	4	0	0	0	1	1	0	1	0	0	0	0	0	0	0	0	0	0	0	0	0	0	0	0	0	0	0	0	0	0	0	0	1	1
0.03	north5_active	80	26175	5382	5920	1359	5767	2350	1956	1391	2420	397	1390	342	305	402	313	357	1498	226	1155	1025	552	111	445	126	258	537	94	108	53	63	100	121	33	25	49	59	176	47	85	23	26	213	6	30	154	54	28	44	15	46	26	57	8	10	32	20	12	16	14	56	7	11	33	17	7	16	6	21	3	12	3	14	23	7	4	2	2	3	1	1	5	2	0	3	2	8	4	10	2	1	2	1	9	0	0	0	2	2	5	5	0	1	1	2	0	0	0	0	0	2	0	0	7	5	7	0	0	0	4	0	0	1	0	0	0	0	0	0	0	0	0	0	0	0	0	0	1	0	1	1	0	0	2	0	4	0	0	0	0	0	0	1	0	0	0	0	0	0	0	0	0	0	0	0	0	0	0	0	0	0	0	0	0	0	0	0	0	1
0.03	north6_all	80	35260	11485	9075	4742	7239	3794	3012	2412	3040	1446	1895	1053	931	940	810	712	1751	571	1396	1239	725	379	594	322	359	571	253	247	190	192	222	207	142	140	119	118	209	102	145	88	65	215	69	60	141	77	64	77	43	55	44	79	35	36	40	27	40	33	16	67	23	23	32	21	20	22	20	25	13	12	19	17	24	11	11	9	7	12	6	3	7	5	7	7	5	9	8	8	6	4	3	5	7	2	0	1	5	1	6	1	0	1	1	1	0	0	0	1	1	2	0	1	10	7	7	1	1	1	1	1	1	0	1	0	1	0	1	0	3	0	0	3	1	0	0	0	1	1	1	0	0	0	0	0	4	10	0	4	1	0	1	1	0	0	0	0	0	1	0	0	0	0	0	0	0	0	0	0	0	0	0	0	0	0	0	0	1	1
0.03	north6_active	80	26263	5531	5984	1339	5886	2354	1927	1401	2350	413	1356	314	294	440	307	337	1540	229	1249	1106	548	102	450	117	252	494	109	106	53	68	92	107	35	22	47	55	183	47	109	26	29	196	6	29	129	44	28	51	13	45	29	67	8	12	24	16	14	19	10	62	7	9	26	16	9	15	8	18	2	9	2	10	21	7	4	2	1	8	1	2	3	1	1	3	2	9	5	7	1	4	2	0	6	1	0	0	4	1	5	0	0	1	1	1	0	0	0	0	0	2	0	0	10	6	7	0	0	0	0	0	0	0	1	0	0	0	0	0	3	0	0	0	0	0	0	0	1	0	1	0	0	0	0	0	4	10	0	4	0	0	0	1	0	0	0	0	0	0	0	0	0	0	0	0	0	0	0	0	0	0	0	0	0	0	0	0	0	1
0.03	north7_all	80	35131	11356	9108	4736	7088	3967	3025	2422	3157	1404	1957	1082	947	991	828	728	1647	562	1405	1074	698	376	579	340	357	635	247	229	197	179	208	209	150	140	135	118	237	114	141	84	79	184	69	67	160	82	69	72	46	59	53	85	31	43	44	31	44	36	25	68	24	23	24	25	19	19	15	30	18	9	22	13	14	10	10	11	8	21	6	8	2	5	7	7	7	4	5	6	6	7	3	5	6	2	1	1	5	1	4	0	2	1	3	0	0	1	0	3	2	3	0	2	9	5	7	1	0	1	0	1	2	0	1	0	0	0	1	0	3	0	0	2	0	0	0	0	1	1	1	0	0	0	0	0	4	10	1	4	0	0	1	0	0	0	0	0	0	1	0	0	0	0	0	0	0	0	0	0	0	0	0	0	0	0	0	0	1	1
0.03	north7_active	80	26080	5406	6049	1344	5761	2575	1921	1400	2477	404	1399	335	315	489	313	339	1431	230	1256	954	528	102	442	126	246	561	102	103	56	57	90	109	35	21	59	46	210	58	111	21	31	167	4	26	138	49	30	45	12	44	30	71	9	18	27	16	18	25	11	64	5	7	19	12	10	13	5	22	5	7	4	10	10	7	2	4	2	17	3	2	1	0	1	4	3	4	3	5	1	6	2	1	5	1	1	0	4	1	3	0	1	0	2	0	0	1	0	0	0	2	0	1	9	5	7	0	0	0	0	0	1	0	1	0	0	0	0	0	3	0	0	0	0	0	0	0	1	0	1	0	0	0	0	0	4	10	0	4	0	0	0	0	0	0	0	0	0	0	0	0	0	0	0	0	0	0	0	0	0	0	0	0	0	0	0	0	0	1
0.03	north8_all	80	35487	11336	9127	4666	6880	3988	3001	2395	3212	1415	1915	1068	929	1003	829	708	1560	560	1383	1114	704	382	539	329	363	665	262	219	185	181	190	202	155	136	134	111	254	125	144	82	90	182	73	69	139	97	66	79	46	62	59	87	34	40	47	30	35	35	23	72	15	24	20	28	15	14	13	24	19	9	16	16	14	26	7	13	8	21	7	8	1	4	7	9	5	6	4	18	3	9	1	5	5	3	1	3	6	1	4	2	2	1	2	0	0	2	0	2	2	1	1	3	9	1	8	1	0	1	0	1	1	0	1	0	1	0	2	0	4	0	0	1	0	0	0	0	0	0	0	0	5	0	0	0	0	10	1	4	0	0	1	0	0	0	0	0	0	1	0	0	0	0	0	0	0	0	0	0	0	0	0	0	0	0	0	0	0	0
0.03	north8_active	80	26434	5412	6074	1338	5593	2624	1891	1365	2594	407	1376	324	303	497	325	339	1354	223	1237	988	540	108	410	118	259	589	112	100	44	60	87	112	38	26	53	50	222	65	106	22	26	157	7	25	119	60	27	50	9	42	39	75	8	16	33	14	14	24	9	66	3	9	17	12	10	5	6	20	5	7	3	11	11	22	3	5	3	17	3	2	0	0	1	4	2	6	3	17	1	8	0	1	5	2	1	0	4	0	2	2	1	0	1	0	0	1	0	0	0	0	0	2	9	1	8	0	0	0	0	0	1	0	1	0	0	0	1	0	3	0	0	0	0	0	0	0	0	0	0	0	5	0	0	0	0	10	0	4	0	0	0	0	0	0	0	0	0	0	0	0	0	0	0	0	0	0	0	0	0	0	0	0	0	0	0	0	0	0
0.03	north9_all	80	35385	11371	9163	4681	6752	3839	3067	2434	3116	1396	1907	1092	907	988	820	743	1567	578	1272	1037	698	375	525	324	396	603	259	221	201	208	197	188	148	144	141	133	250	140	149	81	86	124	66	77	118	106	61	75	54	78	66	89	32	33	56	33	25	32	25	57	15	19	24	23	7	19	14	20	15	15	12	18	18	42	8	12	7	23	7	6	3	6	4	7	6	6	3	17	3	7	3	3	2	2	1	3	3	2	5	2	3	3	3	1	0	3	0	2	2	1	2	3	7	0	1	0	0	2	1	1	1	1	0	0	1	0	1	0	1	0	0	1	0	1	0	0	0	1	0	0	5	0	0	0	0	0	1	0	0	0	0	0	0	0	0	0	1	1	0	0	0	0	0	0	0	0	0	0	0	0	0	0	0	0	0	0	0	0
0.03	north9_active	80	26402	5409	6070	1366	5427	2470	1937	1393	2521	378	1369	346	302	490	325	357	1361	232	1135	907	540	112	413	121	287	524	104	110	47	68	93	109	32	30	62	64	218	83	114	21	17	93	13	26	95	74	25	47	12	55	47	82	10	17	36	16	9	19	10	51	2	7	18	7	3	9	7	16	4	11	2	13	16	37	4	4	4	19	4	0	1	0	0	2	2	3	2	17	1	4	1	1	2	1	1	0	2	0	1	2	1	0	1	1	0	1	0	0	0	0	0	2	6	0	1	0	0	0	1	0	1	1	0	0	0	0	1	0	0	0	0	0	0	1	0	0	0	0	0	0	5	0	0	0	0	0	0	0	0	0	0	0	0	0	0	0	1	0	0	0	0	0	0	0	0	0	0	0	0	0	0	0	0	0	0	0	0	0
0.03	north10_all	80	35474	11387	9151	4646	6749	3846	3102	2499	3044	1368	1877	1098	884	984	819	750	1484	572	1282	1178	725	368	518	317	418	513	264	228	210	203	188	196	151	127	139	122	225	144	136	80	82	143	65	75	100	93	59	76	52	63	62	74	32	28	59	36	23	32	23	83	15	21	17	17	12	24	14	19	14	16	8	14	19	47	10	10	7	17	10	2	2	10	3	6	2	10	6	17	2	11	4	5	3	2	2	4	2	3	6	2	3	3	1	2	2	2	0	1	5	0	2	2	7	1	1	0	0	1	3	0	0	1	1	0	1	0	1	0	2	0	0	0	0	1	0	0	0	1	0	0	5	0	0	0	0	0	0	0	0	0	0	0	0	0	0	0	1	0	0	0	0	0	0	0	0	0	0	0	0	0	0	0	0	0	0	0	0	0
0.03	north10_active	80	26596	5402	6060	1351	5467	2514	1978	1447	2496	347	1353	356	317	481	309	360	1300	221	1143	1044	562	114	396	118	307	421	104	109	49	69	88	115	38	23	58	61	194	82	103	19	16	107	18	28	81	66	22	51	12	48	47	63	10	13	36	17	7	16	10	75	2	11	11	7	8	13	5	15	3	13	0	10	17	42	8	3	3	15	3	0	1	2	0	2	0	7	2	17	1	7	1	2	3	1	2	0	1	0	2	2	1	0	0	1	0	0	0	0	5	0	0	2	6	0	1	0	0	0	1	0	0	1	0	0	0	0	1	0	0	0	0	0	0	1	0	0	0	0	0	0	5	0	0	0	0	0	0	0	0	0	0	0	0	0	0	0	1	0	0	0	0	0	0	0	0	0	0	0	0	0	0	0	0	0	0	0	0	0
0.03	north11_all	80	35034	11244	9098	4722	7140	3873	3063	2428	3304	1419	1877	1049	952	881	769	703	1619	586	1395	1365	684	350	616	297	452	545	290	233	190	216	198	189	149	136	139	143	191	109	144	81	93	209	76	65	182	90	71	89	41	62	50	127	39	33	43	48	19	24	21	60	16	25	20	14	19	17	12	18	18	37	7	9	26	7	9	6	7	14	11	14	4	12	8	5	2	6	6	22	2	6	4	2	3	2	5	3	4	3	6	4	1	3	0	2	0	2	1	6	7	3	2	0	2	0	2	1	2	1	0	2	1	1	2	0	6	1	0	2	0	0	0	1	1	0	0	0	0	0	0	0	0	0	0	0	1	0	0	0	0	0	1	0	1	0	0	0	0	0	0	0	0	0	0	0	0	0	0	0	0	0	0	0	1	0	0	0	0	0
0.03	north11_active	80	26202	5271	5929	1459	5854	2436	1886	1402	2693	393	1361	339	337	389	271	349	1428	237	1251	1213	522	103	478	108	336	469	126	100	45	75	104	103	38	28	55	70	154	59	101	17	32	184	18	11	168	58	23	63	12	44	33	111	11	4	26	30	9	15	7	51	2	13	14	7	8	11	1	9	3	36	3	5	22	3	4	0	3	12	4	7	2	3	2	1	2	3	4	20	0	5	3	0	2	1	4	1	2	1	1	3	0	2	0	1	0	1	0	6	5	3	1	0	1	0	2	1	2	1	0	2	1	0	1	0	5	1	0	1	0	0	0	0	0	0	0	0	0	0	0	0	0	0	0	0	0	0	0	0	0	0	0	0	0	0	0	0	0	0	0	0	0	0	0	0	0	0	0	0	0	0	0	0	0	0	0	0	0	0
0.03	north12_all	80	34890	11330	9015	4720	7065	3783	3119	2399	3359	1461	1958	1059	951	892	749	754	1633	577	1373	1291	667	366	609	296	465	542	292	250	199	205	188	176	141	128	144	134	202	111	151	97	91	196	76	65	175	81	64	78	43	72	50	98	43	33	52	52	21	19	22	72	22	27	22	16	16	20	17	23	14	24	7	9	22	13	11	7	9	16	11	13	6	12	11	5	4	16	7	20	1	9	4	3	5	2	3	2	3	5	7	3	1	3	1	0	0	2	1	8	1	2	2	1	2	0	1	2	2	1	0	1	1	5	2	0	8	1	0	1	0	0	0	2	1	0	0	0	0	0	0	0	1	0	0	0	1	0	0	0	0	0	0	0	0	0	0	0	0	0	0	0	0	1	2	0	0	0	0	0	0	0	0	0	1	0	0	0	0	0
0.03	north12_active	80	26030	5339	5861	1435	5787	2405	1957	1399	2735	380	1426	350	320	397	271	359	1444	235	1226	1144	512	92	467	114	349	464	130	118	50	62	93	93	34	28	46	62	166	64	115	22	26	173	20	13	157	54	23	50	11	58	35	84	9	3	38	30	5	13	10	65	5	13	15	9	9	12	2	17	3	20	3	3	20	10	6	0	2	14	5	6	2	3	3	2	3	13	5	18	0	8	2	0	4	1	3	1	1	1	1	3	0	2	0	0	0	1	0	8	1	2	1	1	1	0	1	1	2	1	0	1	1	4	1	0	7	1	0	0	0	0	0	0	0	0	0	0	0	0	0	0	0	0	0	0	0	0	0	0	0	0	0	0	0	0	0	0	0	0	0	0	0	0	2	0	0	0	0	0	0	0	0	0	0	0	0	0	0	0
0.03	north13_all	80	35194	11554	9083	4709	7022	3700	3072	2344	3205	1436	2012	1094	970	883	744	737	1661	585	1298	1273	674	346	572	313	455	569	284	243	191	207	182	167	137	118	149	133	211	119	153	85	92	185	77	62	166	93	62	75	45	72	48	86	43	38	54	61	22	20	30	83	22	22	23	19	16	18	23	23	16	21	9	10	26	15	9	8	10	23	8	10	6	10	10	6	3	15	7	14	4	11	3	4	5	4	2	2	2	4	1	0	0	5	1	2	0	2	3	8	1	0	2	1	2	0	0	2	1	1	0	3	1	5	2	0	2	0	0	0	0	0	0	2	2	0	0	1	0	0	0	0	1	0	0	0	1	0	0	0	0	0	0	0	0	1	0	2	0	0	0	0	0	1	2	0	0	0	0	0	0	0	0	0	0	0	0	0	0	0
0.03	north13_active	80	26268	5428	5931	1440	5746	2388	1938	1348	2581	385	1499	379	328	405	292	359	1475	221	1146	1126	515	80	437	114	328	486	125	109	51	61	86	91	30	28	47	65	178	57	119	23	30	164	19	15	149	64	26	49	7	57	30	73	10	7	35	32	4	16	20	76	5	9	14	11	8	10	6	18	5	16	3	4	25	10	4	1	3	22	3	6	0	3	2	1	2	13	5	12	1	9	2	0	4	1	2	1	1	1	0	0	0	4	0	2	0	1	1	7	1	0	0	1	1	0	0	1	1	1	0	3	1	4	1	0	2	0	0	0	0	0	0	0	0	0	0	0	0	0	0	0	0	0	0	0	0	0	0	0	0	0	0	0	0	1	0	2	0	0	0	0	0	0	2	0	0	0	0	0	0	0	0	0	0	0	0	0	0	0
0.03	north14_all	80	35346	11685	9035	4665	6987	3813	3023	2363	3054	1454	2013	1104	973	897	758	747	1660	561	1297	1299	697	347	495	322	428	611	279	268	191	194	192	159	152	131	139	122	249	135	133	80	75	184	63	57	133	88	49	62	45	66	38	74	40	38	51	51	36	36	30	83	28	29	23	16	15	21	27	22	10	10	11	8	20	15	8	6	10	24	8	4	6	8	8	8	4	13	6	7	7	11	8	6	2	3	6	1	3	5	4	0	2	2	1	2	0	2	4	5	3	3	1	2	0	2	0	1	0	3	0	2	0	5	1	1	2	0	0	0	0	0	0	1	1	0	0	1	2	0	0	0	1	0	0	0	0	0	0	0	0	0	0	0	0	1	0	2	0	0	0	0	0	1	2	1	0	0	0	0	0	0	0	0	0	0	0	0	0	0
0.03	north14_active	80	26397	5537	5951	1381	5726	2518	1933	1367	2449	411	1498	388	315	431	301	374	1477	197	1132	1161	542	81	378	126	307	530	126	133	53	50	88	91	34	30	45	63	221	74	104	25	22	164	14	15	111	60	16	42	8	56	25	63	8	10	37	27	9	26	21	76	8	11	15	10	8	14	7	17	3	4	4	4	17	13	6	1	5	22	5	2	0	5	1	1	2	11	3	6	2	9	6	1	2	0	6	1	1	2	2	0	1	2	0	2	0	1	1	3	2	0	0	1	0	0	0	0	0	1	0	2	0	4	1	0	2	0	0	0	0	0	0	0	0	0	0	0	2	0	0	0	0	0	0	0	0	0	0	0	0	0	0	0	0	1	0	2	0	0	0	0	0	0	2	1	0	0	0	0	0	0	0	0	0	0	0	0	0	0
0.03	north15_all	80	34891	11756	9052	4660	7075	3875	2964	2323	2980	1443	1986	1136	991	888	756	741	1581	559	1386	1259	712	338	515	344	410	663	264	264	183	188	201	170	148	133	153	124	271	139	166	77	76	181	64	51	121	84	58	67	48	46	41	127	36	39	47	45	36	43	29	70	30	27	28	17	10	19	25	16	10	11	11	6	19	17	5	8	10	35	6	7	5	10	7	7	4	16	6	12	7	11	9	7	2	2	4	1	3	3	4	2	2	2	2	2	1	2	4	2	2	4	1	1	3	4	2	1	0	3	1	2	0	4	0	1	0	0	0	0	1	0	5	0	1	0	0	1	2	1	0	0	0	0	0	0	0	0	0	0	0	1	0	0	0	1	0	2	0	0	0	0	0	0	0	1	0	0	0	0	0	0	0	0	0	0	0	0	0	0
0.03	north15_active	80	25985	5585	5924	1387	5797	2553	1900	1360	2412	413	1462	401	327	431	295	351	1388	189	1238	1126	556	84	398	130	293	581	125	135	57	56	90	101	31	30	59	61	240	79	126	22	23	160	10	13	100	56	18	43	8	36	23	114	8	16	30	28	9	31	22	64	9	13	20	12	3	15	8	11	4	6	3	3	14	11	4	1	6	30	2	2	0	5	3	0	2	14	2	11	2	9	7	1	0	0	4	1	1	1	2	2	1	2	2	2	0	0	1	0	1	0	0	0	3	2	2	0	0	0	1	2	0	4	0	0	0	0	0	0	1	0	5	0	0	0	0	0	2	0	0	0	0	0	0	0	0	0	0	0	0	1	0	0	0	1	0	2	0	0	0	0	0	0	0	1	0	0	0	0	0	0	0	0	0	0	0	0	0	0
0.03	north16_all	80	34967	11585	9063	4668	6797	3938	3098	2334	3078	1388	1920	1122	949	929	771	703	1622	556	1391	1258	752	357	548	347	419	651	270	257	194	197	209	173	143	137	154	108	256	148	157	83	81	195	64	57	116	85	52	66	43	48	40	139	41	42	47	50	37	44	25	48	30	31	28	23	10	21	15	14	11	10	11	7	23	12	6	7	12	25	8	7	6	10	5	6	5	12	6	11	4	11	12	6	2	1	4	2	2	1	5	2	2	1	2	0	2	1	3	3	2	4	2	1	4	4	2	1	0	3	1	0	0	1	0	1	0	5	0	0	1	0	5	0	0	0	0	1	2	1	0	0	0	0	0	0	0	2	0	8	0	1	0	0	0	0	0	0	0	0	0	0	0	0	0	1	0	0	0	1	0	0	0	0	0	0	0	0	0	0
0.03	north16_active	80	25980	5499	5915	1382	5529	2550	2000	1372	2504	410	1380	393	317	468	284	340	1435	196	1242	1121	589	93	437	124	296	576	123	146	58	57	102	96	32	33	63	53	229	85	112	25	21	170	10	12	97	50	22	42	12	39	25	127	11	13	30	41	11	26	18	42	8	12	22	15	5	16	3	10	6	5	5	5	17	8	4	2	7	19	3	2	0	5	3	0	3	9	2	9	2	10	9	1	0	0	4	1	1	1	4	2	1	1	2	0	0	0	1	2	1	0	1	0	4	2	2	0	0	0	1	0	0	1	0	0	0	5	0	0	1	0	5	0	0	0	0	0	2	0	0	0	0	0	0	0	0	2	0	8	0	1	0	0	0	0	0	0	0	0	0	0	0	0	0	1	0	0	0	1	0	0	0	0	0	0	0	0	0	0
0.03	north17_all	80	35110	11478	8953	4637	6793	3888	3131	2332	3235	1388	1889	1148	967	924	804	727	1665	544	1460	1218	743	365	563	351	398	711	257	269	203	210	207	177	139	123	142	115	225	137	164	89	84	185	73	61	108	74	55	61	45	52	49	148	33	39	37	45	35	32	17	63	26	22	37	25	12	22	16	13	11	16	9	17	9	11	5	8	11	56	9	7	5	8	6	5	5	11	6	9	3	9	11	4	5	1	6	2	1	0	4	2	3	3	2	0	2	2	2	3	1	4	1	1	4	4	2	1	0	1	1	0	0	1	0	0	0	5	0	0	1	0	5	0	0	0	0	0	2	1	0	0	0	0	0	0	0	2	0	8	0	1	0	0	0	0	0	0	0	0	0	0	0	0	0	0	0	0	0	1	0	0	0	0	0	0	0	0	0	0
0.03	north17_active	80	26128	5444	5807	1343	5518	2527	1994	1363	2640	404	1335	389	316	491	310	334	1459	190	1314	1087	583	98	458	127	291	624	117	137	53	63	96	92	31	23	68	55	191	74	111	25	28	162	14	14	96	43	19	40	12	40	35	135	6	15	22	37	9	17	8	57	6	8	32	17	5	13	5	10	5	12	4	13	6	6	3	2	4	51	3	3	0	4	3	1	3	9	1	6	1	8	9	1	3	0	6	1	1	0	2	2	1	3	2	0	0	0	0	2	1	0	1	0	4	2	2	0	0	0	1	0	0	1	0	0	0	5	0	0	1	0	5	0	0	0	0	0	2	0	0	0	0	0	0	0	0	2	0	8	0	1	0	0	0	0	0	0	0	0	0	0	0	0	0	0	0	0	0	1	0	0	0	0	0	0	0	0	0	0
0.03	north18_all	80	35264	11405	8912	4669	6895	3845	3094	2320	3352	1412	1825	1109	914	941	811	723	1659	536	1491	1230	739	364	590	323	416	712	271	256	210	202	190	173	150	126	128	121	200	125	132	94	80	163	65	64	113	93	52	72	44	67	48	134	35	33	51	49	25	30	25	66	27	18	30	27	11	24	10	14	13	17	11	18	7	10	6	10	10	38	7	7	4	6	6	5	4	11	4	11	6	7	13	5	4	1	2	2	0	0	4	0	2	4	1	0	2	2	2	2	0	2	1	1	1	2	2	0	0	0	0	0	0	1	1	0	0	5	0	0	2	0	0	0	0	1	0	0	0	0	1	0	0	0	0	0	0	8	0	8	0	0	0	0	0	0	0	0	0	0	1	0	0	0	0	0	0	0	0	1	8	0	0	0	0	0	0	0	0	0
0.03	north18_active	80	26425	5427	5767	1357	5582	2534	1979	1324	2731	408	1282	363	312	496	312	336	1469	205	1343	1099	563	92	486	118	299	621	110	123	54	55	95	95	29	26	58	59	171	59	78	26	29	139	16	17	99	62	19	44	13	54	29	124	7	11	33	37	7	13	11	63	7	10	27	17	3	11	3	11	5	14	6	13	4	5	1	5	3	36	2	6	0	2	3	1	1	9	1	8	1	6	10	1	3	0	2	1	0	0	3	0	1	4	0	0	0	0	0	2	0	2	1	0	1	0	2	0	0	0	0	0	0	1	1	0	0	5	0	0	2	0	0	0	0	1	0	0	0	0	0	0	0	0	0	0	0	8	0	8	0	0	0	0	0	0	0	0	0	0	0	0	0	0	0	0	0	0	0	1	8	0	0	0	0	0	0	0	0	0
0.03	north19_all	80	35731	11408	8837	4647	7138	3883	3117	2323	3319	1433	1763	1101	928	965	792	739	1613	518	1400	1218	751	361	545	311	443	684	273	259	201	197	180	186	154	135	125	138	190	120	134	84	75	179	70	67	108	95	55	63	49	63	52	125	34	36	40	43	25	24	33	73	18	16	28	21	12	23	14	11	18	16	15	15	26	8	5	11	7	38	7	5	6	6	7	8	4	4	3	6	6	5	13	4	11	2	3	3	0	1	4	1	2	5	1	1	1	1	3	0	6	2	1	1	18	2	0	0	0	1	0	1	0	1	2	0	3	5	0	0	2	0	0	0	0	1	0	0	0	0	1	0	0	0	0	0	0	8	0	0	0	0	0	0	0	0	0	0	0	0	1	0	0	0	0	0	0	0	0	0	8	0	0	0	0	0	1	0	0	0
0.03	north19_active	80	26798	5485	5780	1335	5830	2570	2012	1318	2730	404	1270	359	312	490	326	343	1409	197	1256	1089	572	92	433	102	326	577	110	114	54	63	95	107	34	30	54	68	162	59	87	18	27	151	17	19	95	64	23	41	13	50	33	117	7	13	24	25	7	14	13	69	4	12	23	12	4	12	3	7	6	14	7	9	25	4	1	4	2	37	3	5	2	0	2	1	1	3	0	4	1	5	11	1	11	0	2	2	0	0	1	0	1	5	0	0	0	0	0	0	6	2	0	0	18	0	0	0	0	0	0	1	0	1	2	0	3	5	0	0	2	0	0	0	0	1	0	0	0	0	0	0	0	0	0	0	0	8	0	0	0	0	0	0	0	0	0	0	0	0	0	0	0	0	0	0	0	0	0	0	8	0	0	0	0	0	1	0	0	0
0.03	north20_all	80	35301	11322	8776	4700	7248	3832	3157	2359	3347	1441	1802	1074	917	966	784	745	1595	561	1329	1340	762	354	545	304	424	653	258	246	190	189	189	195	160	134	115	141	180	104	167	91	74	154	66	67	103	100	50	71	54	54	57	110	33	36	48	37	21	34	37	50	21	16	16	20	12	20	13	10	18	20	15	11	30	14	11	11	7	19	9	6	6	7	10	7	4	5	6	6	6	4	9	3	20	1	5	3	1	2	4	2	1	4	2	1	0	1	2	1	6	2	1	1	21	2	0	0	0	1	1	1	0	0	2	0	4	0	0	0	2	1	0	0	0	2	0	0	0	0	1	0	0	0	0	0	4	6	0	0	0	0	1	0	0	0	0	0	0	0	1	0	0	0	0	0	0	0	0	0	8	0	0	0	0	1	1	0	0	0
0.03	north20_active	80	26541	5472	5788	1371	5986	2536	2045	1349	2758	375	1292	328	309	477	303	354	1377	215	1193	1203	568	99	419	108	305	552	106	105	48	62	107	123	35	33	46	68	155	56	126	18	23	124	15	21	87	74	17	42	9	42	35	99	9	14	23	18	6	20	17	46	6	11	12	11	5	9	1	7	5	18	7	6	27	11	6	4	3	18	3	5	2	0	3	1	2	4	3	5	2	3	6	0	18	0	3	1	1	0	1	1	0	3	0	0	0	1	0	1	6	2	0	0	21	0	0	0	0	0	1	1	0	0	2	0	4	0	0	0	2	0	0	0	0	1	0	0	0	0	0	0	0	0	0	0	4	6	0	0	0	0	1	0	0	0	0	0	0	0	0	0	0	0	0	0	0	0	0	0	8	0	0	0	0	0	1	0	0	0
0.03	south21_all	80	35292	11204	9040	4727	7127	3938	3060	2443	3109	1335	1881	1076	1001	903	761	759	1412	589	1193	1334	700	368	640	339	443	516	271	243	230	213	210	186	131	129	168	130	229	130	135	85	93	196	72	82	143	97	66	49	55	62	52	85	38	36	45	41	36	25	31	97	19	24	26	28	7	16	19	24	17	23	17	12	24	11	12	7	14	23	4	6	2	4	5	6	3	42	3	7	6	2	4	3	8	3	6	7	3	4	5	4	4	3	1	2	0	2	0	3	1	5	3	7	1	1	0	0	5	0	1	0	0	1	0	0	2	0	0	0	0	3	1	0	1	0	0	0	0	1	0	0	0	1	1	0	0	0	1	0	0	1	0	0	0	0	0	0	0	0	0	0	0	0	0	0	0	0	0	0	0	0	0	0	0	0	0	0	0	0
0.03	south21_active	80	26503	5281	5926	1368	5857	2565	1894	1355	2493	388	1330	347	324	450	301	388	1231	231	1053	1202	530	110	500	126	306	429	133	109	87	63	101	101	31	26	59	57	190	69	96	16	29	173	12	21	125	55	23	21	13	43	35	74	9	14	27	28	16	14	13	89	8	12	17	15	4	11	5	16	5	19	5	7	22	9	3	4	6	21	2	2	0	1	2	2	2	41	0	4	2	2	4	0	6	1	4	1	1	2	4	4	1	2	0	2	0	0	0	3	1	3	1	5	1	1	0	0	5	0	0	0	0	1	0	0	2	0	0	0	0	3	1	0	0	0	0	0	0	1	0	0	0	0	1	0	0	0	0	0	0	0	0	0	0	0	0	0	0	0	0	0	0	0	0	0	0	0	0	0	0	0	0	0	0	0	0	0	0	0
0.03	south22_all	80	35063	11275	9081	4813	7207	3915	3049	2442	3171	1389	1890	1030	1025	936	756	717	1399	585	1254	1394	736	358	621	302	455	527	284	231	216	197	200	193	136	133	171	140	248	138	139	92	93	230	77	76	144	102	60	55	48	79	60	69	31	38	44	54	30	32	31	86	16	24	34	25	12	14	26	22	17	25	14	21	21	10	16	8	11	29	6	3	3	6	8	7	5	37	7	10	3	2	4	4	3	3	5	5	3	3	1	4	3	3	0	1	0	0	1	1	0	2	3	1	1	0	0	0	1	0	3	0	0	1	0	0	2	0	0	0	0	3	1	0	1	0	0	0	0	1	1	0	0	1	1	0	0	0	0	0	0	1	0	0	0	0	0	1	0	1	0	0	0	0	0	0	0	0	0	0	0	0	0	0	0	0	0	0	0	0
0.03	south22_active	80	26155	5315	5994	1448	5909	2543	1920	1366	2533	396	1335	319	323	457	311	373	1238	229	1113	1274	548	103	492	104	314	451	124	105	66	63	100	107	37	32	62	54	206	78	97	12	31	196	12	18	124	65	25	27	8	60	40	59	9	14	30	34	12	17	16	81	4	11	24	15	6	9	11	17	5	22	4	14	19	7	4	4	5	24	3	2	0	1	2	3	4	35	2	7	1	2	4	0	3	2	4	1	1	1	1	4	0	2	0	1	0	0	0	1	0	0	1	0	1	0	0	0	0	0	1	0	0	1	0	0	2	0	0	0	0	3	1	0	0	0	0	0	0	1	1	0	0	0	1	0	0	0	0	0	0	0	0	0	0	0	0	1	0	1	0	0	0	0	0	0	0	0	0	0	0	0	0	0	0	0	0	0	0	0
0.03	south23_all	80	35004	11356	9082	4656	7064	3947	3029	2413	3190	1436	1910	1039	994	924	774	706	1390	603	1271	1383	714	348	613	288	474	599	295	231	229	196	187	198	149	119	159	149	248	123	141	97	87	219	75	71	151	111	58	58	53	102	77	81	29	35	33	49	33	29	27	83	13	26	27	19	14	9	27	33	15	32	8	18	24	11	15	9	11	29	8	3	5	5	7	9	5	3	10	10	3	6	6	3	1	3	4	4	3	3	1	2	0	1	0	2	1	0	1	1	0	1	0	2	0	0	1	0	1	0	3	0	0	0	0	0	0	0	0	0	0	2	0	0	1	0	1	1	0	1	1	0	1	1	1	0	0	0	0	0	0	0	0	0	0	0	0	1	0	1	0	0	0	0	0	0	0	0	0	0	0	0	0	0	0	0	0	0	0	0
0.03	south23_active	80	26144	5373	5996	1395	5763	2586	1915	1350	2557	398	1346	343	316	449	305	339	1240	238	1125	1268	546	103	486	116	352	533	116	111	61	62	88	104	37	25	59	58	217	62	90	17	30	191	14	18	124	78	29	28	7	80	50	72	8	14	23	31	9	14	16	79	1	13	20	13	6	7	13	28	3	27	2	13	22	9	2	2	3	24	4	2	1	1	3	1	4	2	4	8	0	6	6	0	1	2	3	0	1	1	1	2	0	0	0	1	0	0	0	1	0	0	0	0	0	0	1	0	0	0	1	0	0	0	0	0	0	0	0	0	0	2	0	0	0	0	1	1	0	1	1	0	1	0	1	0	0	0	0	0	0	0	0	0	0	0	0	1	0	1	0	0	0	0	0	0	0	0	0	0	0	0	0	0	0	0	0	0	0	0
0.03	south24_all	80	35287	11404	9139	4661	7066	3928	2994	2373	3175	1431	1882	1073	996	946	748	719	1435	587	1335	1457	718	350	630	298	472	617	290	214	210	182	172	209	149	128	139	154	237	120	166	87	78	196	75	69	163	71	54	73	51	103	66	92	35	30	33	58	36	43	26	63	16	26	27	21	16	15	26	28	11	32	5	18	28	15	12	9	7	26	6	3	6	6	11	7	4	5	7	11	4	6	4	4	2	3	1	4	3	2	2	2	0	0	0	2	1	0	1	1	0	0	1	1	0	0	1	0	1	1	2	0	0	0	0	0	0	0	1	1	0	0	0	1	1	0	1	2	1	0	1	0	1	0	0	0	0	0	0	0	0	0	0	0	0	0	0	1	0	1	0	0	0	0	0	0	0	0	0	0	0	0	0	0	0	0	0	0	0	0
0.03	south24_active	80	26422	5452	6127	1397	5760	2584	1915	1344	2557	395	1341	357	317	442	300	350	1294	221	1190	1332	559	111	499	109	341	542	123	100	49	56	82	112	32	30	51	63	197	61	116	17	21	166	14	20	133	53	24	43	9	82	41	79	12	14	22	38	12	22	15	59	2	11	22	15	5	12	15	23	1	27	1	12	26	13	1	4	3	21	3	0	2	0	5	1	4	4	4	10	0	6	4	0	1	2	1	0	0	1	1	2	0	0	0	1	0	0	0	1	0	0	1	0	0	0	1	0	0	0	1	0	0	0	0	0	0	0	1	1	0	0	0	0	0	0	1	1	0	0	1	0	1	0	0	0	0	0	0	0	0	0	0	0	0	0	0	1	0	1	0	0	0	0	0	0	0	0	0	0	0	0	0	0	0	0	0	0	0	0
0.03	south25_all	80	35242	11312	9049	4624	7068	3893	2946	2412	3004	1412	1862	1079	955	915	736	726	1344	589	1345	1431	699	372	609	313	416	692	286	208	205	189	173	206	153	131	123	147	228	122	148	90	62	146	87	62	135	76	65	68	50	95	50	127	35	28	39	52	36	46	30	52	24	25	23	21	19	19	23	27	16	26	4	17	28	10	9	10	10	18	3	5	5	5	12	7	4	3	6	16	6	4	5	4	3	0	3	7	2	3	3	7	0	2	0	2	1	0	1	0	0	2	1	1	0	0	4	1	0	2	0	0	0	0	0	0	0	0	1	1	0	0	0	1	0	0	1	2	1	1	0	1	1	1	0	0	0	0	0	0	0	0	0	0	0	0	0	0	0	1	0	0	1	1	0	0	0	0	0	0	0	0	0	0	0	0	0	0	0	0
0.03	south25_active	80	26254	5311	5979	1304	5761	2499	1850	1373	2434	387	1339	346	302	415	282	335	1186	221	1198	1295	538	110	473	121	297	597	128	96	45	55	74	106	34	28	54	70	191	71	103	21	17	117	22	19	106	52	29	44	13	76	30	111	10	12	25	31	12	23	17	48	5	11	19	16	5	14	11	18	2	19	0	9	25	8	5	3	3	15	1	0	2	0	5	2	3	3	3	15	0	4	4	1	2	0	3	0	0	2	2	7	0	1	0	1	0	0	0	0	0	2	1	0	0	0	4	0	0	0	0	0	0	0	0	0	0	0	1	1	0	0	0	0	0	0	1	1	0	1	0	0	1	0	0	0	0	0	0	0	0	0	0	0	0	0	0	0	0	1	0	0	0	1	0	0	0	0	0	0	0	0	0	0	0	0	0	0	0	0
0.03	south26_all	80	33318	11109	8815	4704	6670	3733	2893	2324	2843	1425	1813	1097	929	890	707	760	1215	576	1282	1361	698	369	577	322	359	682	284	196	191	177	185	192	154	131	117	136	190	112	130	88	65	130	77	62	133	74	67	64	49	69	32	119	37	38	33	48	31	47	33	43	25	20	26	16	19	22	19	11	15	27	2	9	26	8	9	9	10	13	6	7	6	6	15	6	3	6	1	13	6	0	2	3	3	1	4	6	1	4	4	5	1	4	1	2	1	0	0	1	0	3	1	2	0	0	3	1	0	2	0	0	0	0	1	0	0	0	1	1	0	0	1	1	0	0	0	2	1	1	0	1	0	1	0	0	0	0	0	0	0	0	0	0	0	0	0	0	0	0	0	0	1	1	0	0	0	0	0	0	0	0	0	0	0	0	0	0	0	0
0.03	south26_active	80	23976	4980	5561	1252	5359	2255	1711	1291	2251	371	1282	340	274	379	253	334	1031	211	1131	1224	502	101	417	125	244	576	118	90	35	46	76	94	38	32	48	61	153	63	91	19	17	106	20	19	101	53	26	44	14	56	16	104	10	13	20	27	9	28	14	38	5	7	19	14	6	13	9	2	3	20	0	2	22	6	7	3	4	10	2	3	1	1	5	1	2	5	1	12	0	0	1	1	2	0	3	0	0	3	2	5	0	2	0	1	0	0	0	0	0	3	1	0	0	0	3	0	0	0	0	0	0	0	0	0	0	0	1	1	0	0	1	0	0	0	0	1	0	1	0	0	0	0	0	0	0	0	0	0	0	0	0	0	0	0	0	0	0	0	0	0	0	1	0	0	0	0	0	0	0	0	0	0	0	0	0	0	0	0
0.03	south27_all	80	31691	10849	8480	4690	6415	3658	2856	2247	2787	1462	1708	1074	896	912	721	737	1114	560	1115	1225	711	376	570	313	348	612	275	208	190	172	209	188	155	128	127	135	216	115	106	110	68	126	73	67	113	86	54	62	38	56	33	104	31	42	30	40	25	41	30	44	26	18	28	13	15	22	15	16	18	25	7	14	32	4	15	8	11	7	6	9	7	8	15	6	4	7	1	14	5	1	3	1	5	2	4	4	1	4	4	6	1	4	1	1	1	1	0	1	0	3	0	2	4	0	3	1	1	2	1	0	3	0	1	0	0	0	1	0	0	0	1	1	0	0	0	1	1	1	0	1	0	1	0	0	0	0	0	0	0	1	0	0	0	0	0	0	0	0	0	0	1	2	0	0	0	0	0	0	0	0	0	0	0	0	0	0	0	0
0.03	south27_active	80	21878	4601	5034	1134	5029	2084	1603	1188	2136	357	1161	310	243	388	249	303	919	199	950	1084	505	83	402	113	235	505	113	90	30	43	91	94	47	33	49	63	177	58	75	28	16	100	22	17	88	56	15	38	10	42	18	91	8	10	19	16	5	22	13	34	3	5	20	9	5	10	8	6	4	21	1	5	27	1	12	3	2	5	1	6	2	1	3	1	2	5	0	13	1	1	2	1	5	0	3	0	0	3	3	6	0	2	0	1	0	0	0	0	0	3	0	0	4	0	3	0	1	0	1	0	3	0	0	0	0	0	1	0	0	0	1	0	0	0	0	0	0	1	0	0	0	0	0	0	0	0	0	0	0	1	0	0	0	0	0	0	0	0	0	0	0	2	0	0	0	0	0	0	0	0	0	0	0	0	0	0	0	0
0.03	south28_all	80	30175	10742	8200	4673	5886	3543	2791	2150	2647	1471	1654	1070	873	908	752	716	1058	535	1019	1035	684	381	533	321	340	560	268	206	201	171	209	196	148	129	125	142	197	107	117	101	85	143	78	71	100	82	45	69	36	56	47	77	24	41	24	28	30	36	27	37	22	18	27	24	15	21	16	15	12	28	10	13	15	6	10	5	10	7	7	11	7	6	10	6	4	9	4	6	3	5	4	4	5	4	5	2	3	3	3	1	2	5	1	5	1	1	0	1	0	2	4	2	7	0	4	1	1	0	2	0	3	0	1	0	1	2	0	0	3	0	1	0	0	0	0	0	0	0	0	0	3	1	1	0	0	8	0	0	0	1	0	0	0	0	0	0	0	0	0	0	1	1	0	0	0	0	0	0	0	0	0	0	0	0	0	0	0	0
0.03	south28_active	80	20004	4193	4678	1070	4459	1967	1536	1048	1940	318	1078	304	226	379	244	252	827	197	831	882	467	73	367	113	218	459	106	86	31	40	90	89	35	37	40	59	157	51	72	22	22	115	18	12	82	54	14	37	6	44	23	61	6	10	15	12	4	21	10	26	3	5	21	15	5	5	7	10	5	25	2	6	10	2	7	0	1	5	1	6	1	1	2	1	3	6	3	5	2	2	2	2	4	1	3	0	0	2	2	1	0	3	0	5	0	0	0	0	0	2	2	0	7	0	4	0	1	0	2	0	3	0	0	0	0	2	0	0	3	0	1	0	0	0	0	0	0	0	0	0	3	0	0	0	0	0	0	0	0	1	0	0	0	0	0	0	0	0	0	0	0	1	0	0	0	0	0	0	0	0	0	0	0	0	0	0	0	0
0.03	south29_all	80	29987	10747	8013	4606	5873	3569	2893	2181	2739	1495	1735	1073	881	931	729	682	1095	528	1072	1018	671	377	466	314	388	485	280	215	219	191	211	173	131	125	134	136	227	120	112	103	86	149	78	74	107	70	40	64	39	65	55	65	24	42	37	26	29	31	23	40	25	19	37	21	13	20	14	17	10	37	11	12	14	8	12	7	7	6	5	9	7	4	5	8	6	6	6	8	3	8	4	3	5	6	2	2	4	0	3	2	2	3	1	4	0	1	1	0	0	3	5	0	10	0	2	0	1	0	2	0	3	0	1	0	1	2	0	0	3	0	0	0	0	0	0	0	0	0	0	0	3	0	1	0	0	8	0	0	0	1	0	0	0	0	0	0	0	0	0	1	1	1	0	0	0	0	0	0	0	0	0	0	0	0	0	0	0	0
0.03	south29_active	80	19787	4179	4530	1055	4423	2032	1582	1063	2002	324	1098	311	226	393	226	247	875	178	893	857	464	64	327	111	254	390	111	85	42	52	89	82	25	32	43	52	175	53	66	21	24	116	19	12	87	45	15	37	5	47	25	44	7	13	25	6	4	16	11	26	5	4	32	11	3	6	5	11	4	35	2	7	10	3	7	0	1	6	1	3	1	1	1	2	5	3	3	5	3	3	2	1	3	2	1	0	1	0	1	1	0	2	0	4	0	0	0	0	0	2	2	0	10	0	1	0	1	0	2	0	3	0	0	0	0	2	0	0	3	0	0	0	0	0	0	0	0	0	0	0	3	0	0	0	0	0	0	0	0	1	0	0	0	0	0	0	0	0	0	0	0	1	0	0	0	0	0	0	0	0	0	0	0	0	0	0	0	0
0.03	south30_all	80	30020	10775	7951	4647	5915	3498	2877	2209	2706	1446	1750	1137	934	954	723	676	1120	530	1064	944	618	402	451	310	423	456	263	216	224	201	200	174	134	134	136	135	220	106	114	84	91	159	75	81	92	74	39	57	32	68	53	62	29	34	38	27	26	37	26	47	29	25	47	28	15	23	14	12	12	41	10	10	8	13	14	9	4	2	6	9	8	0	2	6	4	4	9	4	2	8	2	4	5	6	2	3	5	2	4	4	3	4	0	4	2	0	1	1	1	3	5	1	6	0	2	0	1	1	2	0	0	0	0	0	1	2	0	1	3	0	0	0	0	0	0	0	0	0	0	0	3	0	1	0	0	8	0	0	0	0	0	0	0	0	0	0	0	0	0	1	1	1	0	0	0	0	0	0	0	0	0	1	0	0	0	0	0	0
0.03	south30_active	80	19780	4146	4566	1080	4414	2038	1573	1072	1966	302	1097	325	228	403	234	247	871	182	882	779	440	70	303	108	271	370	95	88	42	55	83	80	22	34	44	59	168	51	67	13	27	124	19	10	67	50	15	29	6	50	25	39	9	13	24	10	3	19	13	36	6	7	39	16	3	9	2	8	4	38	1	6	3	7	8	0	1	2	1	1	1	0	0	2	3	2	5	1	2	3	0	1	3	4	1	0	2	0	3	3	0	2	0	4	0	0	0	0	0	2	2	1	6	0	1	0	1	1	2	0	0	0	0	0	0	2	0	0	3	0	0	0	0	0	0	0	0	0	0	0	3	0	0	0	0	0	0	0	0	0	0	0	0	0	0	0	0	0	0	0	0	1	0	0	0	0	0	0	0	0	0	0	0	0	0	0	0	0
0.03	south31_all	80	32200	10993	8560	4547	6294	3615	2852	2186	2708	1416	1774	1011	941	818	788	714	1309	536	1342	1135	613	332	534	303	432	521	251	259	209	172	191	181	165	168	126	129	171	118	129	83	78	153	71	65	97	70	52	53	31	87	48	57	31	39	49	44	27	29	24	68	17	17	24	25	22	20	14	5	21	21	8	22	13	15	9	11	5	19	9	7	5	4	6	6	6	1	4	8	2	5	4	4	2	3	5	1	0	3	1	9	2	4	3	5	1	0	1	1	0	0	1	0	2	1	0	1	1	0	1	1	0	2	0	1	1	1	0	0	1	0	0	0	1	0	0	0	1	0	0	0	0	0	0	0	0	0	0	0	0	0	1	0	0	0	1	0	0	1	0	0	0	0	0	0	1	0	7	0	0	3	0	0	0	0	0	0	0	0
0.03	south31_active	80	22372	4671	5168	1218	4818	2105	1654	1078	2021	368	1230	297	254	363	232	311	1098	183	1158	958	446	84	387	104	283	410	78	102	47	55	90	100	35	37	42	54	118	55	82	28	22	129	17	17	77	36	15	22	10	64	20	41	4	14	23	24	6	7	9	60	5	8	19	15	5	11	5	2	7	16	0	14	10	9	7	1	1	15	3	2	1	2	0	1	3	0	1	7	1	3	4	2	1	2	2	1	0	3	0	8	0	4	2	4	1	0	1	1	0	0	0	0	1	1	0	0	1	0	1	0	0	1	0	1	1	0	0	0	0	0	0	0	0	0	0	0	1	0	0	0	0	0	0	0	0	0	0	0	0	0	0	0	0	0	1	0	0	1	0	0	0	0	0	0	0	0	7	0	0	3	0	0	0	0	0	0	0	0
0.03	south32_all	80	33262	11260	8922	4547	6611	3689	2924	2218	2869	1420	1852	1035	928	880	785	726	1305	573	1348	1205	617	359	600	312	462	525	233	253	199	174	182	185	154	151	125	145	201	109	120	77	88	171	66	63	134	71	60	57	40	88	50	79	34	31	50	35	25	37	24	90	23	17	23	18	20	15	16	14	18	17	10	25	16	14	12	13	7	24	7	6	8	6	6	8	7	4	3	10	4	6	2	4	4	3	5	1	0	2	1	10	2	0	3	4	1	0	1	1	0	0	1	0	1	1	0	1	0	0	1	1	0	2	0	1	0	1	1	0	0	0	0	0	0	0	0	0	1	0	0	0	0	0	0	0	0	0	0	0	0	0	1	0	0	0	1	0	0	0	0	0	0	0	0	0	0	0	7	0	0	3	0	0	0	0	0	0	0	0
0.03	south32_active	80	23887	5096	5607	1242	5244	2269	1759	1164	2227	388	1326	332	273	394	253	336	1095	212	1178	1042	455	99	441	106	316	430	89	105	45	59	99	102	35	32	47	67	160	49	82	26	22	149	18	15	114	44	16	26	12	68	24	68	6	15	29	19	6	17	12	82	7	9	17	10	3	11	5	10	5	9	2	18	14	8	11	3	1	13	2	2	2	2	1	0	2	2	1	8	1	1	1	3	2	2	2	1	0	2	0	8	0	0	2	3	1	0	1	1	0	0	0	0	0	0	0	0	0	0	1	0	0	1	0	1	0	0	0	0	0	0	0	0	0	0	0	0	1	0	0	0	0	0	0	0	0	0	0	0	0	0	0	0	0	0	1	0	0	0	0	0	0	0	0	0	0	0	7	0	0	3	0	0	0	0	0	0	0	0
0.03	south33_all	80	35054	11510	9289	4644	6994	3756	3040	2387	2997	1424	1856	1038	959	918	739	725	1452	608	1386	1262	696	366	629	316	482	566	263	261	211	173	187	199	136	143	127	148	227	113	129	84	89	159	63	64	121	79	70	68	45	74	64	81	37	32	47	40	30	45	19	75	22	20	31	15	18	16	16	17	18	36	10	25	14	17	10	10	8	19	7	6	8	7	3	6	9	5	3	9	5	4	2	3	7	5	4	0	2	3	1	7	3	0	2	4	1	0	1	1	0	0	1	0	1	1	1	2	1	1	0	0	0	1	0	1	1	1	1	0	0	1	0	0	0	0	0	0	1	0	0	0	0	0	0	0	0	0	0	0	0	0	1	0	0	0	1	0	0	0	0	0	0	0	0	0	0	0	7	0	0	3	0	0	0	0	0	0	0	0
0.03	south33_active	80	26060	5485	6079	1360	5679	2386	1946	1347	2447	388	1356	346	308	413	260	372	1273	234	1230	1133	539	108	486	109	347	469	107	118	44	60	111	109	38	26	48	62	193	48	90	26	26	138	12	15	103	54	23	40	13	58	32	73	6	12	24	26	10	28	12	69	4	11	26	4	3	10	6	13	4	30	2	18	12	11	9	3	2	10	2	3	3	3	1	0	2	4	1	7	1	1	1	2	5	3	2	0	0	3	0	6	1	0	1	3	1	0	1	0	0	0	0	0	0	0	1	0	1	0	0	0	0	0	0	1	1	0	0	0	0	0	0	0	0	0	0	0	1	0	0	0	0	0	0	0	0	0	0	0	0	0	0	0	0	0	1	0	0	0	0	0	0	0	0	0	0	0	7	0	0	3	0	0	0	0	0	0	0	0
0.03	south34_all	80	35469	11497	9180	4672	6981	3906	3063	2424	3091	1401	1940	1077	952	902	754	703	1485	575	1485	1197	699	377	608	322	448	616	253	259	218	179	191	194	138	136	138	144	233	108	144	90	87	161	62	55	111	80	73	72	42	88	57	93	40	32	47	41	28	39	25	67	25	21	30	16	15	15	20	17	11	39	14	22	16	18	10	8	10	15	9	2	8	12	5	6	8	7	2	14	5	6	1	4	8	5	2	1	2	5	2	7	1	0	3	1	1	0	1	1	0	0	1	1	0	1	2	1	2	1	1	0	0	1	0	0	1	0	1	0	0	1	0	0	0	0	1	0	0	0	0	0	0	0	0	0	0	0	0	0	0	0	0	1	0	0	0	0	0	0	0	0	0	0	0	0	0	0	0	0	0	0	0	0	0	0	0	0	0	0
0.03	south34_active	80	26575	5466	5974	1394	5660	2510	1963	1385	2535	381	1420	350	296	380	289	368	1304	210	1341	1068	547	113	482	117	337	524	111	123	45	61	108	102	38	24	52	66	191	53	98	23	25	140	8	12	91	54	24	40	13	68	29	84	7	10	26	28	9	30	15	61	6	10	27	6	3	6	8	13	3	35	4	17	15	10	8	2	2	4	2	2	3	5	1	0	1	4	2	12	1	2	0	1	6	2	1	0	0	3	2	6	1	0	2	0	0	0	1	0	0	0	0	1	0	0	1	0	2	0	1	0	0	0	0	0	1	0	0	0	0	0	0	0	0	0	0	0	0	0	0	0	0	0	0	0	0	0	0	0	0	0	0	0	0	0	0	0	0	0	0	0	0	0	0	0	0	0	0	0	0	0	0	0	0	0	0	0	0	0
0.03	south35_all	80	35305	11360	9040	4713	6965	3884	3092	2490	3199	1452	1904	1065	984	954	759	749	1592	559	1504	1041	736	360	596	310	451	597	274	257	232	174	179	184	130	132	142	142	241	111	164	102	90	142	65	66	103	83	59	85	38	87	50	91	36	34	42	51	30	40	29	44	18	25	29	18	17	13	14	13	14	41	10	16	12	19	9	15	9	11	8	2	9	13	6	4	8	5	4	12	6	5	0	6	7	4	1	1	3	5	2	1	5	0	2	0	4	0	3	4	1	1	1	5	0	0	4	1	2	2	1	0	0	0	0	0	1	0	1	0	0	1	0	0	0	0	1	1	1	0	0	1	1	0	0	0	0	0	0	0	0	0	0	1	0	0	0	0	0	0	0	0	0	0	0	0	0	0	0	0	0	0	0	0	0	0	0	0	0	0
0.03	south35_active	80	26370	5420	5866	1436	5636	2488	1976	1440	2617	372	1352	345	312	423	286	397	1401	209	1361	900	581	113	475	120	335	509	116	123	58	58	95	86	37	24	49	60	200	54	107	20	25	119	10	16	87	56	21	41	8	67	20	84	10	15	25	34	13	32	15	36	3	9	22	5	5	6	6	12	4	37	4	10	10	11	6	2	3	3	4	1	4	5	0	0	1	3	2	10	1	3	0	3	6	1	1	0	1	2	2	0	3	0	2	0	1	0	1	3	1	1	0	5	0	0	3	0	2	0	1	0	0	0	0	0	1	0	0	0	0	0	0	0	0	0	0	0	1	0	0	0	1	0	0	0	0	0	0	0	0	0	0	0	0	0	0	0	0	0	0	0	0	0	0	0	0	0	0	0	0	0	0	0	0	0	0	0	0	0
0.03	south36_all	80	33961	11117	8744	4733	6602	3716	2970	2390	3052	1425	1829	1132	1016	949	753	749	1456	523	1363	1036	712	338	559	310	408	543	282	250	207	197	172	163	147	124	142	139	187	106	176	108	103	142	71	67	106	77	48	68	34	106	45	99	32	33	31	50	25	39	29	27	20	21	35	18	17	17	16	4	13	38	11	11	18	12	7	15	6	11	9	4	8	11	6	5	4	6	5	12	5	4	12	9	3	5	4	2	3	4	2	2	7	2	2	0	6	0	2	4	1	2	1	5	1	0	3	1	2	1	1	1	0	0	0	0	0	0	0	1	1	1	0	0	0	0	1	1	1	0	0	1	1	4	0	0	0	1	0	1	0	0	1	1	0	0	0	0	0	0	0	0	0	0	0	0	0	0	0	0	0	0	0	0	0	0	0	0	0	0
0.03	south36_active	80	24734	5037	5501	1334	5227	2305	1808	1315	2418	362	1265	338	315	416	266	361	1265	181	1204	887	537	96	428	122	299	451	118	124	55	70	82	83	32	27	50	66	151	56	107	19	28	117	11	18	87	51	16	28	7	86	22	89	11	15	15	33	10	30	14	18	2	6	27	8	5	11	5	4	4	35	5	8	15	6	5	2	2	2	3	0	3	3	0	0	1	3	2	10	0	2	12	4	2	1	4	0	1	1	2	2	4	0	1	0	2	0	0	4	1	1	0	5	1	0	2	0	2	0	1	0	0	0	0	0	0	0	0	0	0	0	0	0	0	0	0	0	1	0	0	0	1	4	0	0	0	1	0	1	0	0	0	0	0	0	0	0	0	0	0	0	0	0	0	0	0	0	0	0	0	0	0	0	0	0	0	0	0	0
0.03	south37_all	80	32204	10911	8559	4692	6263	3652	2806	2301	2840	1402	1746	1138	979	969	761	744	1317	526	1169	926	660	357	530	317	388	531	267	228	197	198	159	174	139	134	148	146	182	116	148	111	100	125	73	64	117	72	52	65	38	95	46	110	26	34	39	40	27	33	28	40	17	24	27	18	18	20	13	10	9	21	10	12	21	5	10	15	6	7	7	7	9	11	5	6	4	4	7	8	6	2	13	10	2	4	4	2	3	2	1	2	7	4	2	0	6	0	3	5	1	3	2	4	1	0	3	1	0	1	6	1	0	2	0	0	0	0	0	1	1	0	0	0	0	0	1	1	5	1	0	1	1	4	0	0	0	1	0	2	0	0	1	0	0	0	0	0	0	0	0	0	0	0	0	0	0	0	0	0	0	0	0	0	0	0	0	0	0	0
0.03	south37_active	80	22520	4700	5145	1217	4858	2182	1601	1188	2191	332	1139	312	293	417	244	332	1114	176	1012	777	483	97	386	112	254	438	106	98	52	65	73	78	21	30	54	67	141	50	86	19	21	99	12	14	98	49	18	31	9	81	23	98	9	17	20	26	10	25	11	30	3	7	18	8	5	12	2	7	3	16	4	9	17	3	7	2	3	2	3	1	3	2	0	1	2	2	4	6	0	1	13	5	1	1	4	0	1	1	0	2	3	1	1	0	2	0	1	4	1	2	0	4	1	0	2	0	0	0	6	0	0	2	0	0	0	0	0	0	0	0	0	0	0	0	0	0	5	0	0	0	1	4	0	0	0	1	0	1	0	0	0	0	0	0	0	0	0	0	0	0	0	0	0	0	0	0	0	0	0	0	0	0	0	0	0	0	0	0
0.03	south38_all	80	30543	10647	8227	4651	6084	3532	2764	2169	2603	1390	1646	1115	991	928	722	706	1192	521	1033	984	635	363	472	313	356	469	269	215	187	216	176	164	152	144	135	140	173	119	109	111	98	137	63	62	114	65	56	53	39	72	48	101	32	33	33	37	28	32	30	44	21	18	33	15	16	18	19	11	8	27	10	14	34	8	6	12	8	8	9	9	11	7	3	7	4	4	9	7	8	1	17	6	2	2	5	1	2	4	1	2	6	5	2	0	3	0	2	2	1	2	2	1	2	0	2	1	0	1	6	1	1	2	0	0	0	0	0	1	1	0	0	0	0	0	0	1	5	1	0	0	0	4	0	0	0	1	0	2	0	0	1	0	0	0	0	0	0	0	0	0	0	0	0	0	0	0	0	0	0	0	0	0	0	0	0	0	0	0
0.03	south38_active	80	20517	4331	4695	1106	4594	2030	1494	1057	1929	310	1031	293	258	367	209	290	997	161	851	825	457	85	325	101	200	372	106	88	43	66	80	72	24	34	40	62	125	53	57	18	26	106	11	11	90	43	18	29	9	56	26	86	11	13	15	25	8	24	13	33	3	5	21	7	4	13	5	6	2	24	3	9	30	4	5	1	5	2	1	1	4	0	0	1	3	3	3	7	0	0	17	2	0	1	5	0	0	0	0	2	1	2	1	0	1	0	1	1	1	1	0	1	2	0	2	0	0	0	6	0	0	2	0	0	0	0	0	0	0	0	0	0	0	0	0	0	5	0	0	0	0	4	0	0	0	1	0	1	0	0	0	0	0	0	0	0	0	0	0	0	0	0	0	0	0	0	0	0	0	0	0	0	0	0	0	0	0	0
0.03	south39_all	80	30079	10557	8078	4711	5933	3531	2717	2141	2507	1426	1652	1077	938	906	736	735	1118	522	1063	917	642	376	465	301	356	485	229	225	217	205	184	192	148	141	140	131	183	120	107	93	83	130	64	61	121	60	70	68	45	52	46	107	31	32	41	27	28	38	30	53	25	24	34	13	17	14	18	16	8	31	10	17	29	11	8	13	9	3	8	8	8	8	3	6	2	4	9	8	7	0	8	5	4	2	2	1	1	5	3	3	2	3	3	0	3	0	3	3	2	1	2	4	2	1	0	0	0	2	6	0	1	2	0	1	1	0	1	0	1	0	0	0	0	0	0	0	4	1	0	0	0	0	0	0	0	0	0	1	0	0	1	0	0	0	0	0	0	0	0	0	0	0	0	0	0	0	0	0	0	0	0	0	0	0	0	0	0	0
0.03	south39_active	80	19938	4208	4520	1093	4406	1991	1443	1031	1846	303	1034	292	228	336	214	291	897	162	874	761	473	92	322	91	198	388	92	87	38	61	81	89	23	31	42	62	123	52	61	13	20	100	11	11	91	37	19	42	10	38	31	89	9	9	20	21	7	21	12	41	5	5	21	7	5	5	6	10	1	28	2	11	24	9	5	1	4	2	1	3	3	1	0	2	2	3	4	7	0	0	7	1	1	0	2	0	0	0	0	3	0	2	1	0	0	0	2	1	2	1	0	4	2	1	0	0	0	0	6	0	0	2	0	0	0	0	0	0	0	0	0	0	0	0	0	0	4	0	0	0	0	0	0	0	0	0	0	0	0	0	0	0	0	0	0	0	0	0	0	0	0	0	0	0	0	0	0	0	0	0	0	0	0	0	0	0	0	0
0.03	south40_all	80	30110	10682	7919	4770	5887	3492	2801	2123	2592	1454	1687	1016	928	904	739	720	1115	525	1116	938	637	366	501	302	378	454	226	223	219	200	185	178	150	139	124	121	208	123	107	84	80	146	64	49	116	72	70	70	43	49	46	88	34	28	39	30	24	30	28	56	27	26	34	16	18	14	18	18	12	42	7	14	26	14	11	11	9	4	9	5	7	6	3	5	4	8	14	8	5	2	8	4	4	1	6	2	2	6	3	2	2	3	3	1	2	2	2	2	4	0	1	4	1	1	0	0	1	2	0	0	1	0	0	1	4	1	1	0	0	0	0	0	0	0	0	0	4	0	0	0	0	0	0	0	0	0	0	0	0	0	0	0	0	0	0	1	0	0	0	0	0	0	0	0	1	0	0	0	0	0	0	0	0	0	0	0	0	0
0.03	south40_active	80	20017	4273	4467	1086	4355	1910	1526	1028	1889	293	1074	291	224	342	216	284	889	169	912	773	469	82	352	79	219	361	87	85	33	62	76	72	29	27	33	56	145	52	67	12	24	116	10	11	85	42	18	36	9	33	27	74	10	10	21	19	6	16	10	45	6	8	20	11	8	7	7	11	3	38	1	7	22	11	6	2	3	2	3	2	3	1	0	2	2	6	3	7	0	1	7	0	1	0	5	0	0	0	0	1	0	3	2	0	0	0	1	0	4	0	0	4	1	1	0	0	0	0	0	0	0	0	0	0	3	1	0	0	0	0	0	0	0	0	0	0	4	0	0	0	0	0	0	0	0	0	0	0	0	0	0	0	0	0	0	1	0	0	0	0	0	0	0	0	0	0	0	0	0	0	0	0	0	0	0	0	0	0
