label	Group	numOtus	Otu0	Otu1	Otu2	Otu3	Otu4	Otu5	Otu6	Otu7	Otu8	Otu9	Otu10	Otu11	Otu12	Otu13	Otu14	Otu15	Otu16	Otu17	Otu18	Otu19	Otu20	Otu21	Otu22	Otu23	Otu24	Otu25	Otu26	Otu27	Otu28	Otu29	Otu30	Otu31	Otu32	Otu33	Otu34	Otu35	Otu36	Otu37	Otu38	Otu39	Otu40	Otu41	Otu42	Otu43	Otu44	Otu45	Otu46	Otu47	Otu48	Otu49	Otu50	Otu51	Otu52	Otu53	Otu54	Otu55	Otu56	Otu57	Otu58	Otu59
0.03	north1_all	80	11991	4304	4578	1236	2467	732	481	357	252	420	158	681	87	89	75	159	77	46	70	37	23	25	16	17	25	15	17	6	2	3	18	5	6	3	1	1	1	3	0	2	0	1	1	0	0	0	0	0	0	0	0	1	0	1	0	0	0	0	0	0
0.03	north1_active	80	8786	2924	3889	281	2166	400	192	158	83	323	34	643	29	27	27	135	61	18	63	27	15	14	5	10	20	6	11	5	1	1	16	1	5	3	0	1	0	0	0	1	0	1	0	0	0	0	0	0	0	0	0	1	0	0	0	0	0	0	0	0
0.03	north2_all	80	11911	4296	4563	1192	2338	757	495	339	256	385	153	653	96	87	84	173	78	52	83	44	22	27	13	14	19	12	16	11	3	3	16	6	0	2	1	1	2	2	3	2	0	1	1	0	0	0	0	0	1	0	0	1	1	1	0	0	0	0	0	0
0.03	north2_active	80	8712	2918	3884	283	2035	430	189	150	90	286	37	622	33	25	30	148	60	20	73	32	12	19	4	8	16	5	11	10	2	1	15	1	0	1	0	1	1	0	0	1	0	1	0	0	0	0	0	0	0	0	0	1	0	0	0	0	0	0	0	0
0.03	north3_all	80	11976	4369	4565	1163	2234	711	519	358	242	350	156	556	99	101	78	162	68	51	85	40	25	29	15	13	19	8	10	7	4	2	17	5	2	2	1	2	1	3	3	2	0	1	0	2	0	0	0	0	1	0	0	0	1	0	0	0	0	0	3	0
0.03	north3_active	80	8788	2984	3873	264	1954	412	195	156	82	266	32	522	30	30	28	137	53	19	73	27	13	18	6	9	17	4	6	6	3	0	15	1	2	1	0	1	1	0	0	0	0	1	0	2	0	0	0	0	0	0	0	0	0	0	0	0	0	0	3	0
0.03	north4_all	80	11890	4484	4831	1139	2171	669	487	371	277	339	169	552	106	98	82	174	65	51	102	37	29	31	14	15	30	9	11	9	5	7	15	4	7	3	0	3	1	3	4	2	1	1	0	3	1	0	0	0	1	0	0	0	1	0	0	0	0	0	3	0
0.03	north4_active	80	8692	3039	4132	262	1894	383	171	177	115	260	41	518	33	27	30	156	49	18	91	24	18	20	5	9	26	4	6	7	5	3	13	1	7	1	0	1	1	0	1	1	1	1	0	3	0	0	0	0	0	0	0	0	0	0	0	0	0	0	3	0
0.03	north5_all	80	11732	4512	4876	1168	2116	644	484	377	263	319	176	524	109	100	79	158	69	38	85	31	28	27	15	14	27	11	12	8	5	6	10	3	11	2	1	2	2	3	2	2	1	1	0	3	1	0	0	0	0	0	0	0	0	0	0	0	0	0	3	0
0.03	north5_active	80	8512	2993	4174	283	1856	381	168	186	107	249	38	481	31	28	25	142	49	13	76	20	13	14	5	9	23	3	8	6	3	3	8	0	11	1	0	0	1	0	1	1	1	1	0	3	0	0	0	0	0	0	0	0	0	0	0	0	0	0	3	0
0.03	north6_all	80	11045	4279	4541	1180	2011	629	469	344	299	321	180	456	109	96	73	132	64	40	77	27	37	28	14	11	27	13	11	10	6	7	11	2	10	2	1	1	1	3	2	1	1	0	1	1	1	2	0	0	0	0	0	0	0	0	0	0	0	0	3	0
0.03	north6_active	80	7687	2702	3812	308	1720	340	154	168	115	239	40	417	35	29	17	117	40	11	65	16	19	16	3	5	21	4	8	6	3	3	11	0	9	0	0	0	0	0	1	1	1	0	0	1	0	0	0	0	0	0	0	0	0	0	0	0	0	0	3	0
0.03	north7_all	80	10359	4022	4070	1157	1895	664	466	364	303	323	177	392	113	97	73	104	67	41	49	22	34	16	16	12	30	13	8	9	4	4	12	2	7	2	1	2	2	2	1	0	0	0	1	0	0	2	0	0	0	0	0	0	0	0	0	0	1	0	0	0
0.03	north7_active	80	7002	2423	3344	305	1597	339	152	159	109	231	36	350	34	28	19	85	38	9	31	11	15	12	1	5	22	3	7	6	0	2	12	0	6	1	0	1	0	0	0	0	0	0	0	0	0	0	0	0	0	0	0	0	0	0	0	0	1	0	0	0
0.03	north8_all	80	10289	4000	3828	1187	1748	707	477	362	281	312	180	383	120	92	77	115	63	44	37	22	40	19	20	13	32	8	6	10	6	1	7	1	4	2	4	1	1	1	1	0	0	1	2	0	0	2	0	0	1	0	0	0	0	0	0	0	1	0	0	0
0.03	north8_active	80	6874	2408	3090	302	1445	342	164	154	91	212	36	348	33	23	22	95	39	6	20	11	15	11	4	5	26	2	4	5	1	0	7	0	3	1	3	1	0	0	1	0	0	1	1	0	0	0	0	0	0	0	0	0	0	0	0	0	1	0	0	0
0.03	north9_all	80	11004	4145	4070	1222	1993	728	487	384	268	309	180	458	118	100	66	146	63	39	52	15	35	17	26	14	36	6	9	9	8	3	7	3	4	2	6	3	1	1	1	0	0	1	2	3	0	0	0	0	1	0	0	0	0	0	0	0	1	0	0	0
0.03	north9_active	80	7683	2620	3364	299	1674	363	166	156	88	207	34	420	30	23	23	126	44	7	35	8	17	10	8	6	29	2	4	6	2	2	7	0	4	2	4	2	0	0	1	0	0	1	1	3	0	0	0	0	0	0	0	0	0	0	0	0	1	0	0	0
0.03	north10_all	80	11651	4455	4316	1220	2125	769	510	376	249	314	180	569	109	101	79	167	67	39	59	22	28	19	24	16	34	4	11	7	8	7	5	3	7	4	8	3	2	0	1	1	1	1	1	3	0	0	0	0	1	0	0	0	0	0	0	0	1	0	0	0
0.03	north10_active	80	8400	2925	3672	292	1814	393	184	150	85	224	31	534	27	25	27	144	46	9	48	17	10	13	10	8	28	1	5	4	2	6	5	0	6	1	6	1	0	0	1	0	0	1	1	3	0	0	0	0	0	0	0	0	0	0	0	0	1	0	0	0
0.03	north11_all	80	11908	4537	4597	1189	2300	753	426	375	257	382	167	592	102	94	64	191	70	36	103	35	33	24	21	18	14	8	8	9	6	1	7	3	19	3	3	1	1	2	0	0	0	0	1	0	0	0	0	1	0	0	0	0	0	0	1	0	0	0	0	0
0.03	north11_active	80	8802	3085	3961	266	2020	441	152	161	86	285	37	552	38	21	30	165	48	8	94	27	13	15	2	9	12	3	4	5	1	0	5	0	19	0	2	0	1	0	0	0	0	0	0	0	0	0	0	1	0	0	0	0	0	0	0	0	0	0	0	0
0.03	north12_all	80	11782	4522	4561	1168	2407	784	424	365	260	415	164	560	115	81	66	198	77	36	73	31	31	23	16	19	17	7	8	9	3	4	4	3	6	3	2	1	1	2	1	0	0	0	1	0	0	0	0	1	0	0	0	0	0	0	1	0	0	0	0	0
0.03	north12_active	80	8745	3038	3952	258	2147	473	151	158	93	315	37	523	38	17	29	176	55	9	63	21	10	13	1	10	16	5	4	4	1	2	3	1	6	1	0	0	1	0	0	0	0	0	0	0	0	0	0	1	0	0	0	0	0	0	0	0	0	0	0	0
0.03	north13_all	80	11610	4537	4585	1159	2459	772	455	348	268	405	155	506	110	92	74	213	69	39	66	36	30	17	14	21	26	7	8	11	7	6	4	3	5	6	1	2	0	2	2	0	0	0	1	0	0	1	0	1	0	0	0	0	1	0	1	0	0	0	0	0
0.03	north13_active	80	8572	2977	4010	252	2192	467	173	159	87	306	41	468	41	17	28	193	48	6	55	22	11	7	2	13	23	6	3	5	3	2	3	1	5	2	0	0	0	0	1	0	0	0	0	0	0	0	0	1	0	0	0	0	1	0	0	0	0	0	0	0
0.03	north14_all	80	11382	4536	4624	1133	2443	709	455	354	279	408	159	549	119	93	83	225	75	39	77	47	36	16	17	19	28	7	8	9	5	8	18	3	7	7	1	2	1	0	2	0	2	0	1	0	0	1	0	2	0	2	0	0	1	0	0	0	0	0	0	0
0.03	north14_active	80	8395	2975	4032	241	2159	415	179	154	96	308	46	518	43	17	29	208	54	12	66	30	17	3	4	14	25	4	4	5	2	4	16	1	7	3	0	0	1	0	1	0	2	0	0	0	0	0	0	2	0	2	0	0	1	0	0	0	0	0	0	0
0.03	north15_all	80	10946	4392	4437	1135	2260	683	439	372	287	374	162	548	127	95	83	223	74	43	74	54	34	18	14	23	23	9	6	9	6	9	23	2	4	8	1	2	1	1	1	1	2	1	0	0	0	1	0	1	0	2	0	0	1	0	0	0	0	0	0	0
0.03	north15_active	80	7810	2778	3775	264	1970	374	156	145	85	266	41	509	45	20	34	204	53	12	59	34	16	7	3	18	21	3	2	7	2	4	20	1	4	4	0	0	1	0	1	0	2	0	0	0	0	0	0	1	0	2	0	0	1	0	0	0	0	0	0	0
0.03	north16_all	80	10415	4205	3982	1137	1952	672	446	386	272	349	162	464	119	87	77	181	80	46	72	47	34	24	16	16	20	9	6	7	6	8	22	4	7	8	1	4	2	1	0	2	4	1	0	0	0	0	0	1	0	2	0	1	0	0	0	0	0	0	0	0
0.03	north16_active	80	7154	2553	3268	289	1644	347	136	143	83	223	36	424	36	22	36	163	56	14	59	26	17	15	3	11	18	3	1	6	1	4	19	1	7	3	0	2	1	0	0	1	4	0	0	0	0	0	0	1	0	2	0	0	0	0	0	0	0	0	0	0
0.03	north17_all	80	9874	3964	3442	1148	1674	666	432	374	259	320	166	381	118	91	58	143	69	42	58	33	26	32	14	15	9	6	6	5	5	8	17	5	5	6	1	3	3	1	1	3	4	1	0	0	1	0	0	1	0	0	0	1	0	0	0	0	0	0	0	0
0.03	north17_active	80	6453	2292	2696	316	1360	342	119	120	78	206	34	330	29	25	27	122	45	11	41	15	15	24	2	9	6	1	2	5	0	5	15	1	4	4	0	2	1	0	0	2	4	0	0	0	0	0	0	1	0	0	0	0	0	0	0	0	0	0	0	0
0.03	north18_all	80	9461	3779	3172	1182	1568	681	448	360	255	326	172	327	122	87	62	120	64	36	58	31	16	30	24	25	12	5	5	3	7	7	9	4	7	5	1	3	2	0	2	2	2	0	0	0	1	0	0	0	0	0	0	1	0	0	0	0	0	0	0	0
0.03	north18_active	80	5971	2119	2382	326	1262	346	117	114	72	215	40	274	29	26	25	104	39	6	40	14	8	22	2	14	8	1	3	3	0	4	8	1	6	3	0	2	0	0	0	2	2	0	0	0	0	0	0	0	0	0	0	0	0	0	0	0	0	0	0	0
0.03	north19_all	80	9315	3774	3221	1193	1575	689	465	362	268	342	174	352	116	98	61	127	61	32	44	23	18	26	27	24	20	5	8	6	6	5	3	3	4	3	0	2	1	0	3	1	2	1	0	1	1	0	0	0	0	0	0	1	0	0	0	0	0	0	0	0
0.03	north19_active	80	5813	2105	2420	309	1255	343	126	108	69	249	39	297	29	26	22	104	40	5	31	12	8	19	3	14	17	2	3	6	1	3	3	0	3	2	0	1	0	0	1	1	2	1	0	1	0	0	0	0	0	0	0	0	0	0	0	0	0	0	0	0
0.03	north20_all	80	9436	3758	3293	1213	1628	698	479	360	258	313	174	343	125	97	59	138	67	30	42	27	25	14	25	21	23	5	9	5	5	7	5	3	3	2	1	2	0	0	4	2	5	1	0	1	0	0	0	0	0	0	0	0	0	0	0	0	0	0	0	0
0.03	north20_active	80	5848	2131	2470	306	1307	346	133	116	62	225	48	284	28	27	23	110	43	5	30	14	13	9	3	10	18	1	3	5	1	4	4	0	2	1	1	1	0	0	1	2	5	1	0	1	0	0	0	0	0	0	0	0	0	0	0	0	0	0	0	0
0.03	south21_all	80	7311	3294	2833	2085	827	723	462	417	286	245	246	151	138	120	124	89	78	95	39	40	33	48	25	11	24	12	23	5	9	3	7	5	0	4	0	0	1	1	0	1	1	1	1	0	1	0	1	0	0	0	3	0	0	0	0	0	0	0	0	0
0.03	south21_active	80	2526	1375	1984	1602	201	412	131	196	77	124	165	77	66	73	92	57	41	77	20	27	22	41	13	6	24	2	20	1	5	2	1	1	0	2	0	0	1	1	0	1	0	0	0	0	1	0	0	0	0	0	3	0	0	0	0	0	0	0	0	0
0.03	south22_all	80	7362	3307	2990	2283	823	750	444	423	285	250	239	154	157	121	147	90	79	113	30	44	48	56	19	12	25	11	19	4	11	2	3	5	3	3	0	1	0	1	1	1	0	2	0	0	1	1	1	0	0	0	2	0	0	0	0	0	0	0	0	0
0.03	south22_active	80	2769	1464	2174	1768	201	444	155	204	73	131	157	78	88	74	113	56	50	94	19	29	39	48	12	9	24	3	17	1	9	2	2	2	3	2	0	1	0	1	1	1	0	0	0	0	1	1	0	0	0	0	2	0	0	0	0	0	0	0	0	0
0.03	south23_all	80	7351	3340	3237	2522	826	728	447	411	292	258	238	155	170	114	170	111	80	116	38	43	57	66	21	16	28	8	11	6	12	5	4	3	5	2	0	1	0	4	1	1	1	1	0	0	2	2	1	2	0	0	0	0	0	1	0	0	0	0	0	0
0.03	south23_active	80	2955	1621	2473	2004	214	445	173	217	83	147	164	78	106	80	133	70	51	100	23	31	49	55	12	12	27	3	8	2	10	5	1	1	4	1	0	1	0	4	1	1	1	0	0	0	2	2	0	2	0	0	0	0	0	1	0	0	0	0	0	0
0.03	south24_all	80	7367	3290	3331	2560	856	779	426	405	276	263	258	150	158	118	193	102	69	133	38	46	71	67	22	22	32	9	8	5	12	5	7	4	5	0	2	4	0	3	1	6	1	3	0	0	1	2	0	2	1	0	1	0	0	6	0	0	0	0	0	0
0.03	south24_active	80	2979	1544	2517	2028	206	475	175	218	78	152	188	75	104	81	156	66	47	120	26	34	62	57	11	17	28	3	4	2	9	5	2	2	4	0	1	3	0	3	1	6	1	2	0	0	1	2	0	2	1	0	1	0	0	6	0	0	0	0	0	0
0.03	south25_all	80	7488	3247	3406	2565	857	783	444	402	266	254	280	152	148	114	191	106	67	113	44	47	66	76	23	21	29	8	8	5	15	4	6	3	5	2	3	4	5	3	0	6	1	2	0	0	1	1	1	2	1	2	1	0	0	6	0	0	0	0	0	0
0.03	south25_active	80	3003	1496	2594	2038	182	497	176	205	80	160	210	77	98	80	152	65	54	102	24	35	59	66	9	16	25	1	4	2	10	4	2	1	4	1	1	3	5	3	0	6	1	2	0	0	1	1	1	2	1	2	1	0	0	6	0	0	0	0	0	0
0.03	south26_all	80	7406	3346	3364	2582	828	795	430	420	257	255	299	162	145	111	184	81	69	97	40	46	53	65	28	20	28	7	7	4	11	4	5	3	0	3	3	3	14	4	1	6	0	2	0	0	0	0	1	0	1	2	1	0	0	5	1	0	0	0	0	0
0.03	south26_active	80	2959	1488	2547	2080	167	516	165	213	77	160	226	91	90	83	148	47	53	87	20	34	44	60	10	17	22	2	5	1	5	4	1	1	0	1	1	2	13	4	0	6	0	2	0	0	0	0	1	0	1	2	1	0	0	5	1	0	0	0	0	0
0.03	south27_all	80	7430	3253	3365	2574	788	771	433	425	268	273	292	165	152	111	155	105	90	110	34	39	38	58	23	20	26	13	10	5	8	5	7	3	1	4	3	3	14	3	6	1	0	2	0	0	0	0	1	0	1	2	0	0	0	0	1	2	0	0	0	0
0.03	south27_active	80	2913	1451	2581	2094	159	485	148	209	76	172	231	99	96	83	118	73	68	101	17	26	31	54	10	18	21	4	10	1	4	4	1	1	1	2	2	3	13	2	5	1	0	2	0	0	0	0	1	0	1	2	0	0	0	0	1	2	0	0	0	0
0.03	south28_all	80	7277	3347	3243	2585	777	755	408	412	257	262	281	174	152	104	160	94	88	132	34	38	45	64	24	25	27	15	12	5	7	9	5	3	2	3	3	2	11	3	6	0	0	0	0	0	0	1	0	0	0	0	0	0	0	0	1	2	0	0	0	0
0.03	south28_active	80	2837	1491	2472	2115	163	443	129	201	75	163	216	93	92	74	129	66	61	122	19	21	38	58	6	21	23	7	12	2	4	6	0	1	1	1	1	2	8	2	5	0	0	0	0	0	0	1	0	0	0	0	0	0	0	0	1	2	0	0	0	0
0.03	south29_all	80	7404	3346	3247	2517	786	774	398	405	275	255	291	159	166	115	160	100	97	162	34	31	49	74	18	26	28	14	10	7	12	9	6	2	4	3	3	3	5	2	7	0	0	2	0	0	0	5	0	0	0	0	3	0	0	0	0	2	0	0	0	0
0.03	south29_active	80	2884	1490	2466	2081	170	456	115	212	80	155	214	83	98	73	131	75	68	147	19	15	44	67	5	20	21	5	10	3	10	6	0	1	1	1	1	3	2	1	7	0	0	1	0	0	0	5	0	0	0	0	3	0	0	0	0	2	0	0	0	0
0.03	south30_all	80	7432	3423	3251	2522	831	790	403	393	278	264	271	166	168	130	165	91	85	159	32	30	58	70	20	20	37	10	16	9	12	7	5	1	5	1	4	10	5	2	2	6	0	3	0	0	0	5	0	1	0	0	3	0	0	1	0	2	0	0	0	0
0.03	south30_active	80	2937	1549	2448	2074	184	473	128	210	93	149	199	84	100	85	133	67	57	146	20	18	47	58	7	14	29	5	16	3	9	4	0	0	0	0	1	10	3	1	2	6	0	1	0	0	0	5	0	1	0	0	3	0	0	1	0	2	0	0	0	0
0.03	south31_all	80	7493	3359	3290	2335	849	796	443	404	297	252	250	140	158	114	167	112	76	136	44	38	26	37	17	35	23	10	15	5	9	7	4	6	4	4	0	10	3	0	0	3	0	3	1	0	0	0	0	0	0	0	0	0	0	0	0	0	0	1	0	0
0.03	south31_active	80	3036	1542	2525	1889	204	449	134	213	113	154	176	76	95	60	135	77	59	119	25	24	17	24	7	24	19	5	9	2	6	4	2	4	1	2	0	8	3	0	0	3	0	3	0	0	0	0	0	0	0	0	0	0	0	0	0	0	0	1	0	0
0.03	south32_all	80	7516	3337	3207	2378	831	768	439	445	302	269	254	155	170	128	144	115	80	143	56	43	36	30	23	32	12	10	16	4	4	8	3	5	6	3	3	10	4	0	0	2	0	5	0	0	0	0	0	0	0	0	0	0	0	0	0	0	0	0	0	0
0.03	south32_active	80	2989	1500	2475	1920	197	458	132	234	109	154	167	84	105	70	116	78	55	131	29	28	25	14	11	19	9	4	11	0	1	6	1	3	3	2	0	8	4	0	0	2	0	4	0	0	0	0	0	0	0	0	0	0	0	0	0	0	0	0	0	0
0.03	south33_all	80	7410	3307	3179	2396	832	805	453	448	287	279	252	153	147	129	178	94	76	130	52	46	53	37	21	25	12	9	20	4	3	9	7	4	5	3	4	4	2	2	0	4	0	5	0	0	0	0	0	0	0	0	0	0	0	0	0	0	0	0	0	0
0.03	south33_active	80	2934	1447	2445	1967	168	473	136	229	94	167	166	81	90	82	144	62	49	117	26	34	44	25	9	15	10	5	16	1	3	7	3	2	3	2	1	3	2	2	0	4	0	4	0	0	0	0	0	0	0	0	0	0	0	0	0	0	0	0	0	0
0.03	south34_all	80	7463	3338	3105	2437	819	797	467	447	285	283	262	162	123	129	178	86	72	131	59	50	60	36	21	23	13	9	19	5	9	9	7	1	5	0	5	4	1	3	0	8	1	2	0	1	0	0	0	0	0	0	0	0	1	0	0	0	1	0	0	0
0.03	south34_active	80	2885	1455	2334	1972	162	463	150	226	93	160	175	77	69	77	144	59	52	113	34	38	49	27	12	16	12	4	15	1	5	9	2	0	3	0	2	3	1	3	0	8	1	1	0	1	0	0	0	0	0	0	0	0	1	0	0	0	0	0	0	0
0.03	south35_all	80	7400	3360	2975	2341	825	769	472	418	267	264	248	148	129	118	184	71	66	114	49	33	67	54	21	15	8	5	20	7	12	11	8	4	5	1	2	3	2	3	2	8	1	1	0	1	0	0	0	0	0	0	1	0	1	0	0	0	1	0	0	0
0.03	south35_active	80	2777	1435	2179	1859	184	432	163	210	75	144	170	72	71	68	151	50	52	99	32	24	55	47	10	13	7	3	15	2	6	8	2	0	3	1	2	2	2	3	2	8	1	0	0	1	0	0	0	0	0	0	0	0	1	0	0	0	0	0	0	0
0.03	south36_all	80	7433	3331	2838	2197	822	747	458	380	262	265	237	153	121	98	145	70	58	101	51	29	58	58	21	13	12	6	12	10	14	13	6	5	2	2	2	8	2	3	2	6	1	0	1	1	0	0	0	0	0	0	1	0	1	0	0	0	1	0	0	0
0.03	south36_active	80	2665	1406	2011	1693	213	409	150	172	64	136	164	69	61	50	118	49	45	84	36	16	47	54	12	12	10	2	8	3	7	7	0	0	1	1	2	8	2	3	2	6	1	0	0	1	0	0	0	0	0	0	0	0	1	0	0	0	0	0	0	0
0.03	south37_all	80	7297	3331	2886	2191	787	714	473	378	270	275	246	161	124	97	145	66	64	113	40	24	41	54	15	14	12	9	14	9	11	10	5	6	2	3	0	7	2	2	2	0	0	1	1	0	0	0	0	0	0	1	1	0	0	0	0	0	1	0	0	0
0.03	south37_active	80	2585	1415	2038	1670	219	392	160	166	64	152	171	81	66	49	120	47	51	100	25	10	30	49	6	13	9	2	10	3	7	3	0	0	0	2	0	7	2	2	2	0	0	1	0	0	0	0	0	0	0	1	0	0	0	0	0	0	0	0	0	0
0.03	south38_all	80	7366	3344	3007	2330	825	738	465	375	279	283	252	187	136	94	118	60	67	115	39	29	37	45	16	18	23	13	19	9	15	9	2	4	2	3	1	9	3	2	1	0	0	1	2	0	0	0	0	0	0	1	1	0	0	0	0	0	0	0	0	1
0.03	south38_active	80	2737	1475	2202	1819	226	428	147	172	82	164	185	97	78	50	100	47	55	98	25	16	28	40	8	13	18	3	14	3	9	4	0	0	1	1	0	8	3	2	1	0	0	1	0	0	0	0	0	0	0	1	1	0	0	0	0	0	0	0	0	1
0.03	south39_all	80	7520	3375	3115	2506	806	765	474	403	293	285	262	188	135	113	132	72	85	140	43	30	42	54	15	20	25	15	15	7	16	6	0	4	2	3	1	3	4	3	0	0	1	2	3	0	0	0	0	0	0	1	1	0	0	0	0	0	0	0	0	1
0.03	south39_active	80	2898	1532	2309	2022	202	445	158	193	100	180	187	99	75	65	112	52	66	123	25	19	33	49	6	15	21	3	12	3	10	3	0	1	1	1	0	2	4	3	0	0	1	1	0	0	0	0	0	0	0	1	1	0	0	0	0	0	0	0	0	1
0.03	south40_all	80	7580	3398	3220	2575	871	807	476	414	295	277	284	193	129	114	141	79	95	143	40	42	51	48	18	28	37	12	13	6	14	7	3	2	2	3	2	6	6	2	0	0	1	1	2	0	1	0	0	0	0	0	1	0	0	1	0	0	0	0	0	1
0.03	south40_active	80	2975	1565	2436	2134	213	462	151	214	107	183	202	103	69	67	118	56	69	126	23	32	44	46	8	21	31	3	10	3	8	5	1	1	2	1	0	4	6	2	0	0	1	0	0	0	1	0	0	0	0	0	1	0	0	1	0	0	0	0	0	1
