label	Group	numOtus	Otu0	Otu1	Otu2	Otu3	Otu4	Otu5	Otu6	Otu7	Otu8	Otu9	Otu10	Otu11	Otu12	Otu13	Otu14	Otu15	Otu16	Otu17	Otu18	Otu19	Otu20	Otu21	Otu22	Otu23	Otu24	Otu25	Otu26	Otu27	Otu28	Otu29	Otu30	Otu31	Otu32	Otu33	Otu34	Otu35	Otu36	Otu37	Otu38	Otu39	Otu40	Otu41	Otu42	Otu43	Otu44	Otu45	Otu46	Otu47	Otu48	Otu49	Otu50	Otu51	Otu52	Otu53	Otu54	Otu55	Otu56	Otu57	Otu58	Otu59	Otu60	Otu61	Otu62	Otu63	Otu64	Otu65	Otu66	Otu67	Otu68	Otu69	Otu70	Otu71	Otu72	Otu73	Otu74	Otu75	Otu76	Otu77	Otu78	Otu79	Otu80	Otu81	Otu82	Otu83	Otu84	Otu85	Otu86	Otu87	Otu88	Otu89	Otu90	Otu91	Otu92	Otu93	Otu94	Otu95	Otu96	Otu97	Otu98	Otu99	Otu100	Otu101	Otu102	Otu103	Otu104	Otu105	Otu106	Otu107	Otu108	Otu109	Otu110	Otu111
0.03	north1_all	80	1756	1066	1167	1082	419	263	462	189	170	100	140	359	360	65	66	44	83	41	49	62	29	28	38	25	68	28	33	80	10	24	8	17	18	39	14	6	9	13	10	2	6	8	8	9	13	11	4	3	5	2	5	4	2	0	2	6	4	5	1	5	4	2	1	0	1	1	1	0	0	0	0	1	1	0	4	0	1	0	0	0	1	0	0	0	0	0	0	0	1	0	0	1	0	0	0	0	1	0	0	0	0	0	1	0	0	0	0	0	0	0	1	0
0.03	north1_active	80	828	584	738	774	230	154	311	100	70	52	86	238	242	33	25	24	47	17	32	37	14	7	23	10	35	16	17	54	3	13	1	11	11	23	9	4	8	7	5	1	3	7	6	5	10	9	3	0	2	1	4	4	1	0	0	5	1	0	1	3	4	2	1	0	0	0	1	0	0	0	0	1	0	0	0	0	0	0	0	0	1	0	0	0	0	0	0	0	1	0	0	0	0	0	0	0	0	0	0	0	0	0	1	0	0	0	0	0	0	0	0	0
0.03	north2_all	80	1751	1108	1098	1094	414	270	445	210	173	106	146	408	330	73	60	49	88	38	48	75	33	26	41	23	83	37	29	42	8	23	10	17	14	24	15	7	11	15	8	2	5	9	10	11	34	11	4	4	4	3	5	2	2	0	2	8	3	8	2	4	5	2	1	0	2	0	1	0	0	0	0	1	1	0	4	0	1	0	0	0	0	0	1	0	0	0	0	0	1	0	0	0	0	0	0	0	1	0	0	0	0	1	0	0	0	0	0	0	0	0	1	0
0.03	north2_active	80	795	609	666	748	240	159	314	111	83	53	91	277	195	34	23	27	56	14	31	51	19	7	23	10	53	29	18	31	4	19	4	10	9	11	9	3	7	7	4	2	2	7	9	6	28	9	3	2	2	1	4	2	1	0	0	7	2	1	2	4	4	2	1	0	1	0	0	0	0	0	0	1	0	0	0	0	0	0	0	0	0	0	0	0	0	0	0	0	1	0	0	0	0	0	0	0	0	0	0	0	0	0	0	0	0	0	0	0	0	0	0	0
0.03	north3_all	80	1757	1120	1077	1152	389	253	460	204	165	117	139	408	303	72	59	57	90	45	46	84	34	24	44	22	82	43	22	38	12	25	14	13	15	25	13	8	15	19	9	9	6	6	8	8	36	9	5	5	4	5	5	1	3	1	2	7	1	3	2	5	3	3	2	0	2	0	2	1	0	1	0	1	1	0	3	0	1	0	0	0	0	1	1	0	0	2	0	0	1	0	0	0	0	0	0	0	1	0	0	0	0	1	0	0	0	0	0	0	0	0	1	5
0.03	north3_active	80	800	606	657	779	220	148	324	109	84	56	89	280	195	27	21	28	47	17	26	53	24	9	26	12	58	29	15	27	7	20	5	6	12	17	7	2	9	13	5	5	5	5	8	4	30	8	5	3	2	1	5	1	2	1	0	4	1	1	2	4	2	2	1	0	1	0	0	1	0	0	0	1	0	0	0	0	0	0	0	0	0	1	0	0	0	2	0	0	1	0	0	0	0	0	0	0	0	0	0	0	0	0	0	0	0	0	0	0	0	0	0	5
0.03	north4_all	80	1780	1120	1093	1177	366	277	458	209	165	124	132	391	274	74	60	54	89	40	41	86	42	24	44	21	73	42	19	28	12	24	16	15	17	31	12	10	8	24	11	12	4	6	8	5	29	6	6	4	1	3	1	2	1	2	2	4	1	3	1	2	1	1	2	0	2	0	4	1	1	1	0	5	0	0	3	0	0	0	0	0	2	1	1	0	0	2	2	0	0	0	0	0	0	0	0	0	0	0	0	0	0	1	0	0	0	0	0	0	0	0	0	5
0.03	north4_active	80	814	615	651	772	208	162	314	121	94	64	87	281	180	27	25	28	55	12	24	58	32	9	23	13	48	29	14	21	7	18	5	8	10	21	7	2	3	15	5	7	3	5	8	3	25	6	6	3	1	0	1	2	1	2	2	2	1	1	1	1	0	0	0	0	1	0	2	1	0	0	0	0	0	0	0	0	0	0	0	0	2	1	0	0	0	2	0	0	0	0	0	0	0	0	0	0	0	0	0	0	0	0	0	0	0	0	0	0	0	0	0	5
0.03	north5_all	80	1759	1116	1088	1124	348	270	459	183	175	126	134	425	296	65	74	53	86	34	36	86	42	22	43	25	74	31	12	27	19	18	16	18	13	35	12	12	7	25	17	14	4	9	7	3	12	6	4	5	0	3	1	2	3	3	3	4	1	0	0	2	0	2	2	0	2	0	4	1	1	1	0	5	0	0	0	0	0	0	0	0	2	2	1	0	0	2	2	0	0	0	0	0	0	0	0	0	0	0	0	0	0	0	0	0	0	0	0	0	0	0	0	5
0.03	north5_active	80	821	613	687	711	191	161	308	102	102	68	85	334	184	24	34	23	49	10	20	59	33	11	25	10	50	16	9	20	8	11	3	10	6	26	7	5	2	20	10	8	3	5	6	3	10	6	4	3	0	0	1	2	3	3	2	2	1	0	0	1	0	0	0	0	0	0	2	1	0	0	0	0	0	0	0	0	0	0	0	0	2	1	0	0	0	2	0	0	0	0	0	0	0	0	0	0	0	0	0	0	0	0	0	0	0	0	0	0	0	0	0	5
0.03	north6_all	80	1755	1082	1141	1089	361	276	431	174	165	136	130	425	300	64	74	49	93	26	41	71	41	26	32	25	62	31	13	32	21	17	12	18	14	28	11	12	4	20	14	8	5	8	7	4	13	3	3	5	1	2	1	2	2	3	4	2	1	0	0	0	1	1	1	2	2	0	2	0	1	1	0	5	0	0	1	1	0	0	0	1	2	5	0	0	0	0	2	0	0	0	0	0	0	0	0	0	0	0	2	0	0	0	0	0	0	0	0	0	0	0	0	5
0.03	north6_active	80	835	585	721	688	187	167	292	98	99	69	80	325	196	28	31	19	55	6	27	49	28	13	12	8	38	18	10	17	9	9	5	11	7	21	7	6	1	13	10	6	3	3	4	3	13	3	3	3	0	1	1	2	2	3	2	1	1	0	0	0	0	0	0	1	0	0	2	0	0	0	0	0	0	0	1	1	0	0	0	1	2	4	0	0	0	0	0	0	0	0	0	0	0	0	0	0	0	0	2	0	0	0	0	0	0	0	0	0	0	0	0	5
0.03	north7_all	80	1702	1060	1108	1074	348	274	432	167	172	142	126	442	328	58	69	50	98	26	47	68	28	27	26	26	65	29	14	32	20	25	9	21	14	29	8	12	6	18	12	6	2	10	12	5	14	10	2	3	1	1	1	9	2	2	5	1	3	1	0	0	1	1	0	2	1	0	0	0	0	0	1	0	0	0	1	1	0	0	0	2	1	4	4	0	0	0	2	0	0	0	0	0	0	0	0	0	0	0	3	0	0	0	0	0	0	0	0	0	0	0	0	0
0.03	north7_active	80	801	570	681	655	184	155	276	93	95	76	66	327	200	28	32	21	60	8	25	42	15	15	12	9	42	18	10	15	8	15	4	14	10	22	6	7	3	14	8	5	1	5	5	2	14	10	2	2	0	1	1	8	2	2	3	1	2	0	0	0	0	0	0	1	0	0	0	0	0	0	0	0	0	0	1	1	0	0	0	1	1	3	4	0	0	0	0	0	0	0	0	0	0	0	0	0	0	0	2	0	0	0	0	0	0	0	0	0	0	0	0	0
0.03	north8_all	80	1680	1068	1134	1179	354	249	436	198	166	132	129	409	289	58	64	47	88	27	53	66	28	24	26	20	45	24	23	42	19	31	7	22	14	25	6	10	10	11	9	3	3	14	12	8	13	12	3	1	1	1	6	11	2	2	3	1	3	2	0	1	2	2	0	2	1	0	0	0	0	0	1	0	0	0	1	1	0	0	1	2	0	4	5	0	0	0	0	0	0	0	1	0	0	0	0	0	0	0	3	0	0	0	0	0	0	0	0	0	0	0	0	0
0.03	north8_active	80	781	561	683	767	180	139	286	111	86	67	67	309	180	29	32	22	54	7	32	44	15	13	14	6	26	15	14	19	10	23	5	16	9	18	4	6	4	7	5	2	1	8	5	4	11	10	2	0	0	1	5	9	2	2	1	1	2	0	0	1	1	1	0	1	0	0	0	0	0	0	0	0	0	0	1	1	0	0	1	1	0	3	4	0	0	0	0	0	0	0	1	0	0	0	0	0	0	0	2	0	0	0	0	0	0	0	0	0	0	0	0	0
0.03	north9_all	80	1687	1058	1171	1185	329	256	435	182	175	124	147	355	298	59	58	49	88	36	43	74	33	26	29	19	51	28	22	37	17	27	13	24	13	23	4	7	9	14	8	3	1	12	13	8	9	11	4	2	1	3	7	12	1	1	2	1	3	4	0	2	3	2	0	1	0	0	1	0	0	0	1	1	0	0	0	1	0	0	1	3	0	3	5	0	1	0	0	0	0	0	1	0	0	0	0	0	0	0	1	0	0	0	0	0	0	0	0	0	0	0	0	0
0.03	north9_active	80	771	564	696	779	159	130	281	99	89	69	82	268	172	29	35	24	56	12	22	52	18	15	18	7	32	17	13	17	10	21	5	15	9	12	3	4	3	8	3	2	0	7	5	4	7	9	2	1	1	3	6	10	1	1	2	1	1	1	0	1	2	1	0	1	0	0	1	0	0	0	0	0	0	0	0	0	0	0	1	2	0	3	4	0	1	0	0	0	0	0	1	0	0	0	0	0	0	0	0	0	0	0	0	0	0	0	0	0	0	0	0	0
0.03	north10_all	80	1698	1087	1164	1099	333	255	420	187	175	132	152	308	347	66	60	44	90	42	56	84	42	19	30	17	62	34	28	49	18	30	16	23	17	23	3	7	7	20	8	3	4	10	12	5	13	8	5	3	1	5	8	6	2	0	3	2	1	5	1	5	2	4	0	1	1	1	10	0	0	0	0	2	0	0	0	1	0	0	1	1	0	1	5	0	1	0	0	0	0	0	1	0	0	0	0	0	0	0	1	0	0	0	0	0	0	0	0	0	0	0	0	0
0.03	north10_active	80	762	565	703	723	160	129	258	100	90	73	93	236	205	31	36	20	55	17	28	59	24	9	23	7	43	21	17	24	11	22	5	12	8	14	2	6	1	14	3	1	2	7	9	4	4	1	3	2	1	4	5	5	2	0	2	1	0	3	0	4	2	2	0	0	1	1	10	0	0	0	0	0	0	0	0	0	0	0	1	1	0	1	4	0	1	0	0	0	0	0	1	0	0	0	0	0	0	0	0	0	0	0	0	0	0	0	0	0	0	0	0	0
0.03	north11_all	80	1758	1117	1140	1105	391	297	407	179	145	135	155	285	299	68	48	40	112	39	51	71	32	31	37	30	83	27	20	26	9	24	15	6	21	46	7	6	7	19	7	5	7	19	17	8	17	7	4	3	6	2	5	5	5	5	6	5	0	0	0	10	1	4	0	3	2	2	2	2	0	2	1	1	0	0	0	9	0	0	1	1	2	0	0	1	0	2	0	0	1	0	2	0	0	0	0	0	0	0	0	0	0	0	0	0	0	0	0	0	0	0	0	0
0.03	north11_active	80	824	632	679	701	211	161	262	109	81	79	89	205	201	35	21	18	73	13	30	54	17	14	18	19	60	12	10	12	4	12	3	3	18	25	1	4	2	12	2	3	2	15	10	5	12	2	3	0	1	1	5	1	2	3	4	2	0	0	0	8	1	4	0	2	1	2	1	1	0	1	0	0	0	0	0	9	0	0	1	1	1	0	0	0	0	1	0	0	0	0	0	0	0	0	0	0	0	0	0	0	0	0	0	0	0	0	0	0	0	0	0	0
0.03	north12_all	80	1749	1077	1090	1043	389	273	406	183	151	131	141	280	296	67	54	48	108	39	52	72	33	26	37	29	55	29	20	30	8	24	14	8	14	46	5	5	5	16	9	7	6	17	20	5	13	8	4	2	2	2	4	1	4	3	6	4	0	1	2	8	1	4	0	2	1	1	1	2	0	3	1	1	0	0	0	9	0	0	1	2	1	0	0	1	0	2	0	0	1	0	2	0	0	0	0	0	0	0	0	0	0	0	0	0	0	0	0	0	0	0	0	0
0.03	north12_active	80	802	605	644	632	215	149	254	112	93	81	85	209	214	32	23	19	70	12	30	48	17	12	18	17	33	15	10	20	2	12	3	4	10	30	3	1	2	8	4	3	3	13	12	3	10	4	2	2	0	1	4	0	1	2	4	1	0	1	2	6	1	4	0	2	1	1	1	1	0	1	0	0	0	0	0	9	0	0	1	0	0	0	0	0	0	1	0	0	0	0	0	0	0	0	0	0	0	0	0	0	0	0	0	0	0	0	0	0	0	0	0	0
0.03	north13_all	80	1718	1087	1117	1075	399	275	399	178	148	119	141	301	286	63	52	47	92	47	53	75	34	27	33	25	60	34	19	38	12	24	14	10	13	53	5	5	3	11	8	10	5	10	9	5	14	5	2	2	4	3	2	0	2	2	8	2	0	7	2	7	1	2	0	0	2	0	1	3	0	2	0	0	1	0	2	8	0	0	0	2	0	1	0	1	0	2	0	0	1	0	2	0	0	0	0	0	0	0	0	0	0	0	0	0	0	0	0	0	0	0	0	0
0.03	north13_active	80	771	612	672	675	221	163	237	104	84	70	86	206	204	30	26	17	57	17	30	50	18	13	18	14	38	20	11	23	5	14	5	6	10	38	2	1	2	3	3	6	3	4	2	3	11	2	0	2	1	3	2	0	0	2	4	2	0	4	2	6	1	1	0	0	2	0	1	2	0	0	0	0	0	0	0	8	0	0	0	0	0	0	0	0	0	1	0	0	0	0	0	0	0	0	0	0	0	0	0	0	0	0	0	0	0	0	0	0	0	0	0	0
0.03	north14_all	80	1737	1084	1147	1109	391	264	427	174	158	119	159	314	287	47	49	40	85	46	54	76	40	28	29	26	60	40	19	36	17	24	8	14	7	42	3	5	5	7	7	12	4	8	12	5	7	7	4	2	3	7	3	0	1	1	2	3	0	9	2	5	1	2	1	1	6	0	0	3	0	2	0	1	2	0	3	0	1	0	0	2	1	1	0	0	0	2	0	0	0	0	2	0	1	0	0	0	0	0	0	0	0	0	0	0	0	0	0	0	0	0	0	0
0.03	north14_active	80	811	596	715	734	216	149	262	93	87	66	108	213	206	17	23	14	56	17	28	48	22	15	16	13	41	25	14	23	8	12	6	7	3	29	2	1	2	2	2	6	2	2	3	4	4	6	0	2	1	6	3	0	0	1	0	3	0	6	2	4	1	1	0	0	2	0	0	2	0	0	0	1	0	0	1	0	0	0	0	0	0	0	0	0	0	1	0	0	0	0	0	0	0	0	0	0	0	0	0	0	0	0	0	0	0	0	0	0	0	0	0	0
0.03	north15_all	80	1730	1089	1181	1144	397	272	397	185	170	117	138	332	297	49	41	44	85	50	53	81	43	26	33	24	68	47	21	40	23	27	15	19	18	29	4	3	7	8	5	10	5	13	11	7	12	10	3	0	5	8	4	2	0	1	5	2	1	8	0	3	0	2	1	1	7	0	0	4	0	0	3	1	2	0	6	0	1	0	0	2	1	1	0	0	0	0	0	0	0	0	0	0	1	0	0	0	0	0	0	0	0	0	0	0	0	0	0	0	0	0	0	0
0.03	north15_active	80	820	578	744	764	223	147	252	92	86	59	92	223	208	19	16	21	58	21	28	47	26	17	18	11	46	28	16	28	12	16	9	11	12	23	2	1	3	3	1	5	3	6	3	6	7	6	0	0	2	6	3	2	0	1	1	2	0	5	0	3	0	1	0	0	2	0	0	3	0	0	1	1	0	0	4	0	0	0	0	0	0	0	0	0	0	0	0	0	0	0	0	0	0	0	0	0	0	0	0	0	0	0	0	0	0	0	0	0	0	0	0	0
0.03	north16_all	80	1691	1088	1231	1093	375	265	416	193	166	118	132	306	285	51	44	43	89	41	47	88	37	24	34	23	72	47	25	48	19	21	12	18	22	27	2	1	8	10	11	5	5	16	21	8	17	23	4	0	8	10	4	3	0	3	5	8	2	8	0	3	1	1	1	1	5	1	0	1	0	0	3	1	1	0	4	0	1	0	1	0	1	1	0	0	0	0	0	0	0	0	3	0	1	0	0	0	0	0	0	0	0	1	0	0	0	0	0	0	0	0	0	0
0.03	north16_active	80	805	605	777	731	211	146	278	100	92	62	86	188	197	21	16	21	67	21	26	57	22	18	16	12	54	25	18	27	10	14	6	8	17	25	1	1	3	7	4	2	3	12	14	6	14	19	1	0	4	7	3	3	0	3	2	6	1	7	0	3	1	1	0	0	0	0	0	1	0	0	1	1	0	0	4	0	0	0	0	0	0	0	0	0	0	0	0	0	0	0	0	0	0	0	0	0	0	0	0	0	0	1	0	0	0	0	0	0	0	0	0	0
0.03	north17_all	80	1767	1071	1199	1061	365	273	401	194	194	130	118	324	285	53	41	50	91	35	45	94	30	19	36	29	67	44	19	52	22	24	16	17	29	34	2	2	8	8	13	5	4	14	18	8	18	24	3	1	8	5	3	10	1	3	5	9	3	12	0	6	1	0	0	0	4	1	0	1	0	0	3	1	0	0	3	1	0	2	1	0	1	0	0	0	0	0	0	0	0	0	3	0	0	0	0	0	0	0	2	0	0	1	0	0	0	0	0	0	0	0	0	0
0.03	north17_active	80	820	579	748	688	211	152	263	98	116	70	74	188	193	23	15	26	61	17	24	62	17	14	18	14	53	26	13	29	12	15	9	8	22	27	1	2	3	7	4	2	2	12	16	6	16	21	2	0	5	3	1	7	1	3	2	6	2	12	0	6	1	0	0	0	3	0	0	1	0	0	1	1	0	0	3	0	0	2	0	0	1	0	0	0	0	0	0	0	0	0	0	0	0	0	0	0	0	0	2	0	0	1	0	0	0	0	0	0	0	0	0	0
0.03	north18_all	80	1762	1101	1160	1095	338	264	430	196	192	125	123	306	293	61	52	54	88	38	33	94	34	21	32	36	57	45	26	51	18	24	17	13	21	40	5	5	8	14	14	3	9	10	22	5	18	18	3	3	7	5	5	8	2	2	4	10	3	11	2	6	1	0	1	0	4	1	0	1	0	0	4	0	0	0	1	1	0	2	1	0	1	0	0	0	0	0	1	0	0	0	3	1	0	0	0	0	0	0	2	0	0	1	0	1	0	0	0	0	1	0	0	0
0.03	north18_active	80	795	611	703	703	191	147	290	102	113	73	74	177	195	30	19	25	50	18	18	63	20	12	17	20	45	27	15	29	10	13	9	5	13	32	3	2	3	7	6	1	7	9	21	3	12	16	2	1	5	3	2	5	1	2	2	5	2	11	1	6	1	0	1	0	3	0	0	1	0	0	1	0	0	0	0	0	0	2	0	0	1	0	0	0	0	0	1	0	0	0	0	0	0	0	0	0	0	0	2	0	0	1	0	1	0	0	0	0	0	0	0	0
0.03	north19_all	80	1794	1120	1099	1124	332	262	461	183	195	125	107	300	308	63	64	47	90	34	34	98	33	20	44	35	68	39	26	35	13	26	12	12	16	37	5	6	6	17	8	6	10	12	14	3	20	8	1	4	3	6	4	8	2	1	4	4	2	6	2	7	1	1	1	0	3	1	2	1	0	1	1	0	0	0	1	1	0	2	0	0	1	0	0	0	0	0	1	0	0	0	0	1	0	0	0	0	0	0	2	0	0	0	0	1	0	0	0	0	1	0	0	0
0.03	north19_active	80	814	603	679	739	183	151	304	88	118	70	64	189	201	32	29	20	57	16	17	63	17	11	32	21	40	27	13	24	4	9	9	6	7	25	2	2	2	10	3	2	9	10	13	1	10	6	1	2	3	5	2	5	1	1	1	0	2	6	1	7	1	0	1	0	3	0	2	1	0	1	0	0	0	0	0	0	0	2	0	0	1	0	0	0	0	0	1	0	0	0	0	0	0	0	0	0	0	0	2	0	0	0	0	1	0	0	0	0	0	0	0	0
0.03	north20_all	80	1754	1111	1120	1088	359	251	461	175	186	113	123	297	304	61	63	44	77	35	36	92	31	19	38	36	65	32	24	31	14	31	12	17	15	34	9	6	7	18	7	4	13	12	10	1	16	15	1	4	2	6	6	5	4	2	4	2	0	1	2	2	0	1	1	0	0	0	3	2	0	2	1	0	0	0	1	3	0	0	0	0	0	0	0	0	0	3	1	0	0	0	0	1	0	0	0	0	0	0	2	0	0	0	0	1	0	0	0	0	1	0	0	0
0.03	north20_active	80	791	580	690	737	194	129	308	88	113	59	74	187	200	30	26	16	47	19	19	59	17	9	29	18	33	20	11	21	2	12	8	8	3	23	4	1	5	10	4	1	10	9	7	0	5	12	0	2	0	5	3	2	3	2	2	0	0	0	1	1	0	0	1	0	0	0	2	1	0	1	0	0	0	0	0	3	0	0	0	0	0	0	0	0	0	3	1	0	0	0	0	0	0	0	0	0	0	0	2	0	0	0	0	1	0	0	0	0	0	0	0	0
0.03	south21_all	80	1707	1051	967	910	328	267	336	169	143	108	121	268	293	57	46	54	108	42	34	78	29	33	28	19	52	51	23	45	18	29	16	16	21	27	8	13	6	15	4	7	10	12	9	3	13	17	2	1	4	2	3	6	2	2	2	3	1	7	2	9	0	3	2	0	1	1	0	2	0	2	1	0	0	0	1	1	0	1	0	1	0	3	0	0	0	0	0	0	0	0	0	0	0	0	0	0	0	0	0	0	0	0	0	0	0	0	0	0	0	0	0	0
0.03	south21_active	80	757	535	604	591	170	143	212	82	78	54	71	188	237	26	19	24	54	17	13	48	16	18	11	13	34	27	10	24	12	26	6	8	17	21	2	7	4	6	1	4	5	8	4	3	3	13	1	0	3	1	2	2	2	0	0	2	0	4	1	8	0	3	1	0	0	1	0	1	0	1	0	0	0	0	0	1	0	0	0	0	0	2	0	0	0	0	0	0	0	0	0	0	0	0	0	0	0	0	0	0	0	0	0	0	0	0	0	0	0	0	0	0
0.03	south22_all	80	1774	1096	1004	983	333	269	372	169	162	127	140	284	338	54	67	49	139	43	40	88	36	32	24	20	63	51	18	47	19	31	17	15	25	35	10	12	10	11	5	8	10	10	7	2	23	19	4	1	4	4	3	6	5	3	2	1	2	6	2	8	0	5	2	0	1	0	0	1	1	3	0	0	0	0	2	1	0	1	0	1	0	2	0	0	0	2	0	0	0	0	0	0	0	0	0	0	0	0	0	1	0	0	0	0	0	0	0	0	0	0	0	0
0.03	south22_active	80	796	587	630	627	175	130	223	82	88	60	80	210	269	31	30	17	80	18	21	52	20	16	6	9	35	30	10	26	11	27	4	6	18	23	4	6	6	4	1	5	5	8	2	2	11	13	2	0	4	1	2	2	2	1	0	0	0	3	1	8	0	4	1	0	0	0	0	0	0	2	0	0	0	0	1	1	0	0	0	0	0	2	0	0	0	2	0	0	0	0	0	0	0	0	0	0	0	0	0	0	0	0	0	0	0	0	0	0	0	0	0	0
0.03	south23_all	80	1848	1097	1041	1089	378	276	432	170	154	137	138	301	344	56	72	45	139	39	39	91	42	33	25	20	70	38	20	57	13	33	15	16	23	37	10	8	13	11	6	6	10	15	9	1	18	18	8	2	4	3	4	4	4	3	1	1	2	10	3	9	0	5	2	2	1	0	0	1	1	2	0	0	0	1	1	1	0	0	0	5	0	5	0	0	0	2	0	0	0	0	0	0	0	0	0	0	0	0	0	1	0	0	0	0	1	0	0	0	0	0	0	0
0.03	south23_active	80	857	582	654	689	203	137	265	87	78	67	75	231	280	32	36	18	79	18	21	57	24	17	8	8	38	24	10	29	6	25	4	8	17	24	5	4	7	4	2	4	6	11	3	1	10	14	3	0	3	0	3	0	1	1	0	0	0	7	1	7	0	3	1	0	0	0	0	0	0	1	0	0	0	0	1	0	0	0	0	4	0	5	0	0	0	2	0	0	0	0	0	0	0	0	0	0	0	0	0	0	0	0	0	0	0	0	0	0	0	0	0	0
0.03	south24_all	80	1810	1094	1063	1102	405	287	439	184	154	120	136	290	311	68	77	41	109	32	47	83	36	32	26	21	76	35	19	46	12	25	14	14	18	54	10	9	15	14	8	7	8	14	7	1	14	8	7	4	3	5	3	11	3	4	2	0	3	13	2	4	0	5	1	2	1	1	1	0	1	4	0	4	0	1	2	1	1	0	0	5	0	5	0	0	1	2	0	0	0	0	0	1	0	0	0	0	0	0	0	1	0	0	0	0	1	0	0	0	0	0	0	0
0.03	south24_active	80	839	603	659	710	226	149	279	86	78	55	67	209	245	40	36	14	65	15	31	40	19	14	10	7	40	23	11	22	6	15	6	5	9	30	5	3	8	8	1	6	5	11	3	1	11	4	2	0	2	1	3	1	0	3	1	0	0	10	1	2	0	3	1	0	0	0	0	0	0	2	0	0	0	0	2	0	1	0	0	4	0	5	0	0	1	2	0	0	0	0	0	1	0	0	0	0	0	0	0	0	0	0	0	0	0	0	0	0	0	0	0	0
0.03	south25_all	80	1777	1088	1066	1099	405	280	452	188	175	109	130	282	263	70	60	39	76	28	46	89	32	24	29	26	63	36	15	41	15	23	13	15	21	50	8	5	13	24	6	7	7	12	16	4	8	6	5	3	3	3	2	11	2	2	3	1	2	12	2	3	0	1	2	2	1	1	1	0	0	2	0	4	0	1	5	2	1	0	0	5	0	5	0	1	1	0	0	0	0	0	0	1	0	0	0	1	0	0	0	0	0	0	0	0	1	0	0	0	0	0	0	0
0.03	south25_active	80	823	578	650	720	219	151	282	93	98	54	64	181	206	41	27	13	46	14	26	48	12	10	14	11	27	25	8	25	5	11	8	7	12	25	3	2	5	15	1	6	6	7	10	2	6	4	1	0	2	1	2	5	0	2	1	0	0	10	0	0	0	0	2	0	0	0	0	0	0	1	0	0	0	0	5	0	1	0	0	4	0	5	0	0	1	0	0	0	0	0	0	1	0	0	0	1	0	0	0	0	0	0	0	0	0	0	0	0	0	0	0	0
0.03	south26_all	80	1757	1131	1062	1064	391	281	442	197	175	108	144	341	264	66	59	39	57	29	58	90	31	22	24	21	73	41	18	35	13	27	13	16	22	51	6	8	7	27	6	5	2	12	18	5	11	5	6	3	2	3	4	12	1	3	4	1	2	15	2	1	1	0	1	0	1	1	2	0	0	2	0	4	1	0	5	1	1	0	0	3	0	0	0	1	1	0	0	0	0	0	0	1	0	0	0	1	0	0	0	0	0	0	0	0	0	0	0	0	0	0	0	0
0.03	south26_active	80	819	612	661	699	210	155	282	95	92	59	77	210	181	38	27	12	34	15	33	52	12	9	11	13	54	28	11	27	6	17	9	8	16	28	2	4	3	15	2	4	2	8	13	3	8	4	3	0	2	1	4	5	1	2	2	0	0	10	0	0	1	0	1	0	0	0	0	0	0	1	0	0	0	0	5	0	1	0	0	2	0	0	0	0	1	0	0	0	0	0	0	1	0	0	0	1	0	0	0	0	0	0	0	0	0	0	0	0	0	0	0	0
0.03	south27_all	80	1797	1152	1089	1087	374	266	407	184	176	121	151	361	304	66	50	49	62	29	55	95	33	25	18	19	79	41	22	50	18	26	17	16	25	40	7	10	2	24	7	4	9	11	20	6	10	4	3	3	2	2	3	7	2	2	3	1	2	5	1	2	2	1	1	1	1	1	1	0	0	0	0	4	1	0	4	1	0	0	0	0	0	0	0	1	1	0	0	0	0	0	0	0	0	0	0	1	0	0	0	0	0	0	0	0	0	0	0	0	0	0	0	0
0.03	south27_active	80	851	615	652	688	208	149	252	90	89	62	83	217	197	29	24	21	34	16	29	65	12	14	9	11	66	31	13	28	10	14	12	8	17	28	1	6	1	15	2	2	7	7	14	4	8	4	3	0	2	1	3	6	1	1	1	0	0	0	0	1	1	0	1	1	0	1	0	0	0	0	0	0	0	0	4	0	0	0	0	0	0	0	0	0	1	0	0	0	0	0	0	0	0	0	0	1	0	0	0	0	0	0	0	0	0	0	0	0	0	0	0	0
0.03	south28_all	80	1843	1125	1122	1100	385	259	384	167	164	125	143	379	285	65	45	38	70	29	50	97	34	32	20	17	86	49	26	62	20	19	16	19	24	43	6	11	3	21	6	4	7	14	10	4	20	5	3	4	3	1	6	9	2	2	3	1	1	5	0	5	2	1	1	4	0	1	1	1	0	1	0	0	1	2	1	4	0	0	0	0	0	0	0	0	0	0	0	0	0	0	0	0	0	0	0	0	0	0	1	0	0	0	1	0	0	0	0	0	0	0	0	0
0.03	south28_active	80	871	588	681	681	207	134	241	87	82	71	81	229	166	26	24	19	37	16	23	69	17	16	9	10	75	38	14	36	8	9	12	10	13	30	1	5	1	13	2	2	5	11	8	4	13	4	3	0	2	1	5	7	1	0	2	1	0	1	0	4	1	0	1	3	0	1	0	1	0	0	0	0	0	0	0	1	0	0	0	0	0	0	0	0	0	0	0	0	0	0	0	0	0	0	0	0	0	0	0	0	0	0	1	0	0	0	0	0	0	0	0	0
0.03	south29_all	80	1830	1129	1127	1146	382	276	364	182	158	136	146	386	326	58	50	42	75	28	55	90	39	32	22	13	104	38	28	61	22	22	20	16	17	38	5	10	6	11	4	4	10	16	13	5	14	6	1	5	1	4	10	12	2	2	5	2	2	4	0	5	1	3	1	4	1	1	0	2	0	1	0	0	0	2	1	4	0	0	0	0	1	0	0	0	0	0	1	1	0	0	0	0	0	0	0	0	0	0	1	0	0	0	1	0	0	0	0	0	0	0	0	0
0.03	south29_active	80	847	621	673	709	209	154	232	104	79	73	90	256	194	21	28	20	38	15	28	61	16	15	10	6	81	26	16	33	11	9	15	7	7	23	2	4	3	9	1	3	7	11	11	2	9	4	1	0	0	4	7	10	1	0	2	2	0	3	0	4	0	1	1	3	0	1	0	2	0	0	0	0	0	0	0	1	0	0	0	0	0	0	0	0	0	0	1	0	0	0	0	0	0	0	0	0	0	0	0	0	0	0	1	0	0	0	0	0	0	0	0	0
0.03	south30_all	80	1795	1094	1056	1043	364	297	345	191	158	146	141	364	269	54	50	42	72	26	53	80	40	29	25	15	74	31	21	58	19	29	17	17	18	31	6	10	8	8	2	5	4	14	12	7	13	4	0	2	1	4	8	10	3	5	5	3	4	4	1	4	0	3	2	4	2	3	0	2	0	1	0	0	2	3	3	4	0	0	0	2	1	0	0	1	0	0	2	1	0	0	0	1	0	0	0	0	0	0	1	0	0	0	1	0	0	0	0	0	0	0	0	0
0.03	south30_active	80	814	617	637	657	202	161	217	106	78	85	84	242	168	16	32	20	38	10	28	48	15	13	12	5	49	19	12	27	9	12	12	8	10	18	3	3	4	7	1	3	2	7	11	2	8	2	0	0	0	4	5	9	2	0	1	3	0	3	1	3	0	1	1	2	0	2	0	2	0	0	0	0	1	0	2	1	0	0	0	0	0	0	0	0	0	0	1	0	0	0	0	0	0	0	0	0	0	0	0	0	0	0	1	0	0	0	0	0	0	0	0	0
0.03	south31_all	80	1702	976	936	841	298	235	344	201	119	114	127	254	196	75	55	56	61	41	40	74	37	22	25	20	56	28	12	28	15	18	10	13	18	22	3	14	10	6	6	12	7	13	6	5	10	5	2	4	3	3	2	2	2	0	3	7	1	1	1	2	2	4	4	0	7	2	0	1	1	1	1	7	2	0	0	0	0	1	0	0	0	3	2	0	0	0	0	0	1	0	1	0	0	0	0	0	0	0	0	0	0	0	0	0	0	0	0	0	0	0	0	0
0.03	south31_active	80	750	517	581	531	161	94	206	108	60	54	67	156	119	38	27	29	39	18	19	46	14	12	10	8	35	14	3	15	7	17	5	10	8	11	2	8	4	3	3	6	3	5	5	1	9	3	1	2	2	1	0	2	1	0	1	3	1	1	1	2	1	2	2	0	0	1	0	1	0	1	0	7	0	0	0	0	0	0	0	0	0	3	2	0	0	0	0	0	1	0	0	0	0	0	0	0	0	0	0	0	0	0	0	0	0	0	0	0	0	0	0	0
0.03	south32_all	80	1700	1020	1020	965	287	239	333	196	139	122	129	285	234	66	52	60	80	45	39	75	31	26	31	22	60	36	15	35	16	20	13	18	24	29	3	11	8	6	9	10	5	10	7	4	8	8	2	4	8	1	2	1	1	1	4	7	2	0	1	2	3	3	4	0	6	2	0	0	1	1	0	1	1	0	0	0	0	4	0	0	3	4	3	0	0	0	0	0	0	0	0	0	0	0	0	0	0	0	0	0	0	0	0	0	0	0	0	0	0	0	0	0
0.03	south32_active	80	755	543	627	635	153	102	203	111	64	61	72	194	138	30	25	35	53	19	20	45	13	16	15	9	39	24	3	23	9	18	6	11	11	18	2	7	3	5	6	6	2	7	5	1	2	6	0	3	5	0	1	1	1	1	1	3	2	0	1	2	1	1	2	0	0	1	0	0	0	1	0	1	0	0	0	0	0	3	0	0	3	4	2	0	0	0	0	0	0	0	0	0	0	0	0	0	0	0	0	0	0	0	0	0	0	0	0	0	0	0	0	0
0.03	south33_all	80	1723	1056	1074	1019	291	245	343	185	169	119	138	304	245	65	51	57	78	45	43	74	37	24	24	21	82	32	21	39	13	35	16	15	21	26	7	11	9	9	8	7	6	11	9	3	6	5	2	3	6	1	4	5	0	2	3	7	2	0	0	2	3	2	2	0	6	2	0	1	0	2	1	0	1	0	0	2	0	3	0	0	3	5	1	0	0	0	0	0	0	0	0	0	0	1	0	0	0	1	0	0	0	0	0	0	0	0	1	0	0	0	0	0
0.03	south33_active	80	768	577	662	672	157	104	212	106	82	63	83	193	156	27	23	30	49	21	19	42	15	17	12	8	61	20	9	26	6	24	7	9	8	19	1	7	3	8	5	4	4	5	6	1	0	3	1	3	4	0	3	5	0	2	0	4	2	0	0	2	1	1	0	0	1	1	0	0	0	2	1	0	0	0	0	0	0	3	0	0	3	5	0	0	0	0	0	0	0	0	0	0	0	1	0	0	0	0	0	0	0	0	0	0	0	0	0	0	0	0	0	0
0.03	south34_all	80	1773	1056	1224	1008	330	266	355	193	167	135	151	349	297	65	51	55	82	45	35	85	37	32	22	29	82	35	26	43	14	45	17	14	29	30	11	10	9	8	8	8	5	16	7	3	14	8	4	2	6	1	6	8	1	3	3	3	2	20	2	1	1	3	2	0	1	1	0	1	1	2	1	0	0	0	0	2	0	3	0	0	3	2	1	0	0	0	0	0	0	0	3	0	0	1	0	0	0	1	0	0	0	0	0	0	0	1	1	0	0	0	0	0
0.03	south34_active	80	809	579	784	663	175	127	223	117	82	68	87	245	187	30	26	26	49	21	19	48	15	18	14	13	53	21	9	34	7	30	6	6	15	22	3	5	7	8	5	6	4	8	3	0	7	6	1	2	4	0	4	8	0	3	1	2	2	15	2	1	0	2	0	0	1	1	0	0	0	2	1	0	0	0	0	0	0	3	0	0	3	2	0	0	0	0	0	0	0	0	2	0	0	1	0	0	0	0	0	0	0	0	0	0	0	1	0	0	0	0	0	0
0.03	south35_all	80	1740	1050	1252	1088	325	284	366	189	166	120	158	373	293	80	55	55	91	34	40	83	34	35	29	32	70	39	27	39	10	47	20	10	23	23	14	11	10	6	5	3	7	18	7	4	13	7	4	1	7	4	8	9	2	3	2	7	3	22	3	1	2	2	2	0	1	0	0	1	1	1	1	0	0	0	0	3	0	1	0	0	0	3	0	0	0	0	0	0	0	1	3	1	0	1	0	0	0	1	0	0	0	0	0	0	0	1	1	0	0	0	0	0
0.03	south35_active	80	809	565	797	685	165	148	220	110	78	59	87	264	196	40	25	23	62	17	25	48	13	22	15	15	45	23	14	27	5	31	9	6	9	17	4	3	8	5	3	2	6	11	1	2	7	6	1	1	3	1	5	9	1	3	1	6	3	17	3	1	1	2	0	0	1	0	0	0	0	1	1	0	0	0	0	0	0	1	0	0	0	3	0	0	0	0	0	0	0	0	2	1	0	1	0	0	0	0	0	0	0	0	0	0	0	1	0	0	0	0	0	0
0.03	south36_all	80	1743	1035	1140	1013	337	285	372	201	144	111	142	339	272	79	59	64	83	31	42	86	32	36	34	33	76	38	23	39	12	41	16	10	13	21	8	9	8	6	3	3	9	12	6	4	10	7	4	1	4	3	6	10	3	6	1	8	3	25	4	3	1	2	1	0	1	0	0	1	1	0	0	0	0	0	0	1	0	0	0	0	0	3	0	0	0	0	0	0	0	1	3	1	0	0	0	0	0	0	1	0	0	0	0	0	0	1	0	0	0	0	0	0
0.03	south36_active	80	812	532	713	637	165	149	223	115	70	54	75	252	185	37	22	27	50	13	28	47	13	21	19	17	49	19	10	28	7	29	8	6	7	13	3	3	6	4	2	2	8	7	1	2	9	6	1	1	1	1	3	10	1	5	1	7	2	19	3	1	1	2	0	0	0	0	0	0	0	0	0	0	0	0	0	0	0	0	0	0	0	3	0	0	0	0	0	0	0	0	2	1	0	0	0	0	0	0	1	0	0	0	0	0	0	1	0	0	0	0	0	0
0.03	south37_all	80	1705	1011	1033	1032	335	269	358	195	144	109	138	320	243	69	58	59	98	40	52	68	31	31	27	32	72	45	17	35	13	36	14	11	16	20	6	14	3	7	4	6	9	12	4	2	6	6	1	1	4	4	6	3	3	7	0	6	2	11	3	2	1	1	0	0	3	0	5	2	0	0	0	0	0	0	0	1	0	0	0	0	0	2	1	0	0	1	0	0	0	1	1	1	0	0	0	0	0	0	1	0	0	0	0	0	0	1	0	1	0	0	0	0
0.03	south37_active	80	795	502	611	632	165	149	204	108	66	55	67	241	151	33	18	26	59	19	31	37	13	19	13	15	46	25	9	23	8	24	7	8	8	13	2	5	2	2	2	3	8	8	1	2	4	4	0	1	1	1	3	3	2	6	0	5	1	5	2	0	1	1	0	0	2	0	4	2	0	0	0	0	0	0	0	0	0	0	0	0	0	2	0	0	0	1	0	0	0	0	0	1	0	0	0	0	0	0	1	0	0	0	0	0	0	1	0	0	0	0	0	0
0.03	south38_all	80	1721	1015	969	1007	350	276	370	188	151	118	135	273	235	46	58	49	100	37	55	57	31	25	33	27	72	43	10	38	18	38	14	10	16	22	7	10	2	12	3	6	12	14	4	1	10	10	1	2	3	3	5	1	3	6	2	3	1	7	4	2	0	0	0	0	5	0	7	2	0	0	0	0	0	0	0	0	0	0	0	0	0	4	1	0	0	1	0	0	0	1	0	0	0	0	0	0	0	0	1	0	0	0	0	0	0	0	0	1	0	0	0	0
0.03	south38_active	80	819	521	573	601	185	146	214	97	71	60	68	173	150	24	23	24	60	19	31	29	16	15	20	10	48	25	5	22	9	25	6	6	4	14	2	3	1	5	2	2	11	11	1	0	7	4	1	2	2	2	2	1	1	4	0	2	0	6	2	0	0	0	0	0	3	0	5	2	0	0	0	0	0	0	0	0	0	0	0	0	0	4	0	0	0	1	0	0	0	0	0	0	0	0	0	0	0	0	1	0	0	0	0	0	0	0	0	0	0	0	0	0
0.03	south39_all	80	1724	1024	1017	999	342	293	366	190	171	127	136	303	248	47	62	42	104	39	52	57	30	24	35	22	46	35	9	41	20	43	11	12	22	22	8	6	7	13	2	10	14	16	7	1	10	13	1	1	1	2	7	0	3	5	5	2	1	6	2	3	0	0	0	1	4	0	7	2	0	0	0	0	1	0	0	0	2	0	0	0	0	2	1	0	0	1	0	0	0	0	0	0	0	0	0	0	0	0	0	0	1	0	0	0	0	0	0	1	0	1	0	0
0.03	south39_active	80	809	515	605	598	179	144	214	103	83	70	76	185	155	27	28	20	56	16	33	30	14	13	23	8	28	19	4	27	9	27	5	6	10	15	1	3	3	7	1	3	11	12	0	0	6	7	1	1	1	1	3	0	1	4	1	1	0	5	1	1	0	0	0	0	3	0	5	2	0	0	0	0	0	0	0	0	2	0	0	0	0	2	0	0	0	1	0	0	0	0	0	0	0	0	0	0	0	0	0	0	1	0	0	0	0	0	0	0	0	1	0	0
0.03	south40_all	80	1738	1058	1104	1123	347	311	387	199	164	132	155	354	277	52	70	47	106	36	50	65	30	21	34	20	57	26	11	55	21	35	14	18	31	32	7	5	8	20	2	12	10	15	15	2	17	11	3	3	3	2	6	0	4	2	5	2	2	8	3	3	2	0	2	2	2	0	2	2	0	0	0	0	1	0	4	1	2	0	0	0	0	2	0	0	0	0	0	0	0	0	0	0	0	0	1	0	0	0	0	0	1	0	0	0	0	0	0	0	0	1	0	0
0.03	south40_active	80	837	532	685	691	193	153	221	108	82	71	83	213	178	25	39	25	55	15	33	38	18	13	24	7	31	12	4	34	9	24	10	11	18	22	1	4	4	14	1	5	8	10	3	1	13	7	2	2	2	1	3	0	2	0	1	1	1	7	1	2	2	0	2	0	1	0	1	2	0	0	0	0	0	0	2	0	2	0	0	0	0	2	0	0	0	0	0	0	0	0	0	0	0	0	1	0	0	0	0	0	1	0	0	0	0	0	0	0	0	1	0	0
