label	Group	numOtus	Otu0	Otu1	Otu2	Otu3	Otu4	Otu5	Otu6	Otu7	Otu8	Otu9	Otu10	Otu11	Otu12	Otu13	Otu14	Otu15	Otu16	Otu17	Otu18	Otu19	Otu20	Otu21	Otu22	Otu23	Otu24	Otu25	Otu26	Otu27	Otu28	Otu29	Otu30	Otu31	Otu32	Otu33	Otu34	Otu35	Otu36	Otu37	Otu38	Otu39	Otu40	Otu41	Otu42	Otu43	Otu44	Otu45	Otu46	Otu47	Otu48	Otu49	Otu50	Otu51	Otu52	Otu53	Otu54	Otu55	Otu56	Otu57	Otu58	Otu59	Otu60	Otu61	Otu62	Otu63	Otu64	Otu65	Otu66	Otu67	Otu68	Otu69	Otu70	Otu71	Otu72	Otu73	Otu74	Otu75	Otu76	Otu77	Otu78	Otu79	Otu80	Otu81	Otu82	Otu83	Otu84	Otu85	Otu86	Otu87	Otu88	Otu89	Otu90	Otu91	Otu92	Otu93	Otu94	Otu95	Otu96	Otu97	Otu98	Otu99	Otu100	Otu101	Otu102	Otu103	Otu104	Otu105	Otu106	Otu107	Otu108	Otu109	Otu110	Otu111	Otu112	Otu113	Otu114	Otu115	Otu116	Otu117	Otu118	Otu119	Otu120	Otu121	Otu122	Otu123	Otu124	Otu125	Otu126	Otu127	Otu128	Otu129	Otu130	Otu131	Otu132	Otu133	Otu134	Otu135	Otu136
0.03	north1_all	80	4816	2064	1453	900	697	517	630	625	294	233	234	667	273	162	246	165	120	99	86	75	98	322	81	61	186	47	40	36	41	208	33	41	161	27	19	21	43	32	20	20	17	6	14	54	6	34	16	6	8	4	5	5	41	4	2	1	3	5	14	6	18	5	5	3	13	3	5	2	2	7	4	2	1	1	0	0	8	1	2	2	3	0	2	3	1	4	3	1	0	0	0	0	0	0	0	0	0	0	1	0	1	0	1	0	1	1	0	0	0	0	0	0	0	0	0	0	0	0	0	0	0	0	0	0	0	0	0	0	0	5	0	0	0	0	0	0	0
0.03	north1_active	80	2743	887	786	325	316	196	427	482	76	73	97	591	198	51	186	101	22	33	25	28	62	304	66	37	160	8	10	16	27	196	15	25	150	11	6	8	36	20	12	18	6	2	4	50	1	32	4	4	2	1	1	0	38	3	1	1	2	3	12	6	16	1	2	0	13	1	4	1	1	3	4	1	1	0	0	0	8	0	1	1	2	0	2	3	1	4	3	0	0	0	0	0	0	0	0	0	0	0	0	0	1	0	1	0	0	0	0	0	0	0	0	0	0	0	0	0	0	0	0	0	0	0	0	0	0	0	0	0	0	5	0	0	0	0	0	0	0
0.03	north2_all	80	4678	2110	1414	891	671	540	600	610	295	234	221	596	266	143	232	162	122	106	76	76	104	301	79	58	183	52	42	30	43	183	39	38	107	23	16	25	38	29	15	20	16	11	18	32	8	19	21	3	9	8	6	6	26	6	4	2	4	5	7	7	20	5	5	2	7	2	5	1	2	5	3	5	2	0	1	0	8	1	3	1	1	0	1	3	1	1	0	1	0	0	0	0	0	0	0	0	0	0	1	0	1	0	0	1	0	1	0	0	0	0	0	0	0	0	0	0	0	0	0	0	0	0	0	0	0	0	0	0	0	5	0	0	0	0	0	0	0
0.03	north2_active	80	2570	859	728	295	284	206	405	458	75	67	88	523	187	41	185	106	26	34	25	27	65	284	60	35	155	10	14	10	24	171	19	24	101	4	5	11	28	17	8	17	3	4	6	30	1	16	7	2	3	2	1	0	24	3	2	2	2	3	7	6	18	1	2	0	7	1	4	0	1	0	2	2	1	0	1	0	8	0	2	0	1	0	1	3	1	1	0	0	0	0	0	0	0	0	0	0	0	0	0	0	1	0	0	0	0	0	0	0	0	0	0	0	0	0	0	0	0	0	0	0	0	0	0	0	0	0	0	0	0	5	0	0	0	0	0	0	0
0.03	north3_all	80	4551	2109	1383	841	691	570	613	591	310	239	209	528	220	156	229	155	110	113	77	72	98	262	88	63	152	54	39	28	38	158	37	34	88	24	19	26	38	27	17	23	19	14	16	22	7	18	18	3	9	11	7	5	28	7	5	3	4	3	5	2	14	5	3	2	3	2	5	0	2	2	1	3	2	0	1	0	1	1	2	0	1	0	1	3	1	1	1	0	0	1	0	0	1	1	0	0	0	0	1	0	1	0	0	1	0	0	0	0	0	1	0	0	0	0	0	0	0	0	0	0	0	0	0	0	2	0	0	0	0	5	0	0	0	0	0	0	0
0.03	north3_active	80	2363	808	692	258	266	203	400	427	78	58	67	459	145	39	180	105	25	36	28	15	62	237	65	44	123	7	11	7	22	145	17	20	81	4	5	10	26	15	11	19	5	4	8	20	0	15	7	2	1	4	1	0	28	3	3	2	1	2	5	1	12	0	1	1	2	1	4	0	0	0	0	1	1	0	1	0	1	0	1	0	0	0	1	3	1	1	0	0	0	1	0	0	0	0	0	0	0	0	0	0	1	0	0	0	0	0	0	0	0	0	0	0	0	0	0	0	0	0	0	0	0	0	0	0	2	0	0	0	0	5	0	0	0	0	0	0	0
0.03	north4_all	80	4422	2114	1321	817	676	536	596	527	300	284	215	429	207	170	214	135	119	108	80	67	68	218	88	68	111	52	42	34	25	113	35	36	106	21	18	22	37	25	16	15	19	20	14	19	10	19	18	7	9	14	8	7	24	8	9	3	5	4	8	1	12	3	2	1	4	3	1	1	2	1	2	3	2	0	1	0	1	1	2	1	1	0	2	2	0	2	1	0	0	1	0	0	1	2	0	0	0	0	0	1	0	0	1	1	0	0	0	1	0	1	0	0	0	0	0	1	1	0	0	0	0	0	0	0	2	0	0	0	0	0	0	0	0	0	0	0	0
0.03	north4_active	80	2213	771	620	207	249	179	357	349	65	65	74	350	124	44	161	90	33	35	25	12	38	188	61	44	88	5	14	8	15	99	16	22	101	5	4	10	27	11	10	9	5	6	4	15	0	14	10	6	1	5	1	2	23	2	6	2	1	3	8	0	9	0	1	1	3	1	0	1	0	0	0	1	1	0	1	0	1	0	1	0	0	0	1	2	0	1	0	0	0	1	0	0	0	0	0	0	0	0	0	0	0	0	0	0	0	0	0	0	0	0	0	0	0	0	0	0	1	0	0	0	0	0	0	0	2	0	0	0	0	0	0	0	0	0	0	0	0
0.03	north5_all	80	4446	2098	1357	840	671	536	585	542	299	296	231	477	221	167	224	148	140	110	90	69	60	174	108	69	106	48	37	41	28	104	37	42	97	22	18	23	49	14	16	19	15	19	18	22	11	23	15	12	10	16	7	11	30	8	9	2	6	4	4	1	4	3	1	2	7	2	1	3	1	2	2	2	3	0	1	0	1	0	1	3	1	0	1	0	0	1	1	1	0	1	0	0	1	2	0	0	0	0	0	2	0	0	1	1	0	0	0	1	0	1	0	0	0	0	0	1	1	0	0	0	0	0	0	0	2	0	0	0	0	0	0	0	0	0	0	0	0
0.03	north5_active	80	2223	744	628	219	269	174	337	364	67	71	90	396	127	49	168	87	40	34	31	9	29	148	74	37	92	4	8	12	15	93	17	26	91	5	1	6	42	5	10	12	7	5	4	18	0	17	10	10	0	5	0	4	26	1	5	1	3	3	4	0	2	0	0	1	6	1	0	1	0	1	1	1	2	0	0	0	1	0	0	1	0	0	0	0	0	0	0	0	0	1	0	0	0	0	0	0	0	0	0	1	0	0	0	0	0	0	0	0	0	0	0	0	0	0	0	0	1	0	0	0	0	0	0	0	2	0	0	0	0	0	0	0	0	0	0	0	0
0.03	north6_all	80	4521	2065	1353	876	689	508	610	581	293	292	246	518	238	163	225	157	141	97	94	76	74	216	130	60	102	45	37	49	26	124	45	50	99	20	17	28	65	20	17	24	12	16	11	28	10	27	9	16	10	16	9	12	31	11	10	1	9	8	7	0	1	3	2	2	13	2	2	4	3	6	2	1	3	1	1	1	8	0	3	3	0	3	1	0	0	1	1	1	0	0	0	0	1	1	0	0	1	0	0	2	0	0	1	0	0	0	0	1	1	0	1	0	0	0	0	1	1	0	0	0	0	0	0	0	2	0	0	0	0	0	0	0	0	0	0	0	0
0.03	north6_active	80	2373	796	671	241	295	184	360	411	65	80	97	454	160	49	168	89	40	28	34	12	34	191	99	28	94	4	10	18	17	114	21	34	92	4	2	5	59	11	7	14	4	4	1	24	0	23	6	12	0	4	1	5	23	4	5	1	3	4	5	0	0	0	1	1	12	1	0	1	1	3	1	1	3	0	0	0	7	0	1	1	0	3	0	0	0	0	0	0	0	0	0	0	0	0	0	0	1	0	0	1	0	0	0	0	0	0	0	0	1	0	1	0	0	0	0	0	1	0	0	0	0	0	0	0	2	0	0	0	0	0	0	0	0	0	0	0	0
0.03	north7_all	80	4708	2040	1386	857	706	515	552	637	285	283	250	577	249	160	240	176	124	94	97	88	82	275	138	64	115	48	33	44	40	127	46	49	91	25	17	29	80	23	14	25	11	12	14	44	11	34	8	15	9	12	8	11	33	10	7	1	9	11	11	4	7	2	5	3	11	2	4	5	2	7	3	1	4	1	1	1	8	2	4	2	1	3	1	13	2	1	0	1	0	0	0	0	0	0	0	0	1	0	0	1	0	0	0	0	0	0	0	0	1	0	1	0	0	0	0	0	0	0	0	0	0	0	0	0	0	0	0	0	1	0	0	0	0	0	0	0	0
0.03	north7_active	80	2579	830	700	263	313	209	329	472	57	81	99	520	176	46	186	108	32	23	34	20	37	253	107	33	108	8	11	15	29	117	24	27	80	9	2	8	71	12	4	16	6	1	3	41	0	30	4	11	0	2	1	4	25	4	2	1	3	7	7	4	6	0	2	2	11	1	1	2	1	4	1	1	4	0	0	0	7	1	1	1	0	3	0	13	0	0	0	0	0	0	0	0	0	0	0	0	1	0	0	1	0	0	0	0	0	0	0	0	1	0	1	0	0	0	0	0	0	0	0	0	0	0	0	0	0	0	0	0	0	0	0	0	0	0	0	0	0
0.03	north8_all	80	4849	2046	1402	835	721	498	578	636	276	273	256	646	255	151	271	195	111	94	94	81	89	358	132	67	117	48	44	40	45	141	46	46	85	32	17	25	66	21	15	35	8	14	12	49	11	29	8	12	6	11	8	11	21	7	3	2	6	10	8	5	7	3	7	2	13	1	3	3	5	5	2	2	4	2	1	2	7	2	3	1	1	3	0	13	2	0	0	1	0	0	0	0	0	0	0	1	1	1	0	0	2	0	0	0	0	0	0	1	1	0	1	0	0	0	0	0	0	0	0	0	0	0	0	0	0	0	0	0	1	0	0	0	0	0	0	0	0
0.03	north8_active	80	2688	866	732	280	306	216	368	473	56	83	105	585	188	42	214	132	23	32	29	22	46	337	105	37	107	10	17	14	30	131	30	27	72	9	3	9	60	16	5	28	3	2	3	47	0	26	3	7	0	3	1	4	15	4	2	2	0	6	4	4	7	0	4	2	12	0	1	1	3	3	0	2	4	0	0	0	6	1	1	0	0	3	0	13	0	0	0	0	0	0	0	0	0	0	0	0	1	1	0	0	1	0	0	0	0	0	0	1	1	0	1	0	0	0	0	0	0	0	0	0	0	0	0	0	0	0	0	0	0	0	0	0	0	0	0	0	0
0.03	north9_all	80	4943	2008	1424	818	727	509	579	636	275	244	237	662	245	161	279	194	107	104	87	73	98	365	119	67	123	46	45	26	44	146	40	41	112	29	22	17	87	25	17	31	14	14	13	44	13	28	11	13	5	11	8	10	13	2	3	4	5	10	13	7	9	4	6	2	5	2	2	2	4	4	5	2	1	2	1	3	1	2	2	1	1	2	0	13	3	0	2	0	1	0	0	1	0	1	0	1	0	1	0	1	2	1	0	0	0	0	1	1	0	0	0	0	0	0	0	0	0	0	0	0	0	0	0	0	0	0	0	0	1	0	0	0	0	0	0	0	0
0.03	north9_active	80	2815	871	720	279	282	220	364	469	63	69	99	597	178	43	229	134	26	39	25	21	54	341	95	43	107	8	17	10	26	138	28	19	101	8	6	8	82	20	10	25	6	4	3	42	0	24	6	8	1	4	1	2	9	0	2	3	0	9	11	4	8	0	3	1	4	0	1	1	2	4	1	1	1	0	0	0	1	1	1	0	0	1	0	13	0	0	2	0	0	0	0	1	0	1	0	0	0	1	0	1	1	0	0	0	0	0	0	1	0	0	0	0	0	0	0	0	0	0	0	0	0	0	0	0	0	0	0	0	0	0	0	0	0	0	0	0	0
0.03	north10_all	80	5007	2008	1407	830	726	555	587	631	300	236	215	765	246	166	237	196	116	103	85	57	95	391	105	77	148	43	51	31	36	138	44	44	128	28	23	13	81	26	18	28	19	11	7	56	13	54	14	15	8	9	4	10	36	6	1	5	1	8	11	4	11	6	6	2	3	2	2	1	3	1	4	3	1	3	1	3	1	1	0	1	1	2	0	8	2	0	2	0	1	0	0	1	0	1	0	1	0	1	0	1	2	1	1	0	1	1	1	1	0	0	0	0	1	0	0	0	0	0	1	0	0	0	0	0	0	0	0	1	0	0	1	0	0	0	0	1	0
0.03	north10_active	80	2887	885	709	288	301	225	382	471	75	66	98	681	173	44	196	141	25	39	22	13	54	365	78	52	126	8	19	16	16	127	30	24	116	7	6	6	76	17	11	25	7	4	1	53	1	52	7	13	2	3	1	4	33	3	0	4	0	8	11	0	10	0	3	1	2	0	0	1	2	1	1	1	0	0	0	1	1	1	0	0	0	1	0	8	0	0	2	0	0	0	0	1	0	1	0	0	0	1	0	1	1	0	0	0	0	0	0	1	0	0	0	0	1	0	0	0	0	0	0	0	0	0	0	0	0	0	0	0	0	0	1	0	0	0	0	1	0
0.03	north11_all	80	4764	2030	1365	885	686	544	632	570	281	269	234	623	259	154	271	164	86	106	92	96	76	274	100	80	123	56	34	41	40	148	40	30	147	23	23	9	81	25	16	21	18	15	9	48	11	38	13	15	9	5	7	12	29	4	5	6	3	7	9	9	12	1	1	1	10	2	2	3	3	1	2	7	5	1	1	1	1	2	0	0	2	2	8	5	1	3	2	0	0	2	4	0	0	0	0	0	0	0	0	0	0	0	1	0	1	1	0	0	0	0	0	0	0	1	0	0	0	0	0	0	1	0	0	0	6	1	0	0	0	0	0	0	0	0	0	0	0
0.03	north11_active	80	2652	858	714	328	301	212	436	441	64	82	86	549	169	55	222	110	15	41	27	21	35	254	77	46	108	13	8	16	26	139	24	18	137	7	10	3	80	12	7	16	4	2	6	46	1	38	7	10	2	1	2	5	28	0	2	3	2	5	7	8	9	0	1	0	8	1	2	2	1	1	1	4	3	0	0	1	0	0	0	0	1	2	8	5	0	3	2	0	0	0	4	0	0	0	0	0	0	0	0	0	0	0	1	0	0	0	0	0	0	0	0	0	0	1	0	0	0	0	0	0	1	0	0	0	6	1	0	0	0	0	0	0	0	0	0	0	0
0.03	north12_all	80	4619	2028	1376	866	672	533	617	574	279	264	241	537	273	153	269	162	90	110	96	104	93	239	91	61	109	70	33	32	43	141	37	29	105	23	21	7	90	27	18	20	17	16	5	46	7	33	14	10	8	6	8	9	21	5	4	7	3	7	10	10	12	1	0	0	7	4	2	2	4	2	2	5	3	1	1	3	3	2	0	1	0	2	8	1	1	3	2	0	0	0	8	0	0	0	1	0	0	0	0	0	0	0	0	0	1	0	0	0	0	0	0	0	0	0	0	0	0	0	0	0	2	0	0	0	6	1	0	0	0	0	0	0	0	0	0	0	0
0.03	north12_active	80	2464	802	700	286	273	187	395	433	65	73	88	469	170	53	224	102	21	41	25	25	50	219	70	31	98	17	10	11	32	130	23	15	93	9	9	3	88	14	11	14	4	3	1	44	0	32	6	9	2	0	2	3	21	1	2	4	2	5	9	7	10	0	0	0	6	1	1	2	1	2	1	3	2	0	0	1	2	0	0	0	0	2	8	0	0	3	2	0	0	0	8	0	0	0	1	0	0	0	0	0	0	0	0	0	0	0	0	0	0	0	0	0	0	0	0	0	0	0	0	0	2	0	0	0	6	1	0	0	0	0	0	0	0	0	0	0	0
0.03	north13_all	80	4509	1972	1382	850	658	538	564	553	286	265	224	481	240	153	224	180	96	92	83	88	102	242	88	50	103	56	36	22	48	116	42	29	102	22	23	11	50	22	17	19	16	12	5	25	7	29	16	15	9	9	9	6	17	4	4	5	2	3	21	6	10	1	2	1	3	5	2	0	1	5	2	5	4	1	1	3	3	3	0	1	0	2	8	1	0	1	2	0	0	0	12	0	0	0	4	0	1	0	1	0	0	0	0	1	1	0	0	0	0	0	0	0	0	0	0	0	0	0	0	0	2	0	0	0	6	1	0	0	0	0	0	0	0	0	0	0	0
0.03	north13_active	80	2273	740	679	236	250	175	326	396	71	72	72	407	141	50	175	106	24	31	20	20	58	224	64	24	91	12	7	8	33	103	25	15	93	8	9	6	43	10	10	13	5	4	0	22	0	27	7	11	3	0	4	1	17	1	2	3	2	1	19	3	9	0	2	0	2	1	1	0	0	4	1	3	2	0	0	1	2	1	0	0	0	2	8	0	0	1	2	0	0	0	12	0	0	0	4	0	0	0	1	0	0	0	0	0	0	0	0	0	0	0	0	0	0	0	0	0	0	0	0	0	2	0	0	0	6	1	0	0	0	0	0	0	0	0	0	0	0
0.03	north14_all	80	4356	1993	1272	871	670	523	557	533	296	279	223	433	221	167	206	167	104	100	80	73	90	201	79	48	91	55	41	29	41	107	37	39	57	25	21	14	58	23	18	16	16	19	12	30	7	17	13	17	8	8	12	4	6	4	8	9	0	4	20	4	7	0	2	2	2	5	3	0	2	6	1	5	4	1	3	3	2	2	0	1	0	2	4	3	0	1	2	0	0	0	11	0	0	0	4	0	1	0	2	0	0	0	1	1	1	0	0	0	0	0	0	0	0	0	0	0	0	0	0	0	2	0	0	0	0	0	0	0	0	0	0	0	0	0	0	0	2
0.03	north14_active	80	2068	723	594	235	235	167	316	360	74	73	66	355	112	47	142	91	32	30	21	18	52	184	54	20	76	14	5	10	26	93	19	21	50	9	7	6	49	13	11	8	4	7	0	26	1	14	4	10	3	0	3	0	6	1	3	5	0	2	19	2	7	0	2	0	1	1	1	0	0	5	1	3	2	1	2	1	2	2	0	0	0	2	4	2	0	1	2	0	0	0	11	0	0	0	4	0	0	0	1	0	0	0	0	0	0	0	0	0	0	0	0	0	0	0	0	0	0	0	0	0	2	0	0	0	0	0	0	0	0	0	0	0	0	0	0	0	2
0.03	north15_all	80	4310	2002	1240	887	682	531	508	519	283	283	225	389	196	165	214	154	112	101	75	61	85	209	75	44	84	54	45	43	44	74	38	42	67	24	22	15	44	21	19	18	15	19	15	20	9	25	11	16	5	11	12	4	2	2	6	8	5	6	21	2	9	0	3	3	5	5	5	4	1	7	1	1	2	1	4	0	0	3	0	0	0	1	0	2	1	3	2	0	1	0	7	0	0	0	3	0	1	0	2	0	1	0	1	1	0	0	0	0	0	0	0	0	0	0	0	0	0	0	2	1	0	0	0	0	0	0	0	0	0	0	0	0	0	0	0	0	2
0.03	north15_active	80	2035	704	556	242	225	162	293	334	67	71	65	307	100	43	143	77	32	21	20	13	48	192	45	22	68	12	5	11	28	64	21	22	58	8	9	6	33	12	10	7	4	8	0	16	1	21	6	8	1	3	2	0	2	0	3	4	2	2	18	1	7	0	2	0	3	0	1	1	0	3	0	0	0	1	4	0	0	2	0	0	0	1	0	2	0	3	2	0	0	0	7	0	0	0	3	0	0	0	1	0	1	0	0	0	0	0	0	0	0	0	0	0	0	0	0	0	0	0	2	0	0	0	0	0	0	0	0	0	0	0	0	0	0	0	0	0	2
0.03	north16_all	80	4362	2019	1252	859	672	526	518	534	296	268	218	390	208	154	217	154	114	114	74	72	82	253	70	55	120	54	41	47	37	66	41	42	68	26	17	20	45	20	18	20	14	20	16	25	12	22	11	18	3	10	11	4	0	2	7	7	8	7	13	3	14	0	4	5	6	5	4	7	2	5	1	2	4	1	4	0	0	4	0	0	2	3	0	2	1	3	1	0	1	0	1	0	0	0	0	0	1	0	1	0	1	0	1	0	0	0	0	0	0	0	0	0	0	0	0	0	0	0	2	1	0	0	0	0	0	0	0	0	0	0	0	0	0	0	0	0	2
0.03	north16_active	80	2074	720	566	249	228	165	318	364	64	64	60	309	117	37	152	90	37	29	21	14	47	235	40	29	96	12	4	12	23	60	27	20	56	9	7	7	36	12	9	4	2	7	1	21	2	19	6	7	0	4	1	0	0	0	4	4	2	4	9	2	11	0	3	2	3	1	1	3	1	1	0	1	0	1	4	0	0	2	0	0	0	2	0	2	0	3	1	0	0	0	1	0	0	0	0	0	0	0	0	0	1	0	0	0	0	0	0	0	0	0	0	0	0	0	0	0	0	0	2	0	0	0	0	0	0	0	0	0	0	0	0	0	0	0	0	0	2
0.03	north17_all	80	4508	2077	1348	868	699	539	525	556	298	268	212	460	205	147	247	147	108	113	80	85	78	258	75	62	139	55	38	43	42	111	45	38	88	19	18	20	53	20	19	18	16	16	16	31	18	29	12	13	6	9	12	6	10	2	7	7	9	7	6	7	15	0	4	5	6	4	3	9	1	3	1	1	3	1	3	0	1	3	0	0	2	3	1	1	1	3	2	0	2	0	0	2	0	0	1	0	0	0	1	0	3	0	0	0	0	0	0	0	0	0	0	1	0	0	0	0	1	0	2	1	0	0	1	0	0	0	0	0	0	0	0	0	0	0	0	0	0
0.03	north17_active	80	2295	820	672	258	284	181	328	399	78	66	69	392	131	43	190	85	33	32	19	15	36	241	49	32	117	11	10	10	25	105	29	17	76	6	5	4	44	13	11	4	1	5	4	27	1	27	6	7	2	5	2	0	9	0	4	4	2	2	3	6	11	0	2	2	3	1	0	3	1	0	0	1	1	1	3	0	0	1	0	0	0	2	1	1	0	3	2	0	1	0	0	2	0	0	0	0	0	0	0	0	2	0	0	0	0	0	0	0	0	0	0	0	0	0	0	0	1	0	2	0	0	0	0	0	0	0	0	0	0	0	0	0	0	0	0	0	0
0.03	north18_all	80	4743	2081	1413	898	682	562	576	589	330	256	213	515	226	154	273	146	124	100	81	84	91	313	77	59	169	53	41	40	47	140	45	37	106	17	19	18	57	30	17	16	18	15	12	41	18	41	16	17	10	6	8	9	10	4	8	7	5	5	5	7	16	1	4	4	6	3	0	6	1	3	4	1	3	0	0	1	1	3	0	1	2	2	1	1	0	5	2	0	1	0	0	2	0	0	2	1	1	0	0	0	2	0	0	0	0	0	0	0	0	0	0	1	0	0	0	0	1	0	0	0	0	0	1	0	0	0	0	0	0	0	0	0	0	0	1	0	0
0.03	north18_active	80	2541	860	738	305	277	208	375	446	92	71	82	449	154	44	230	89	39	30	19	15	43	293	54	30	142	14	11	14	30	135	28	19	97	4	6	4	49	24	8	3	0	1	5	38	2	40	9	12	4	3	3	1	9	3	4	3	1	2	3	6	11	0	2	2	3	1	0	2	1	1	3	1	1	0	0	0	0	2	0	0	0	1	1	1	0	5	2	0	1	0	0	2	0	0	0	0	1	0	0	0	1	0	0	0	0	0	0	0	0	0	0	0	0	0	0	0	1	0	0	0	0	0	0	0	0	0	0	0	0	0	0	0	0	0	1	0	0
0.03	north19_all	80	4921	2099	1433	931	721	579	627	607	309	266	229	519	251	152	332	148	107	81	78	84	98	361	93	53	161	52	47	32	44	176	43	35	138	17	20	24	52	26	20	16	16	17	14	42	19	42	18	16	10	6	9	8	17	5	10	12	4	5	5	9	14	3	1	2	6	0	1	3	1	7	4	2	2	1	2	3	2	3	1	1	2	4	3	1	0	3	1	0	1	0	0	4	0	0	2	1	1	0	0	0	2	0	0	0	1	0	0	0	0	1	0	1	0	0	0	0	1	0	0	1	0	1	1	1	0	0	0	0	0	0	0	0	0	0	1	0	0
0.03	north19_active	80	2780	917	809	308	310	238	434	475	87	76	92	448	180	47	280	99	28	27	25	17	50	335	70	26	142	14	16	15	31	170	29	19	133	3	5	9	45	19	15	6	1	2	6	40	5	40	10	13	5	4	3	1	15	4	6	7	0	2	3	8	9	0	0	1	5	0	1	0	1	6	4	1	1	0	2	1	1	2	0	0	0	4	1	1	0	3	1	0	1	0	0	4	0	0	0	0	1	0	0	0	1	0	0	0	0	0	0	0	0	0	0	0	0	0	0	0	1	0	0	1	0	1	0	1	0	0	0	0	0	0	0	0	0	0	1	0	0
0.03	north20_all	80	4856	2055	1414	948	703	561	649	615	316	256	218	559	257	153	336	159	109	85	72	80	114	340	101	50	136	47	50	30	40	166	52	33	143	20	21	22	68	19	25	27	15	17	13	38	15	48	13	16	11	5	7	6	18	5	9	12	4	4	9	8	9	5	1	1	6	1	1	2	2	9	5	1	1	1	2	3	1	1	1	3	0	6	4	2	0	3	1	0	1	0	9	4	0	1	2	1	4	0	0	0	2	1	0	0	1	0	0	0	0	1	0	0	0	0	0	0	0	1	0	2	0	1	0	1	0	0	0	0	0	0	0	0	0	0	1	0	0
0.03	north20_active	80	2714	913	766	315	306	229	440	473	90	72	82	476	184	39	274	109	28	28	28	18	66	310	71	27	120	13	14	15	28	158	36	18	138	6	5	9	59	13	16	18	3	3	5	36	7	45	7	12	5	3	2	1	16	4	6	7	0	1	7	7	6	0	1	0	5	1	1	0	1	8	5	0	1	0	2	1	1	1	0	0	0	6	2	2	0	3	1	0	1	0	9	4	0	0	0	0	3	0	0	0	1	0	0	0	0	0	0	0	0	0	0	0	0	0	0	0	0	0	0	2	0	1	0	1	0	0	0	0	0	0	0	0	0	0	1	0	0
0.03	south21_all	80	5275	1941	1221	2112	650	1112	469	382	375	415	696	399	207	282	459	175	170	120	153	95	329	117	49	166	70	56	39	53	77	30	32	133	20	71	50	80	26	26	19	24	13	22	34	10	80	35	30	8	4	8	4	8	12	10	6	10	8	18	5	0	9	1	8	2	2	4	7	1	0	1	4	4	2	0	1	4	0	1	1	1	2	1	0	1	1	2	0	4	1	1	2	0	1	1	0	0	0	1	0	0	1	2	0	0	0	0	0	0	0	1	0	0	0	0	0	1	0	0	0	0	0	0	0	0	0	0	0	0	0	0	0	0	0	0	0	0	0
0.03	south21_active	80	3175	625	316	1763	235	909	196	148	213	303	618	327	96	233	411	122	127	63	114	46	302	94	20	143	43	32	10	21	61	8	7	124	8	66	34	73	5	9	17	16	4	15	29	4	78	30	27	2	0	1	1	3	12	4	1	4	1	18	3	0	9	0	6	1	1	1	5	0	0	0	2	3	1	0	0	1	0	1	0	0	1	1	0	1	0	2	0	3	0	1	1	0	1	1	0	0	0	1	0	0	0	2	0	0	0	0	0	0	0	0	0	0	0	0	0	0	0	0	0	0	0	0	0	0	0	0	0	0	0	0	0	0	0	0	0	0	0
0.03	south22_all	80	5027	1938	1207	1990	645	1011	449	369	362	401	615	390	208	273	385	161	148	103	153	100	256	105	45	136	62	59	45	48	65	37	27	122	21	80	47	76	29	26	14	29	11	21	18	8	52	31	32	9	7	7	3	9	13	11	5	7	6	20	8	2	5	1	6	2	4	4	2	2	1	5	4	4	2	0	1	4	2	2	2	2	1	1	2	0	1	1	0	4	1	0	2	0	1	2	0	0	0	1	0	0	1	2	0	0	1	0	0	0	0	1	0	0	0	0	0	1	0	0	0	0	0	0	0	0	0	0	2	0	0	0	0	0	0	0	0	0	0
0.03	south22_active	80	2878	584	283	1610	210	760	182	139	198	278	518	312	100	217	336	108	95	58	119	45	237	75	16	110	37	32	10	13	52	10	7	112	11	73	32	68	5	9	12	18	1	14	11	2	52	26	28	2	1	2	1	2	13	4	1	2	2	20	4	1	5	0	5	0	2	1	1	0	1	4	2	3	1	0	1	2	1	1	0	0	0	1	1	0	0	0	0	3	0	0	1	0	1	1	0	0	0	1	0	0	0	2	0	0	0	0	0	0	0	0	0	0	0	0	0	0	0	0	0	0	0	0	0	0	0	0	2	0	0	0	0	0	0	0	0	0	0
0.03	south23_all	80	4812	1942	1186	1745	650	895	431	362	371	379	481	354	182	257	315	166	142	98	115	92	211	96	55	111	60	49	42	43	58	35	28	87	25	74	46	68	21	28	15	28	12	15	23	7	46	41	22	9	5	7	1	7	18	6	7	4	8	20	4	4	6	2	3	4	5	4	2	4	1	5	5	1	2	0	1	2	2	2	2	2	1	2	2	0	0	1	1	1	0	1	1	0	2	2	0	0	0	0	0	0	0	0	0	0	1	0	0	0	0	0	2	0	0	0	0	0	0	2	0	0	1	0	0	0	0	0	2	0	0	0	0	0	0	0	0	0	0
0.03	south23_active	80	2626	529	263	1345	188	635	160	129	187	242	383	269	80	195	258	108	88	51	83	38	187	63	11	90	37	22	10	9	47	10	7	75	12	66	25	60	5	10	13	16	1	11	16	1	44	34	16	4	1	3	0	1	16	2	2	0	2	20	1	1	6	0	2	0	1	1	1	3	1	5	2	0	1	0	1	1	1	1	0	0	0	2	1	0	0	0	0	1	0	0	0	0	1	1	0	0	0	0	0	0	0	0	0	0	0	0	0	0	0	0	2	0	0	0	0	0	0	0	0	0	0	0	0	0	0	0	2	0	0	0	0	0	0	0	0	0	0
0.03	south24_all	80	4696	1944	1193	1662	671	870	402	349	349	363	479	323	182	255	290	153	147	105	100	87	186	96	50	105	57	40	46	36	56	33	29	69	26	48	43	48	20	22	13	25	9	16	18	9	26	31	18	7	9	6	2	8	21	5	4	1	8	23	5	4	11	3	7	6	5	2	1	4	7	6	3	2	3	2	2	4	2	1	1	2	1	2	2	0	0	1	1	0	0	1	0	0	1	1	0	1	0	0	0	0	0	0	0	0	1	0	0	0	0	0	2	0	0	0	0	0	0	2	0	0	1	0	0	0	0	1	2	0	0	0	0	0	0	0	0	0	0
0.03	south24_active	80	2485	514	261	1252	178	610	132	114	150	221	392	244	75	195	229	97	88	56	66	37	160	59	10	87	31	18	11	14	42	10	5	59	14	40	30	40	3	9	11	13	3	11	14	0	24	24	12	5	1	2	0	1	18	2	1	0	2	22	2	1	10	0	7	1	1	0	1	3	7	6	0	0	3	1	1	2	1	0	0	0	0	1	1	0	0	0	0	0	0	0	0	0	0	0	0	1	0	0	0	0	0	0	0	0	0	0	0	0	0	0	2	0	0	0	0	0	0	0	0	0	0	0	0	0	0	1	2	0	0	0	0	0	0	0	0	0	0
0.03	south25_all	80	4788	1947	1208	1682	643	898	414	348	334	353	490	317	184	272	355	149	152	107	105	79	221	97	52	118	59	41	47	35	53	34	33	85	29	64	45	38	20	15	11	22	9	11	15	9	31	46	21	10	7	4	2	8	19	7	4	2	9	20	3	4	11	3	9	5	6	2	1	3	8	3	2	1	3	3	3	5	2	1	2	2	2	3	1	1	2	3	3	0	1	1	0	0	1	1	1	2	0	0	0	0	0	0	0	1	1	0	0	0	0	0	4	0	0	0	0	0	0	2	0	0	1	0	0	0	0	1	0	0	0	0	0	0	0	0	0	0	0
0.03	south25_active	80	2633	516	257	1320	179	655	130	115	147	219	417	250	75	208	297	95	96	53	67	32	191	67	11	104	36	16	11	13	39	10	5	73	15	54	34	32	3	5	10	13	4	6	14	0	29	42	18	5	1	1	0	3	16	5	1	0	1	19	1	1	10	0	8	1	2	0	1	3	7	3	0	0	3	1	0	2	1	0	1	2	0	1	1	1	0	1	2	0	0	0	0	0	0	0	0	2	0	0	0	0	0	0	0	0	0	0	0	0	0	0	4	0	0	0	0	0	0	0	0	0	0	0	0	0	0	1	0	0	0	0	0	0	0	0	0	0	0
0.03	south26_all	80	4798	1913	1203	1614	667	895	384	372	333	359	486	310	195	270	356	152	147	121	112	83	236	105	51	114	55	49	45	43	65	34	34	90	26	57	43	53	24	10	10	19	12	14	14	12	43	49	19	10	6	5	5	8	11	6	3	4	8	23	4	6	11	3	9	2	2	1	2	1	9	3	2	3	3	4	3	5	2	2	1	3	3	3	0	2	2	2	3	0	1	0	0	0	0	0	1	2	1	0	0	0	0	0	0	1	0	0	0	0	0	0	2	0	0	0	0	0	0	2	0	0	0	0	0	0	0	1	0	0	0	0	0	0	0	0	0	0	0
0.03	south26_active	80	2623	526	263	1272	171	662	111	116	141	225	415	251	71	211	291	94	100	63	75	35	203	73	15	100	31	17	10	14	44	11	5	80	14	45	38	45	3	3	9	12	6	5	11	1	41	47	18	4	1	1	0	2	7	5	0	1	1	22	1	2	9	0	8	1	1	0	1	1	7	3	0	1	3	1	0	1	0	0	1	2	0	1	0	2	0	1	3	0	0	0	0	0	0	0	0	2	0	0	0	0	0	0	0	0	0	0	0	0	0	0	2	0	0	0	0	0	0	0	0	0	0	0	0	0	0	1	0	0	0	0	0	0	0	0	0	0	0
0.03	south27_all	80	4713	1891	1191	1571	644	920	405	381	347	332	492	297	178	266	359	162	135	114	119	89	215	91	52	109	53	64	39	51	62	36	30	71	23	56	41	56	16	13	15	19	18	17	8	10	46	41	30	8	1	4	9	5	11	6	2	7	8	16	4	7	7	2	4	2	3	1	2	0	3	1	2	5	2	3	3	2	2	2	2	3	3	2	0	3	2	3	4	0	2	0	0	0	1	0	1	2	2	0	0	0	0	0	0	1	0	0	0	0	0	0	2	0	0	0	0	0	0	0	0	0	0	0	0	0	0	1	0	0	0	0	0	0	0	1	0	0	0
0.03	south27_active	80	2541	509	261	1242	191	688	119	117	163	213	413	236	70	183	292	102	90	59	86	38	183	64	14	95	30	29	8	17	40	10	4	63	12	46	38	48	3	5	11	13	9	6	6	3	44	40	24	1	1	0	2	2	7	4	0	3	1	16	1	3	6	0	3	1	1	0	1	0	1	1	0	1	1	0	0	0	0	0	1	2	0	0	0	2	0	2	4	0	1	0	0	0	0	0	0	2	1	0	0	0	0	0	0	0	0	0	0	0	0	0	2	0	0	0	0	0	0	0	0	0	0	0	0	0	0	1	0	0	0	0	0	0	0	0	0	0	0
0.03	south28_all	80	4536	1858	1235	1466	670	853	450	375	341	331	438	254	180	233	289	170	148	100	113	89	188	77	64	88	43	65	36	51	65	28	24	71	23	43	28	55	23	21	22	19	14	16	8	13	34	20	24	5	4	9	9	4	14	1	1	9	5	14	5	10	18	6	1	1	3	1	2	0	1	2	2	4	3	3	0	1	1	2	1	1	2	2	1	3	1	4	4	0	1	0	0	0	1	0	0	0	2	0	0	0	1	0	0	2	0	0	0	0	0	0	0	0	0	0	0	0	0	0	0	0	0	0	0	0	0	0	0	0	0	0	0	0	0	1	0	0	0
0.03	south28_active	80	2320	488	279	1099	190	612	136	103	164	221	357	186	69	155	225	104	91	58	80	40	154	54	17	68	25	28	7	17	36	5	4	67	14	32	24	46	7	8	17	13	6	5	4	3	31	18	17	0	2	1	2	1	9	0	0	4	0	13	1	5	17	1	1	0	1	0	1	0	0	2	0	1	2	0	0	0	0	0	0	0	0	0	1	1	0	3	4	0	1	0	0	0	0	0	0	0	1	0	0	0	1	0	0	1	0	0	0	0	0	0	0	0	0	0	0	0	0	0	0	0	0	0	0	0	0	0	0	0	0	0	0	0	0	0	0	0	0
0.03	south29_all	80	4620	1816	1266	1566	654	862	462	380	327	369	461	283	175	241	300	188	142	111	134	85	222	86	67	119	35	67	36	54	63	31	24	90	23	57	16	60	18	22	26	21	19	16	14	14	38	13	27	5	5	11	11	1	12	2	1	6	4	19	4	6	23	5	1	2	4	2	1	1	8	3	2	2	3	5	0	1	1	1	2	0	0	1	1	3	0	2	3	0	1	0	0	0	1	0	0	0	1	0	0	0	1	0	0	1	0	1	0	0	0	0	0	0	0	0	0	0	0	0	0	0	0	0	0	0	0	0	0	0	0	0	0	0	0	1	0	0	0
0.03	south29_active	80	2408	485	294	1222	194	628	160	120	166	248	383	198	70	160	249	113	85	64	94	30	191	60	20	97	20	32	8	21	35	9	4	85	10	50	12	53	6	8	20	14	10	10	9	2	36	12	20	2	2	2	3	1	8	1	0	3	1	18	1	3	22	1	1	1	0	0	1	0	6	3	0	0	2	2	0	0	0	0	1	0	0	0	1	1	0	2	3	0	1	0	0	0	0	0	0	0	1	0	0	0	1	0	0	1	0	0	0	0	0	0	0	0	0	0	0	0	0	0	0	0	0	0	0	0	0	0	0	0	0	0	0	0	0	0	0	0	0
0.03	south30_all	80	4870	1856	1261	1822	661	898	440	356	327	398	572	326	194	253	385	200	167	108	157	91	270	103	65	147	45	58	38	55	58	34	30	114	25	79	23	64	18	23	37	19	14	19	17	13	35	13	21	9	6	15	10	3	15	6	3	6	5	30	6	6	20	5	1	4	4	3	2	2	8	3	0	4	1	6	0	0	0	1	3	0	0	1	1	2	0	1	2	0	1	0	0	0	0	0	0	1	0	0	0	0	1	0	0	1	0	1	0	0	0	0	0	0	1	0	1	0	0	0	0	0	0	0	0	0	0	0	0	0	0	0	0	0	0	1	0	0	0
0.03	south30_active	80	2688	531	307	1484	205	687	161	120	165	259	494	244	76	193	346	136	111	61	119	40	244	68	17	114	22	26	9	27	40	7	6	109	11	71	20	57	4	10	30	12	6	13	10	2	29	11	18	4	2	6	2	1	13	4	2	4	1	29	2	2	20	1	1	3	0	0	2	0	6	3	0	3	1	2	0	0	0	0	1	0	0	0	1	1	0	1	2	0	1	0	0	0	0	0	0	1	0	0	0	0	1	0	0	1	0	0	0	0	0	0	0	0	0	0	1	0	0	0	0	0	0	0	0	0	0	0	0	0	0	0	0	0	0	0	0	0	0
0.03	south31_all	80	5019	1849	1235	1878	705	1015	481	387	388	407	658	365	186	293	397	170	155	124	135	91	294	128	61	134	53	62	51	47	61	33	25	96	35	74	36	73	17	19	23	19	21	18	20	9	31	36	24	11	8	8	4	5	12	16	7	8	5	4	6	4	22	1	2	5	4	2	6	2	9	4	2	3	0	2	2	0	1	1	0	2	0	2	0	3	4	1	1	2	1	1	6	1	0	1	1	0	0	0	0	0	0	1	0	0	0	0	0	0	0	0	0	1	0	1	0	0	0	0	1	0	0	0	0	0	1	0	0	0	3	0	0	0	1	0	0	0	0
0.03	south31_active	80	2968	516	302	1589	222	768	177	134	208	298	585	292	78	219	356	120	106	72	90	42	265	93	18	112	33	31	14	15	50	12	8	89	19	65	28	63	6	9	16	11	8	11	14	0	29	31	23	6	2	2	0	2	10	10	3	3	2	4	2	1	21	0	1	2	0	0	6	0	8	4	0	1	0	1	2	0	1	1	0	0	0	1	0	1	0	1	0	0	1	0	5	1	0	0	0	0	0	0	0	0	0	0	0	0	0	0	0	0	0	0	0	0	0	1	0	0	0	0	1	0	0	0	0	0	0	0	0	0	3	0	0	0	1	0	0	0	0
0.03	south32_all	80	4677	1903	1252	1646	706	929	479	386	374	384	570	382	188	279	327	169	162	111	134	90	254	108	61	123	56	55	55	50	59	26	18	58	38	54	35	37	21	18	19	17	22	18	15	12	22	39	31	11	8	7	6	6	13	10	4	6	4	6	7	2	20	0	4	6	3	2	5	2	8	4	2	3	2	2	4	0	1	1	0	2	1	1	0	2	1	1	1	2	0	0	4	0	0	1	1	0	0	0	0	0	1	1	0	0	0	0	0	0	0	0	0	0	0	2	0	0	0	0	1	0	0	0	0	0	1	0	0	0	3	0	0	0	1	0	0	0	0
0.03	south32_active	80	2545	504	286	1346	211	652	177	118	190	272	487	309	80	199	282	109	103	58	96	37	225	70	20	99	37	26	15	12	43	7	5	54	19	44	24	30	5	8	12	12	9	9	10	1	20	32	30	6	2	2	1	2	10	5	2	3	2	5	3	0	14	0	3	2	0	0	5	0	7	4	0	1	1	1	3	0	1	1	0	1	0	1	0	0	0	1	0	0	0	0	3	0	0	0	0	0	0	0	0	0	1	0	0	0	0	0	0	0	0	0	0	0	0	2	0	0	0	0	1	0	0	0	0	0	0	0	0	0	3	0	0	0	1	0	0	0	0
0.03	south33_all	80	4586	1968	1236	1509	711	826	449	363	358	373	472	358	176	284	291	156	126	117	123	89	189	83	66	112	53	54	51	52	54	27	22	47	34	62	28	27	24	25	26	22	23	20	17	14	36	37	29	10	9	10	8	9	9	6	3	5	6	12	5	2	10	1	5	6	3	1	5	2	3	5	3	2	4	2	2	0	1	1	1	2	1	0	1	1	3	0	0	0	0	0	3	0	0	1	0	0	0	0	0	0	2	0	0	0	0	0	0	0	0	0	0	0	0	1	0	0	0	0	1	0	0	0	0	0	0	0	0	0	3	0	0	2	0	0	0	0	0
0.03	south33_active	80	2416	516	292	1180	190	557	148	95	165	254	383	285	71	197	246	102	74	61	73	38	162	55	17	89	30	27	11	17	35	5	6	41	18	50	18	23	5	9	17	14	8	10	14	2	34	29	27	6	3	1	2	3	8	3	3	2	2	10	2	0	4	0	3	2	1	0	5	0	2	5	0	1	3	1	1	0	1	1	0	1	0	0	0	0	0	0	0	0	0	0	3	0	0	0	0	0	0	0	0	0	2	0	0	0	0	0	0	0	0	0	0	0	0	1	0	0	0	0	1	0	0	0	0	0	0	0	0	0	3	0	0	2	0	0	0	0	0
0.03	south34_all	80	4732	1937	1236	1732	676	925	437	367	368	404	566	371	186	316	341	178	137	140	138	92	250	95	63	136	57	69	46	44	56	37	27	74	28	62	29	23	23	21	24	28	19	20	14	14	47	25	46	8	9	10	10	5	10	6	4	5	6	28	4	2	7	3	10	8	1	1	7	3	3	3	3	1	4	1	2	0	1	0	1	2	2	0	3	0	2	2	1	0	0	0	0	3	0	0	0	0	0	0	0	0	2	0	0	0	0	0	0	0	0	0	0	0	0	1	0	0	0	0	0	0	0	0	0	0	0	0	0	0	0	0	0	2	0	0	0	0	0
0.03	south34_active	80	2611	553	311	1412	196	660	157	109	186	278	467	302	68	238	293	113	84	86	96	45	224	69	20	116	33	33	12	17	43	7	10	71	14	54	20	19	5	8	17	19	6	14	13	3	44	19	44	3	4	3	3	2	9	3	3	1	2	26	2	0	2	0	9	3	1	0	7	0	2	3	0	1	3	1	1	0	1	0	0	1	1	0	2	0	0	2	1	0	0	0	0	3	0	0	0	0	0	0	0	0	2	0	0	0	0	0	0	0	0	0	0	0	0	1	0	0	0	0	0	0	0	0	0	0	0	0	0	0	0	0	0	2	0	0	0	0	0
0.03	south35_all	80	5006	1925	1224	2012	654	1011	430	341	371	439	714	404	188	340	424	187	156	131	154	85	295	111	64	146	64	70	41	41	59	38	28	109	24	66	54	32	21	15	28	29	23	24	27	14	58	26	50	5	9	8	8	3	13	7	3	6	7	37	3	7	3	3	7	8	1	0	6	2	1	5	2	0	5	1	1	0	0	0	1	1	1	0	3	2	2	3	1	0	0	0	0	3	1	0	0	0	0	0	0	0	1	0	0	0	0	1	0	0	0	0	0	0	0	1	0	1	0	0	0	0	0	0	1	0	0	0	0	0	0	0	0	2	0	0	0	0	0
0.03	south35_active	80	2947	590	297	1681	199	781	162	107	195	304	617	336	74	262	370	121	108	88	110	50	273	89	18	124	37	36	11	17	47	10	9	104	12	58	44	27	7	4	22	21	6	17	23	2	56	20	46	2	5	3	3	1	5	4	1	1	3	35	2	3	3	0	6	4	1	0	4	0	1	4	0	0	4	1	1	0	0	0	0	0	1	0	2	0	0	3	1	0	0	0	0	3	0	0	0	0	0	0	0	0	1	0	0	0	0	1	0	0	0	0	0	0	0	1	0	1	0	0	0	0	0	0	0	0	0	0	0	0	0	0	0	2	0	0	0	0	0
0.03	south36_all	80	5224	1878	1218	2280	632	1147	443	348	381	452	733	429	206	331	489	194	190	137	167	82	345	124	66	181	64	61	34	41	64	36	32	125	25	65	64	61	26	10	26	29	20	25	25	13	62	26	58	7	8	5	8	1	18	8	4	5	6	31	3	7	6	3	7	4	0	4	11	3	1	5	3	1	3	0	1	0	0	0	0	1	1	0	3	2	0	3	2	0	0	1	0	3	1	1	0	1	0	1	0	0	0	0	0	0	0	2	0	0	0	0	0	0	0	1	0	1	0	0	0	0	0	0	1	1	0	0	0	0	0	0	0	0	0	0	0	0	0
0.03	south36_active	80	3235	611	306	1965	211	931	172	125	211	338	643	362	92	268	438	134	139	92	129	46	324	103	17	161	39	30	12	14	54	11	12	121	16	58	55	57	10	3	22	18	5	18	20	3	60	22	55	4	5	3	3	0	9	5	0	1	4	31	1	3	6	0	6	3	0	1	9	0	1	4	0	1	3	0	1	0	0	0	0	0	1	0	2	0	0	3	2	0	0	0	0	3	0	0	0	0	0	1	0	0	0	0	0	0	0	1	0	0	0	0	0	0	0	1	0	1	0	0	0	0	0	0	0	0	0	0	0	0	0	0	0	0	0	0	0	0	0
0.03	south37_all	80	5277	1896	1185	2237	613	1117	456	340	412	445	770	424	211	312	491	192	213	125	185	75	338	128	63	178	66	50	32	41	59	31	25	129	18	60	71	84	18	13	23	29	22	27	30	15	62	23	41	9	9	5	10	4	30	6	6	5	6	25	3	8	44	3	11	7	1	5	8	2	7	4	2	1	4	1	1	0	2	1	1	2	0	0	0	2	0	4	1	2	0	1	0	0	1	1	0	2	0	1	0	0	0	0	0	0	0	2	0	0	0	0	0	0	0	1	0	1	0	0	0	0	0	0	1	1	0	0	0	0	1	0	0	0	0	0	0	0	0
0.03	south37_active	80	3257	637	289	1940	211	891	172	119	237	327	682	348	104	245	443	133	154	72	133	40	325	106	13	156	40	26	11	11	49	14	8	125	11	53	57	76	7	8	19	22	10	18	23	3	61	17	38	5	6	3	4	1	16	4	3	2	4	25	2	3	44	1	8	6	0	1	6	0	7	3	1	1	3	1	1	0	2	0	1	1	0	0	0	0	0	4	1	1	0	0	0	0	0	0	0	1	0	1	0	0	0	0	0	0	0	1	0	0	0	0	0	0	0	1	0	1	0	0	0	0	0	0	0	0	0	0	0	0	0	0	0	0	0	0	0	0	0
0.03	south38_all	80	5345	1882	1144	2296	597	1089	465	342	404	437	693	446	214	310	423	193	181	121	171	76	315	114	67	159	72	48	33	39	62	39	22	103	16	67	65	95	19	22	20	29	19	27	24	17	44	32	39	8	7	2	7	6	20	7	5	4	6	13	3	4	45	2	8	6	2	5	5	2	8	3	3	2	5	2	1	0	2	2	2	1	1	0	0	1	0	3	1	2	0	1	0	3	2	1	2	2	1	3	1	0	0	0	0	0	0	1	1	0	0	0	0	0	0	1	1	0	0	0	0	0	0	0	1	1	0	0	0	0	1	0	0	0	0	0	0	0	0
0.03	south38_active	80	3354	616	274	1981	208	865	182	108	236	325	613	368	97	249	383	142	133	66	122	39	298	96	13	137	44	27	11	10	49	12	7	98	10	59	52	83	4	9	15	21	8	12	19	4	43	26	39	4	2	0	4	1	12	4	3	2	2	12	1	1	45	1	5	6	0	1	5	0	8	2	2	2	4	1	1	0	2	1	1	1	0	0	0	0	0	3	1	1	0	0	0	3	1	0	0	1	0	3	1	0	0	0	0	0	0	0	0	0	0	0	0	0	0	1	1	0	0	0	0	0	0	0	1	0	0	0	0	0	0	0	0	0	0	0	0	0	0
0.03	south39_all	80	5295	1885	1132	2323	597	1060	471	350	390	462	705	493	198	293	461	205	190	139	189	87	327	158	65	161	67	51	41	38	68	36	22	112	23	73	56	70	20	29	24	29	21	29	28	14	53	21	50	6	7	5	4	6	27	5	6	3	3	30	8	1	46	3	9	9	4	5	2	2	12	1	4	1	5	3	0	0	2	3	2	1	1	0	0	1	0	4	1	4	1	1	0	7	1	0	2	1	1	2	1	0	0	0	0	0	0	1	1	0	0	0	0	0	0	0	1	0	0	0	0	0	0	0	1	0	0	0	0	0	1	0	0	0	0	0	0	0	0
0.03	south39_active	80	3350	616	279	1982	207	824	189	137	214	336	628	421	91	228	424	141	139	69	135	44	305	133	17	144	38	32	16	12	56	12	4	107	15	64	46	55	3	15	17	24	10	17	24	3	51	17	49	3	1	0	2	2	18	2	3	2	0	29	2	0	45	1	6	8	0	2	1	0	12	1	2	1	4	2	0	0	2	1	1	1	0	0	0	0	0	4	1	3	1	0	0	7	1	0	0	1	0	2	1	0	0	0	0	0	0	0	0	0	0	0	0	0	0	0	1	0	0	0	0	0	0	0	1	0	0	0	0	0	0	0	0	0	0	0	0	0	0
0.03	south40_all	80	5333	1904	1118	2265	631	1043	452	375	385	462	758	495	178	295	437	204	203	157	159	85	305	150	66	149	68	55	46	42	75	36	18	120	27	81	55	53	18	24	20	22	27	22	28	12	61	24	57	6	12	8	2	5	35	5	7	3	4	28	9	1	17	1	7	9	4	5	5	1	9	1	4	1	5	3	1	0	0	3	1	2	2	0	0	1	0	1	12	3	2	0	4	8	4	0	2	0	2	2	1	0	0	0	1	0	0	1	1	0	0	0	0	0	0	0	1	0	0	0	0	0	0	0	1	0	0	0	0	0	0	0	0	0	0	0	0	0	0
0.03	south40_active	80	3359	624	293	1891	219	812	184	148	216	345	680	425	77	223	402	146	150	90	114	39	281	122	18	134	34	33	17	22	59	11	2	110	18	72	47	39	2	11	15	19	10	12	26	2	58	22	55	3	1	0	2	3	30	2	3	2	0	27	2	0	15	0	6	7	0	4	1	0	9	1	2	1	4	2	0	0	0	2	0	0	0	0	0	0	0	1	12	3	2	0	4	8	2	0	0	0	0	2	1	0	0	0	0	0	0	0	0	0	0	0	0	0	0	0	1	0	0	0	0	0	0	0	1	0	0	0	0	0	0	0	0	0	0	0	0	0	0
