label	Group	numOtus	Otu0	Otu1	Otu2	Otu3	Otu4	Otu5	Otu6	Otu7	Otu8	Otu9	Otu10	Otu11	Otu12	Otu13	Otu14	Otu15	Otu16	Otu17	Otu18	Otu19	Otu20	Otu21	Otu22	Otu23	Otu24	Otu25	Otu26	Otu27	Otu28	Otu29	Otu30	Otu31	Otu32	Otu33	Otu34	Otu35	Otu36	Otu37	Otu38	Otu39	Otu40	Otu41	Otu42	Otu43	Otu44	Otu45	Otu46	Otu47	Otu48	Otu49	Otu50	Otu51	Otu52	Otu53	Otu54	Otu55	Otu56	Otu57	Otu58	Otu59	Otu60	Otu61	Otu62	Otu63	Otu64	Otu65	Otu66	Otu67	Otu68	Otu69	Otu70	Otu71	Otu72	Otu73	Otu74	Otu75	Otu76	Otu77	Otu78	Otu79	Otu80	Otu81	Otu82	Otu83	Otu84	Otu85	Otu86	Otu87	Otu88	Otu89	Otu90	Otu91	Otu92	Otu93	Otu94	Otu95	Otu96	Otu97	Otu98	Otu99	Otu100	Otu101	Otu102	Otu103	Otu104	Otu105	Otu106	Otu107	Otu108	Otu109
0.03	north1_all	80	15892	4834	5888	2200	2236	1095	878	757	1173	1105	715	367	358	607	470	326	212	162	323	135	113	97	78	79	79	57	115	52	58	33	82	74	34	33	25	47	25	21	18	28	13	13	13	10	13	6	13	19	10	8	9	8	2	7	1	3	5	2	9	3	6	4	2	0	1	0	0	0	0	0	1	1	0	4	0	1	0	0	2	1	0	2	0	0	0	1	1	0	5	0	0	0	0	0	0	0	0	0	0	0	0	0	0	0	0	0	0	0	0	0
0.03	north1_active	80	11991	2459	4926	1233	1676	443	365	329	900	949	530	150	211	498	379	255	131	62	271	81	42	49	20	22	34	23	87	16	33	15	73	63	13	21	6	37	22	13	8	14	9	3	5	3	10	1	12	17	6	1	5	3	0	6	1	0	3	1	8	0	5	1	0	0	1	0	0	0	0	0	0	1	0	3	0	0	0	0	1	0	0	0	0	0	0	0	1	0	4	0	0	0	0	0	0	0	0	0	0	0	0	0	0	0	0	0	0	0	0	0
0.03	north2_all	80	16777	5016	6347	2188	2358	1132	897	787	1226	1236	696	386	354	625	516	364	217	150	364	140	126	114	73	79	88	64	122	57	57	39	86	84	39	34	25	55	30	23	19	24	15	10	14	17	12	9	10	17	6	7	7	11	3	7	4	2	4	1	12	4	3	3	3	0	1	0	0	0	0	0	2	0	0	3	0	0	1	0	1	0	0	2	0	0	0	1	1	0	5	0	0	0	0	0	0	0	0	0	0	0	0	0	0	0	0	0	0	0	0	0
0.03	north2_active	80	13072	2721	5369	1269	1804	476	390	355	967	1078	515	167	212	514	433	300	142	61	309	82	59	64	13	25	40	34	87	22	34	20	75	71	19	26	7	45	26	15	7	15	9	5	5	11	10	3	9	14	2	2	5	7	1	6	1	0	3	0	11	1	2	1	1	0	1	0	0	0	0	0	0	0	0	3	0	0	0	0	0	0	0	0	0	0	0	1	1	0	4	0	0	0	0	0	0	0	0	0	0	0	0	0	0	0	0	0	0	0	0	0
0.03	north3_all	80	16960	5009	6433	2194	2343	1147	948	783	1196	1257	704	398	355	650	539	386	192	162	355	130	129	115	71	75	80	70	106	46	54	35	101	77	39	42	16	36	32	17	17	15	14	16	20	17	8	8	8	22	7	7	11	8	4	6	6	2	2	2	7	7	3	5	2	1	2	0	0	0	0	0	3	0	0	4	1	1	1	0	3	0	0	2	0	0	0	1	1	0	4	0	0	0	0	0	0	0	0	0	0	0	0	0	0	0	0	0	0	0	0	0
0.03	north3_active	80	13308	2766	5459	1278	1790	477	430	347	946	1098	536	176	216	535	453	317	126	68	301	77	64	63	14	25	42	39	75	20	32	14	90	68	22	34	4	31	27	10	6	8	7	5	12	12	6	3	6	20	6	3	9	5	1	6	2	1	1	1	7	3	3	3	1	1	1	0	0	0	0	0	0	0	0	4	0	0	0	0	3	0	0	0	0	0	0	1	1	0	4	0	0	0	0	0	0	0	0	0	0	0	0	0	0	0	0	0	0	0	0	0
0.03	north4_all	80	16874	4989	6486	2179	2376	1192	975	752	1141	1276	744	387	367	632	565	363	213	140	387	137	140	111	84	77	72	65	98	53	62	33	97	82	30	38	11	26	43	13	14	10	16	20	17	18	6	9	7	14	10	4	8	7	4	7	5	5	0	1	5	4	1	5	1	3	1	0	3	2	1	1	3	0	1	1	2	2	1	0	3	1	0	0	0	0	0	1	0	0	4	0	0	0	0	0	0	1	0	0	0	0	0	0	0	0	0	0	0	0	1	0
0.03	north4_active	80	13172	2719	5512	1251	1822	523	427	313	918	1107	575	178	225	521	489	303	129	65	342	81	67	54	18	22	39	36	63	19	41	13	84	73	19	27	2	24	34	7	6	5	9	6	14	13	4	4	5	11	5	3	7	5	1	6	1	3	0	1	4	3	1	3	1	1	0	0	3	2	0	1	0	0	1	1	1	1	0	0	3	0	0	0	0	0	0	1	0	0	4	0	0	0	0	0	0	1	0	0	0	0	0	0	0	0	0	0	0	0	0	0
0.03	north5_all	80	16652	4924	6631	2223	2433	1196	981	735	1157	1331	729	383	351	607	591	381	204	168	375	149	144	104	92	70	64	65	93	55	51	27	91	75	48	40	11	34	44	18	13	18	17	22	20	8	9	10	9	18	12	3	7	6	2	6	6	5	1	1	3	5	1	5	2	5	3	0	3	2	1	2	4	1	1	1	2	2	1	0	3	1	0	0	0	0	0	0	0	0	0	0	0	0	0	0	0	1	0	0	0	0	0	0	0	0	0	0	0	0	1	1
0.03	north5_active	80	12951	2646	5652	1258	1899	539	426	300	958	1158	571	170	219	512	515	319	120	68	328	83	71	43	22	19	36	40	63	16	32	12	78	69	37	27	3	31	31	8	8	6	10	7	16	6	6	6	6	15	5	3	5	3	0	4	2	3	1	1	2	4	1	4	0	2	2	0	3	2	0	1	2	1	1	1	1	1	0	0	3	0	0	0	0	0	0	0	0	0	0	0	0	0	0	0	0	1	0	0	0	0	0	0	0	0	0	0	0	0	0	1
0.03	north6_all	80	16806	4872	6553	2208	2467	1258	960	746	1242	1278	723	388	361	606	525	347	218	149	348	147	128	110	99	73	66	74	86	52	59	25	70	72	46	38	15	38	44	21	17	21	26	21	23	10	12	14	10	9	18	6	5	5	2	6	2	5	5	0	4	2	1	4	2	4	2	1	3	2	1	3	3	1	2	0	1	2	0	0	0	1	0	1	0	0	0	0	0	0	0	0	0	0	0	0	0	1	0	0	0	0	0	0	0	0	0	0	0	0	1	1
0.03	north6_active	80	13077	2575	5594	1228	1919	566	406	312	1030	1106	560	185	211	511	449	294	129	55	311	94	58	52	21	23	31	43	60	11	41	14	55	64	34	27	5	36	27	10	9	7	14	6	18	6	9	10	6	7	11	3	3	1	0	4	2	3	3	0	2	1	0	2	0	1	2	0	3	2	0	2	2	1	2	0	1	1	0	0	0	0	0	1	0	0	0	0	0	0	0	0	0	0	0	0	0	1	0	0	0	0	0	0	0	0	0	0	0	0	0	1
0.03	north7_all	80	16918	4904	6482	2261	2527	1223	924	776	1201	1328	670	387	332	588	507	330	227	163	374	158	108	113	94	75	53	77	90	56	47	29	64	60	55	37	24	46	29	23	21	23	32	20	19	13	11	16	11	7	15	6	6	5	0	5	6	6	7	1	5	4	1	4	2	3	2	1	2	0	0	2	4	1	3	2	1	1	0	0	0	1	0	1	0	0	0	0	0	3	0	0	0	0	0	0	0	0	0	1	0	0	0	0	0	0	0	0	0	0	0	1
0.03	north7_active	80	13135	2584	5521	1258	1975	539	383	329	969	1162	516	165	185	492	425	274	132	57	328	93	52	51	23	23	18	49	69	16	31	13	51	43	34	25	6	41	18	12	11	10	15	8	15	9	8	13	8	6	12	2	3	0	0	3	4	3	5	1	3	1	0	1	0	1	2	0	1	0	0	1	2	1	1	1	0	0	0	0	0	0	0	1	0	0	0	0	0	3	0	0	0	0	0	0	0	0	0	0	0	0	0	0	0	0	0	0	0	0	0	1
0.03	north8_all	80	15995	4838	5871	2261	2455	1182	906	768	1146	1262	651	377	326	543	470	304	232	149	354	158	103	110	94	67	60	74	73	41	47	28	51	57	47	34	26	40	25	22	22	21	26	15	22	15	8	12	13	6	16	10	7	6	0	5	7	6	8	1	5	4	2	3	0	2	2	1	2	0	0	1	1	0	3	2	1	1	0	1	0	0	1	1	0	0	0	1	0	3	0	0	0	0	0	0	0	0	0	1	0	0	0	0	0	0	0	0	0	0	0	0
0.03	north8_active	80	12057	2504	4917	1201	1899	482	364	322	911	1080	478	156	166	443	386	231	128	58	301	88	49	53	22	21	16	39	56	12	32	11	38	36	26	23	6	35	11	11	8	9	10	6	18	9	7	9	8	6	15	2	3	1	0	4	3	2	5	1	3	1	0	1	0	0	2	0	1	0	0	1	0	0	1	1	0	0	0	1	0	0	1	1	0	0	0	0	0	3	0	0	0	0	0	0	0	0	0	0	0	0	0	0	0	0	0	0	0	0	0	0
0.03	north9_all	80	15128	4812	5419	2232	2254	1128	918	755	1024	1148	616	366	321	518	452	293	224	154	324	142	103	111	92	73	59	72	80	42	52	33	50	47	44	43	24	43	25	19	18	20	22	17	17	19	6	11	11	4	15	8	4	6	0	4	9	6	8	2	3	3	1	2	0	2	0	1	3	1	0	0	1	1	2	2	1	0	0	1	0	0	1	1	1	0	0	1	0	3	0	0	0	0	0	0	0	0	0	1	0	0	0	0	0	0	0	0	0	0	0	0
0.03	north9_active	80	11049	2329	4479	1146	1679	431	339	283	768	955	419	136	160	405	351	211	125	58	274	68	47	46	30	15	13	36	58	14	33	8	40	25	17	29	4	38	15	9	6	9	9	6	12	15	5	6	8	3	13	1	2	1	0	1	3	2	7	2	2	1	0	0	0	0	0	1	1	1	0	0	0	0	0	1	0	0	0	1	0	0	1	1	1	0	0	0	0	3	0	0	0	0	0	0	0	0	0	0	0	0	0	0	0	0	0	0	0	0	0	0
0.03	north10_all	80	14743	4855	5330	2201	2183	1109	892	724	963	1074	636	352	313	446	419	291	204	159	273	137	123	117	90	73	60	68	85	35	50	38	57	51	44	33	22	55	30	13	18	14	19	17	14	20	9	10	16	11	7	6	7	7	0	3	7	5	7	4	2	3	1	1	0	3	0	3	4	4	0	2	0	3	0	1	1	0	1	1	0	0	1	0	2	0	0	1	0	0	0	0	0	0	0	0	0	0	0	0	0	0	0	0	0	0	0	0	1	0	0	0
0.03	north10_active	80	10529	2362	4358	1141	1602	423	300	278	717	890	437	126	155	341	327	205	107	62	222	67	59	57	25	9	16	30	57	11	32	8	44	34	21	18	3	49	22	5	5	5	11	7	9	17	6	6	12	9	5	1	5	3	0	1	0	1	6	4	2	1	0	1	0	1	0	2	1	3	0	2	0	1	0	0	0	0	0	1	0	0	1	0	2	0	0	0	0	0	0	0	0	0	0	0	0	0	0	0	0	0	0	0	0	0	0	0	1	0	0	0
0.03	north11_all	80	14492	4780	5592	2171	2107	1136	913	724	1017	981	602	339	329	442	502	344	217	175	327	137	116	112	92	78	83	63	79	45	68	41	67	57	32	37	22	57	20	15	17	18	14	8	19	4	12	7	8	12	7	6	7	3	2	3	6	6	2	3	4	2	7	1	2	0	1	6	1	4	0	2	0	0	3	3	1	0	0	1	0	0	1	1	1	1	0	1	1	0	0	0	0	0	0	0	5	0	0	0	0	0	1	0	0	1	0	0	0	0	0	0
0.03	north11_active	80	10455	2266	4542	1153	1476	434	335	280	758	781	426	136	170	346	397	246	122	64	282	79	51	56	28	23	30	29	53	12	41	12	51	45	22	21	7	50	14	6	4	8	12	5	11	3	10	5	6	7	4	0	4	1	2	0	3	2	1	2	3	0	5	0	1	0	0	6	0	0	0	1	0	0	1	3	1	0	0	1	0	0	0	1	0	0	0	0	0	0	0	0	0	0	0	0	5	0	0	0	0	0	0	0	0	1	0	0	0	0	0	0
0.03	north12_all	80	15509	4945	6171	2222	2221	1157	921	757	1099	1073	663	363	350	528	539	331	207	165	368	158	121	116	85	73	79	54	83	41	75	49	64	60	36	45	31	59	31	18	13	17	22	8	27	4	16	8	9	22	6	5	4	5	3	2	7	5	2	3	10	2	7	4	4	1	2	7	2	3	1	2	0	0	2	3	1	1	0	1	0	0	0	1	1	1	0	1	2	0	0	0	0	0	0	1	5	0	0	0	0	0	0	0	0	1	0	0	0	0	0	0
0.03	north12_active	80	11573	2508	5175	1215	1617	473	366	310	844	878	475	151	190	421	434	246	110	58	323	90	53	64	24	22	30	18	55	13	46	13	48	51	28	33	9	53	19	8	4	8	19	4	19	3	10	6	7	18	4	0	2	3	2	0	5	2	1	2	9	0	5	2	3	1	0	7	1	0	1	1	0	0	1	3	1	0	0	1	0	0	0	1	0	0	0	0	0	0	0	0	0	0	0	0	5	0	0	0	0	0	0	0	0	1	0	0	0	0	0	0
0.03	north13_all	80	16626	5004	6624	2233	2302	1156	941	751	1186	1156	652	360	353	561	558	388	234	174	382	167	133	108	82	75	77	58	80	49	58	49	75	67	43	50	27	48	28	21	16	17	23	15	30	7	13	7	10	21	8	4	3	2	2	1	7	3	2	2	11	2	6	4	3	1	2	6	3	4	2	3	0	1	2	5	1	1	0	1	0	2	0	1	0	0	0	1	1	0	0	0	0	0	1	1	5	0	0	0	0	0	0	0	0	0	0	0	0	0	0	0
0.03	north13_active	80	12850	2682	5624	1263	1723	516	393	318	966	981	480	170	191	469	461	306	130	72	337	89	60	62	25	25	28	24	51	12	41	18	60	56	34	36	8	45	16	8	6	8	19	5	22	6	8	6	8	18	5	0	1	2	1	0	6	1	1	1	10	0	4	2	2	1	0	6	3	1	1	2	0	1	1	5	1	0	0	1	0	1	0	1	0	0	0	0	0	0	0	0	0	0	1	0	5	0	0	0	0	0	0	0	0	0	0	0	0	0	0	0
0.03	north14_all	80	17079	5027	6666	2250	2439	1171	931	786	1224	1354	724	365	375	582	533	420	230	155	406	159	138	123	81	77	67	62	74	62	55	49	75	54	38	55	25	42	35	19	12	19	21	14	38	11	19	4	11	20	13	5	2	2	1	6	5	2	3	1	9	3	2	3	3	2	2	1	3	7	2	1	0	1	1	4	0	1	0	0	0	2	0	0	1	0	0	1	1	0	0	0	0	0	1	1	5	0	0	0	0	0	0	0	0	0	1	0	0	0	0	0
0.03	north14_active	80	13384	2740	5711	1247	1859	531	390	329	1025	1178	533	177	203	487	445	346	123	69	352	84	61	71	23	20	32	27	49	21	37	17	58	44	27	39	5	38	22	7	8	8	17	4	32	9	10	4	10	18	9	1	0	2	0	0	3	0	1	0	9	2	1	2	2	2	0	1	3	6	1	1	0	1	0	4	0	0	0	0	0	1	0	0	1	0	0	0	0	0	0	0	0	0	1	0	5	0	0	0	0	0	0	0	0	0	0	0	0	0	0	0
0.03	north15_all	80	16970	4939	6565	2237	2453	1138	939	737	1181	1326	730	351	383	545	538	427	235	155	393	163	139	128	78	78	68	74	71	64	48	42	87	54	31	51	19	39	23	22	16	20	16	19	32	11	16	4	9	13	12	4	5	0	2	10	7	1	1	2	1	6	2	2	3	1	1	1	3	8	2	2	1	2	0	2	0	0	0	0	0	2	0	0	1	0	0	0	0	0	0	1	0	0	1	0	0	0	0	0	0	0	0	0	0	0	1	0	0	0	0	0
0.03	north15_active	80	13325	2651	5603	1217	1856	514	398	299	981	1171	538	169	215	458	459	342	129	76	338	84	56	77	22	20	31	40	47	22	31	18	66	46	22	35	7	34	15	8	11	10	13	5	27	8	8	3	5	12	8	1	1	0	0	4	3	0	0	1	1	5	2	1	2	1	0	0	3	8	1	2	0	1	0	2	0	0	0	0	0	1	0	0	1	0	0	0	0	0	0	1	0	0	1	0	0	0	0	0	0	0	0	0	0	0	0	0	0	0	0	0
0.03	north16_all	80	16453	5036	6282	2302	2497	1163	890	776	1107	1351	733	366	395	541	541	395	213	152	385	156	132	140	77	75	66	79	70	58	43	40	77	63	31	47	24	54	26	18	18	13	19	14	30	15	14	4	7	7	12	5	6	3	2	10	7	0	1	3	1	6	2	0	4	3	1	1	4	7	1	1	2	2	0	0	0	0	0	0	0	1	0	1	1	0	0	0	0	0	0	1	0	0	1	0	0	0	0	0	0	0	0	0	0	0	1	0	7	0	0	0
0.03	north16_active	80	12736	2706	5359	1253	1889	511	367	309	897	1189	547	167	222	452	464	307	114	83	333	86	52	85	21	19	31	36	52	17	26	16	54	54	19	31	9	47	17	6	11	5	17	4	26	8	7	3	3	3	8	1	2	1	0	5	2	0	0	2	1	5	2	0	3	3	0	0	4	7	1	1	0	1	0	0	0	0	0	0	0	0	0	0	1	0	0	0	0	0	0	1	0	0	1	0	0	0	0	0	0	0	0	0	0	0	0	0	7	0	0	0
0.03	north17_all	80	15666	5006	5751	2236	2353	1157	882	757	1035	1194	682	389	376	520	536	330	201	149	344	152	128	116	83	72	70	80	73	47	35	49	68	62	28	40	27	47	26	17	21	18	18	14	25	15	19	6	8	8	10	3	14	7	4	8	6	4	2	3	7	5	3	0	3	3	0	1	2	2	1	1	2	1	0	0	0	0	0	0	0	0	0	2	0	0	0	0	0	0	0	1	0	0	0	0	0	0	0	0	0	0	0	0	0	0	1	0	7	0	0	0
0.03	north17_active	80	11676	2555	4780	1170	1706	454	342	291	795	1043	508	159	212	432	458	246	106	68	295	90	53	64	22	23	31	35	52	13	20	21	50	49	16	27	11	39	19	6	12	10	15	5	18	7	8	5	3	2	9	1	2	3	0	5	2	1	0	3	7	5	2	0	3	2	0	0	2	2	1	1	0	0	0	0	0	0	0	0	0	0	0	0	0	0	0	0	0	0	0	1	0	0	0	0	0	0	0	0	0	0	0	0	0	0	0	0	7	0	0	0
0.03	north18_all	80	14725	4935	5299	2172	2165	1120	881	766	945	1093	672	407	338	492	486	284	183	148	305	149	131	111	89	69	62	73	75	45	48	41	54	59	37	28	32	45	33	22	16	17	17	12	18	16	15	11	7	16	15	3	14	11	6	2	5	4	2	3	10	6	2	2	2	3	0	1	2	2	1	0	1	1	0	1	1	0	0	0	0	0	2	2	0	1	1	0	0	0	0	0	0	0	0	0	0	0	0	0	0	0	0	0	0	0	0	0	7	0	0	0
0.03	north18_active	80	10524	2368	4250	1112	1512	407	325	275	691	915	490	157	163	392	405	202	86	70	247	97	49	54	26	22	24	31	49	9	31	17	37	44	19	16	11	38	21	8	6	8	10	5	12	8	8	8	3	8	13	1	3	5	1	1	1	1	0	3	8	4	1	1	2	2	0	0	2	2	0	0	0	0	0	0	0	0	0	0	0	0	2	0	0	0	0	0	0	0	0	0	0	0	0	0	0	0	0	0	0	0	0	0	0	0	0	0	7	0	0	0
0.03	north19_all	80	13949	4769	4753	2101	1987	1091	858	741	910	950	624	391	317	429	415	254	191	151	269	134	116	97	100	61	61	69	81	40	41	40	50	46	34	30	27	35	33	21	19	16	23	11	20	15	19	10	5	16	18	3	15	10	6	6	6	5	2	1	14	5	2	4	1	1	2	1	0	1	2	0	0	0	1	2	1	0	0	0	0	0	2	1	0	1	1	0	0	0	0	0	0	1	0	0	0	0	0	0	0	0	0	0	0	0	0	0	0	0	0	0
0.03	north19_active	80	9589	2138	3672	1011	1351	359	288	245	649	743	419	135	154	329	323	177	85	63	216	86	42	36	26	21	27	26	46	14	26	14	32	32	16	16	9	28	22	12	7	7	15	5	12	10	9	7	2	9	17	1	5	5	1	3	3	2	0	1	12	3	0	1	1	0	0	1	0	1	0	0	0	0	0	0	0	0	0	0	0	0	2	0	0	0	0	0	0	0	0	0	0	1	0	0	0	0	0	0	0	0	0	0	0	0	0	0	0	0	0	0
0.03	north20_all	80	13736	4762	4689	2152	2001	1039	885	742	916	891	596	387	317	431	393	267	197	162	268	140	119	113	93	75	67	66	80	54	47	36	53	44	35	36	22	44	26	19	19	12	17	11	12	15	18	16	4	16	18	4	7	10	4	11	7	4	3	0	9	6	1	6	1	2	4	2	0	2	2	0	0	0	2	2	1	0	0	0	0	0	2	0	0	2	1	0	0	0	0	0	0	1	0	0	0	0	0	0	0	0	0	0	0	0	0	0	0	0	0	0
0.03	north20_active	80	9374	2109	3586	1049	1372	367	294	244	665	688	387	133	157	332	297	188	87	68	210	84	51	40	21	27	25	27	45	17	28	15	33	31	17	20	7	36	14	10	9	7	10	2	8	10	8	9	0	11	17	1	4	4	1	7	3	2	1	0	7	2	0	2	1	0	1	1	0	1	0	0	0	0	1	0	0	0	0	0	0	0	2	0	0	1	0	0	0	0	0	0	0	1	0	0	0	0	0	0	0	0	0	0	0	0	0	0	0	0	0	0
0.03	south21_all	80	16644	5077	6229	2291	2445	1166	924	737	1202	1344	684	357	388	576	477	382	224	147	392	171	115	118	82	69	87	74	96	49	51	45	43	72	32	30	12	72	36	23	23	13	27	8	12	12	14	3	27	13	12	5	8	6	3	7	10	2	6	3	3	6	0	3	1	1	3	1	4	3	1	4	1	0	0	0	0	0	1	0	1	0	0	0	0	0	0	0	0	0	0	2	1	0	0	0	0	3	0	0	0	0	0	0	0	0	0	0	0	0	0	0
0.03	south21_active	80	12946	2773	5269	1335	1892	520	380	299	989	1168	540	142	238	475	387	314	134	70	343	95	49	78	18	18	37	36	67	12	29	16	33	60	21	25	4	63	23	16	11	6	24	2	7	11	8	3	25	9	10	2	5	1	3	3	4	0	4	2	2	5	0	2	1	0	2	1	3	1	0	3	0	0	0	0	0	0	0	0	0	0	0	0	0	0	0	0	0	0	0	0	0	0	0	0	0	3	0	0	0	0	0	0	0	0	0	0	0	0	0	0
0.03	south22_all	80	16799	5055	6177	2259	2447	1206	935	698	1227	1347	694	355	373	571	467	367	222	155	384	156	106	123	73	69	89	70	97	44	61	44	54	69	32	36	17	70	33	16	16	17	24	7	14	17	16	6	24	16	10	6	10	8	4	7	6	2	6	4	7	4	0	2	1	1	4	3	4	2	0	2	1	0	0	2	0	0	1	0	1	0	0	0	1	0	0	1	0	0	0	2	1	0	0	0	0	3	0	0	0	0	0	0	0	0	0	0	0	0	0	0
0.03	south22_active	80	13180	2738	5255	1292	1878	546	396	280	1016	1167	538	137	229	474	385	292	139	76	327	89	42	71	17	19	35	35	68	12	34	18	40	57	20	31	5	60	22	10	7	8	20	1	11	14	9	5	22	13	9	2	7	2	4	2	2	0	4	2	5	3	0	1	1	0	2	2	3	0	0	1	0	0	0	2	0	0	0	0	0	0	0	0	0	0	0	0	0	0	0	0	0	0	0	0	0	3	0	0	0	0	0	0	0	0	0	0	0	0	0	0
0.03	south23_all	80	17006	5119	6082	2249	2398	1256	951	703	1283	1258	715	345	359	627	454	361	208	155	352	160	105	117	69	67	96	65	91	48	54	51	50	67	33	46	18	56	31	15	16	17	29	10	11	22	22	7	27	16	7	7	9	7	6	5	3	1	9	2	7	6	2	2	1	1	3	3	6	1	1	3	0	0	2	2	0	0	1	0	3	2	0	1	1	0	0	1	0	0	0	1	2	0	0	0	0	3	0	0	0	0	0	0	0	0	0	0	0	0	0	0
0.03	south23_active	80	13361	2754	5153	1261	1837	558	404	277	1065	1092	553	127	219	524	376	284	127	74	298	98	39	59	19	20	43	33	63	11	29	23	40	53	20	39	5	48	22	11	7	8	22	3	8	18	17	6	23	12	6	0	5	2	6	1	0	0	8	0	5	4	2	1	1	0	1	2	3	0	1	2	0	0	2	2	0	0	0	0	3	2	0	0	0	0	0	0	0	0	0	0	0	0	0	0	0	3	0	0	0	0	0	0	0	0	0	0	0	0	0	0
0.03	south24_all	80	17210	5092	6205	2217	2406	1239	919	717	1254	1301	747	349	376	649	460	378	217	156	355	163	117	118	64	65	87	67	84	45	56	46	69	59	34	47	20	65	34	15	11	13	26	9	14	17	26	8	18	14	7	8	5	7	4	5	3	1	7	2	6	3	6	3	0	1	2	3	5	0	2	1	0	0	2	2	0	0	1	0	4	2	1	1	1	0	1	1	0	0	0	0	1	0	0	0	0	0	0	0	0	0	0	0	0	0	0	0	0	0	0	0
0.03	south24_active	80	13513	2757	5296	1272	1847	569	405	284	1027	1125	583	136	223	550	381	290	124	70	310	106	44	67	15	20	40	37	57	15	34	18	58	44	22	42	6	59	23	7	3	6	19	4	11	13	21	5	15	10	6	1	4	2	4	3	2	0	6	0	5	1	3	1	0	0	0	1	2	0	2	1	0	0	2	2	0	0	0	0	3	2	0	0	0	0	0	0	0	0	0	0	0	0	0	0	0	0	0	0	0	0	0	0	0	0	0	0	0	0	0	0
0.03	south25_all	80	17205	5047	6251	2232	2481	1248	930	739	1164	1233	720	374	367	678	475	393	219	154	339	152	110	112	84	67	84	71	75	50	50	44	70	60	40	42	20	43	30	20	11	10	29	13	22	15	25	10	14	15	8	8	4	7	4	8	4	0	7	1	3	5	8	4	0	2	1	1	3	2	3	1	0	1	2	0	0	1	1	0	4	3	1	1	1	0	1	0	0	0	0	0	1	0	0	0	0	0	0	0	0	0	0	0	0	0	0	0	0	0	0	0
0.03	south25_active	80	13492	2722	5373	1278	1901	560	398	295	951	1058	563	142	204	577	397	304	125	60	293	94	40	62	17	20	40	43	54	20	32	19	58	44	21	34	8	40	21	8	3	5	23	9	18	13	19	7	11	12	5	2	3	1	2	6	3	0	6	0	3	2	5	0	0	0	0	0	1	0	2	1	0	0	2	0	0	0	0	0	3	3	0	0	0	0	0	0	0	0	0	0	0	0	0	0	0	0	0	0	0	0	0	0	0	0	0	0	0	0	0	0
0.03	south26_all	80	17157	5116	6497	2239	2427	1231	897	732	1091	1244	709	354	368	652	521	400	226	157	337	151	103	109	91	82	75	83	68	57	46	39	63	55	35	37	23	56	37	22	12	11	22	10	24	11	23	11	17	9	12	5	6	5	4	6	8	1	1	3	4	5	11	4	0	1	3	4	1	2	3	1	0	1	0	0	1	1	1	1	1	1	1	0	0	0	1	0	0	0	0	0	0	0	0	0	0	0	0	0	0	0	0	0	0	0	0	0	0	0	0	0
0.03	south26_active	80	13408	2748	5552	1320	1879	540	377	285	893	1063	548	130	206	545	449	299	120	66	290	87	41	61	18	29	36	51	47	25	28	16	51	41	17	28	10	52	26	8	3	7	17	7	16	5	15	7	13	8	10	2	6	1	2	5	5	0	0	0	4	1	6	1	0	0	2	2	0	0	2	1	0	0	0	0	1	0	0	0	0	1	0	0	0	0	0	0	0	0	0	0	0	0	0	0	0	0	0	0	0	0	0	0	0	0	0	0	0	0	0	0
0.03	south27_all	80	17008	5141	6403	2183	2436	1206	882	770	1076	1202	694	367	394	616	550	413	233	152	370	146	105	101	102	76	82	81	76	55	41	42	49	59	43	39	21	71	39	21	13	10	23	14	22	16	15	12	18	10	16	4	10	5	5	6	7	1	2	4	6	4	7	3	1	1	3	5	1	2	1	3	0	2	1	1	1	1	1	2	0	1	0	0	0	0	1	1	0	0	0	2	0	0	0	0	1	0	0	0	0	0	0	0	0	0	0	0	0	0	0	0
0.03	south27_active	80	13294	2723	5450	1285	1877	522	359	319	880	1024	537	142	216	511	473	303	122	70	325	80	42	50	27	24	36	51	58	24	22	16	38	44	26	30	8	63	25	7	5	6	18	9	13	9	6	8	16	9	13	2	8	1	2	5	4	0	1	1	5	1	5	1	1	0	3	4	1	0	0	3	0	0	0	0	1	0	0	1	0	1	0	0	0	0	0	1	0	0	0	2	0	0	0	0	1	0	0	0	0	0	0	0	0	0	0	0	0	0	0	0
0.03	south28_all	80	17004	5135	6399	2211	2415	1208	886	786	1134	1196	711	368	404	615	582	376	240	165	402	146	101	103	95	82	76	77	94	51	40	51	44	52	46	39	23	68	34	20	17	13	14	16	21	22	17	10	16	8	17	6	11	3	6	5	6	2	3	4	5	6	7	2	2	1	3	6	1	0	1	3	0	1	1	1	2	0	0	2	0	1	0	1	0	0	0	1	0	0	0	2	0	0	0	0	1	1	0	0	0	0	0	0	0	0	0	0	0	0	0	0
0.03	south28_active	80	13301	2727	5421	1332	1857	531	376	337	939	1009	548	152	238	499	500	277	134	78	364	80	40	59	25	23	35	49	71	21	22	22	33	39	31	32	11	58	20	9	9	7	10	11	13	12	8	6	13	7	14	3	8	1	4	3	3	0	3	1	4	4	4	1	1	0	3	4	1	0	0	3	0	0	0	0	1	0	0	1	0	1	0	1	0	0	0	1	0	0	0	2	0	0	0	0	1	1	0	0	0	0	0	0	0	0	0	0	0	0	0	0
0.03	south29_all	80	17219	5181	6365	2225	2548	1178	904	807	1203	1199	759	360	427	622	605	411	229	165	381	139	97	105	96	84	76	70	94	43	41	42	54	53	46	43	22	82	31	19	17	16	17	13	24	24	8	12	27	12	13	9	13	4	3	5	4	3	7	4	12	4	3	2	2	0	1	3	1	1	1	2	0	2	1	1	1	1	0	2	0	0	0	2	0	0	0	1	1	0	0	2	0	0	0	0	1	1	0	0	0	0	0	0	0	0	0	0	0	1	0	0
0.03	south29_active	80	13513	2722	5456	1321	1938	513	401	340	989	1023	584	155	252	516	529	316	128	88	349	80	36	68	20	23	27	44	75	13	24	20	40	42	33	34	9	71	16	8	9	6	16	9	18	17	3	7	25	10	11	4	5	2	2	4	2	0	4	1	9	4	2	1	1	0	1	2	1	1	0	2	0	0	0	0	0	0	0	1	0	0	0	1	0	0	0	1	0	0	0	2	0	0	0	0	1	1	0	0	0	0	0	0	0	0	0	0	0	1	0	0
0.03	south30_all	80	17389	5137	6522	2273	2530	1208	907	820	1227	1240	805	378	393	582	630	387	218	166	360	142	103	109	90	83	77	70	93	47	46	40	59	58	44	45	24	78	35	11	18	15	18	15	23	21	7	11	30	8	8	11	11	5	2	6	2	5	6	3	12	4	4	2	3	0	0	1	1	1	1	0	0	1	0	0	1	1	1	0	0	0	0	2	0	0	1	0	1	0	0	2	0	0	0	0	1	1	0	0	0	0	0	0	0	0	0	0	0	1	0	0
0.03	south30_active	80	13655	2753	5614	1321	1915	535	403	350	1016	1072	625	173	235	473	550	296	127	87	330	86	36	66	23	23	31	41	76	17	27	19	43	47	28	33	10	71	22	6	10	7	15	10	20	16	5	8	26	5	5	3	4	2	2	4	2	0	3	1	10	4	3	1	0	0	0	0	1	1	0	0	0	0	0	0	0	0	1	0	0	0	0	1	0	0	0	0	0	0	0	2	0	0	0	0	1	1	0	0	0	0	0	0	0	0	0	0	0	1	0	0
0.03	south31_all	80	15537	4920	5761	2103	2188	1116	877	733	966	1126	709	346	376	421	523	365	208	159	350	150	118	119	96	76	69	78	80	49	64	33	45	86	37	30	22	42	24	13	19	18	24	9	23	10	16	5	8	11	8	4	7	7	5	3	4	2	8	5	2	3	0	4	1	5	2	3	1	3	1	0	1	0	3	1	0	1	1	0	0	5	0	1	0	2	0	0	1	0	0	0	0	0	0	0	0	0	0	0	0	1	0	0	0	0	0	0	0	0	0	0
0.03	south31_active	80	11462	2477	4751	1111	1535	419	338	288	758	916	506	150	203	326	448	267	117	59	295	74	55	58	22	17	27	39	59	13	43	6	32	70	22	22	7	36	18	8	9	10	15	2	19	8	8	2	3	10	7	0	3	3	3	3	2	0	5	1	1	3	0	4	0	1	1	1	1	3	0	0	1	0	3	1	0	1	1	0	0	5	0	1	0	2	0	0	0	0	0	0	0	0	0	0	0	0	0	0	0	0	0	0	0	0	0	0	0	0	0	0
0.03	south32_all	80	17123	5141	6501	2211	2492	1179	889	745	1078	1243	723	372	386	488	557	378	205	151	432	137	125	120	104	82	72	80	92	45	71	36	57	97	44	30	21	60	31	19	17	18	24	7	28	9	12	11	13	11	7	6	10	6	9	1	2	5	6	6	3	4	2	3	2	4	2	4	1	1	0	0	2	0	5	1	0	1	1	1	0	0	0	1	0	1	0	0	1	0	0	0	0	0	0	0	0	0	0	0	0	0	0	0	0	0	0	1	0	1	0	0
0.03	south32_active	80	13322	2766	5558	1287	1850	504	374	332	885	1049	543	179	225	402	486	285	119	63	380	73	55	62	24	25	32	47	72	12	49	6	45	87	30	26	5	55	27	10	8	11	19	1	25	8	6	3	8	9	7	1	6	2	6	1	2	0	4	2	1	3	2	3	1	1	1	1	1	1	0	0	1	0	5	1	0	1	1	1	0	0	0	1	0	1	0	0	0	0	0	0	0	0	0	0	0	0	0	0	0	0	0	0	0	0	0	0	0	1	0	0
0.03	south33_all	80	17013	5186	6588	2320	2550	1186	900	749	1110	1254	705	387	391	531	534	377	205	153	439	149	127	119	104	78	79	73	92	51	68	35	73	100	44	39	26	59	31	16	19	12	21	10	34	11	13	11	13	9	8	4	8	7	6	2	6	5	2	4	8	4	3	1	2	3	3	6	1	0	0	2	2	0	5	1	0	0	1	1	0	4	0	0	0	1	0	0	0	0	0	0	0	0	0	0	1	0	0	0	0	0	0	5	0	0	0	1	0	1	0	0
0.03	south33_active	80	13310	2794	5644	1380	1924	494	384	337	930	1072	528	180	218	444	444	286	119	57	395	90	50	68	29	25	35	38	63	16	45	10	64	90	31	33	10	55	27	5	12	8	16	3	30	10	6	3	9	4	8	1	5	2	4	1	3	0	2	1	6	3	2	1	1	0	2	3	0	0	0	2	1	0	5	1	0	0	1	1	0	4	0	0	0	1	0	0	0	0	0	0	0	0	0	0	1	0	0	0	0	0	0	5	0	0	0	0	0	1	0	0
0.03	south34_all	80	17026	5123	6559	2351	2534	1149	947	725	1145	1259	677	403	408	530	547	369	219	155	366	146	128	131	101	78	79	68	100	56	50	46	66	62	38	44	25	83	31	22	17	21	12	8	32	16	12	10	10	14	12	5	7	7	7	3	8	5	2	3	9	2	4	0	2	2	3	5	1	1	0	2	1	0	6	1	0	0	2	1	5	4	0	0	0	0	0	0	0	0	0	1	0	0	0	0	1	0	0	0	0	0	0	5	0	0	0	1	0	1	0	0
0.03	south34_active	80	13295	2750	5608	1375	1934	480	412	299	961	1085	505	187	225	442	448	285	126	63	324	91	52	69	26	29	38	40	67	16	25	18	57	53	26	30	9	78	28	8	6	12	9	3	26	12	4	4	9	9	12	2	4	2	4	2	4	0	2	1	7	1	2	0	1	0	2	3	0	1	0	2	0	0	5	1	0	0	2	1	5	4	0	0	0	0	0	0	0	0	0	0	0	0	0	0	1	0	0	0	0	0	0	5	0	0	0	0	0	1	0	0
0.03	south35_all	80	16993	5020	6562	2321	2453	1103	944	732	1204	1235	764	405	392	512	526	356	243	162	315	160	122	120	104	74	73	70	103	53	47	40	63	53	38	48	23	76	25	23	14	17	13	14	21	19	11	4	9	15	15	6	4	8	5	8	8	2	4	0	8	4	2	1	2	1	2	5	1	1	0	3	0	0	3	1	0	0	1	3	5	4	0	1	0	0	0	0	0	0	0	1	0	0	0	0	1	0	0	0	0	0	0	5	0	0	0	0	0	0	0	0
0.03	south35_active	80	13263	2673	5612	1351	1887	472	416	297	998	1073	585	184	221	432	443	280	140	64	272	101	50	70	26	23	32	42	64	16	22	17	58	43	28	32	10	71	23	10	6	7	9	8	16	13	3	2	9	11	15	2	3	4	1	7	4	0	3	0	7	3	0	1	0	0	1	3	0	1	0	3	0	0	2	1	0	0	1	3	5	4	0	0	0	0	0	0	0	0	0	0	0	0	0	0	1	0	0	0	0	0	0	5	0	0	0	0	0	0	0	0
0.03	south36_all	80	16922	5046	6362	2251	2412	1129	953	746	1192	1286	791	387	383	530	524	345	227	162	313	171	110	122	108	69	66	66	92	50	38	44	60	69	33	54	18	73	32	18	17	24	13	15	20	21	14	4	9	20	11	10	8	7	4	9	8	1	6	0	7	4	2	1	3	1	0	2	0	1	0	4	0	0	1	1	0	0	1	3	7	0	0	2	0	0	0	0	0	0	0	2	0	0	0	0	0	0	0	0	2	0	0	0	0	0	0	0	0	0	0	0
0.03	south36_active	80	13242	2659	5432	1304	1860	492	403	303	965	1121	613	156	232	443	440	282	132	65	272	101	47	78	24	19	27	40	63	12	16	19	53	57	22	39	7	68	31	9	5	11	8	8	16	14	7	3	9	13	11	2	7	3	1	9	6	0	4	0	4	3	0	1	0	0	0	1	0	1	0	3	0	0	0	1	0	0	1	3	7	0	0	1	0	0	0	0	0	0	0	1	0	0	0	0	0	0	0	0	2	0	0	0	0	0	0	0	0	0	0	0
0.03	south37_all	80	16781	5044	6353	2268	2411	1138	926	790	1172	1279	752	395	333	558	539	370	240	182	338	179	110	105	106	64	70	72	100	46	35	41	62	78	35	48	16	61	35	18	12	21	13	17	7	13	15	4	11	16	9	11	9	6	2	10	2	1	7	0	6	5	2	1	6	2	0	3	1	0	0	5	0	0	1	1	0	1	0	3	3	0	0	2	0	1	0	0	0	0	0	1	0	0	0	0	0	0	0	0	2	0	0	0	0	0	0	0	0	0	0	0
0.03	south37_active	80	13088	2621	5422	1311	1875	469	398	343	944	1112	575	166	203	461	465	311	138	71	295	109	46	65	25	13	27	40	72	10	16	14	56	64	26	38	6	55	32	9	3	11	11	8	6	9	10	3	11	10	9	3	7	3	0	9	2	0	5	0	3	4	1	1	4	1	0	1	1	0	0	3	0	0	0	1	0	1	0	3	3	0	0	1	0	1	0	0	0	0	0	1	0	0	0	0	0	0	0	0	2	0	0	0	0	0	0	0	0	0	0	0
0.03	south38_all	80	16677	5119	6191	2211	2515	1159	930	757	1136	1255	731	410	360	565	515	388	237	177	330	179	115	97	104	71	69	71	82	52	46	49	67	77	27	37	23	50	37	14	16	19	14	14	8	23	16	2	11	18	3	12	8	3	3	6	2	2	6	0	4	3	1	1	6	4	0	3	1	0	0	5	2	0	3	2	0	3	0	3	3	1	0	1	0	1	0	0	0	0	0	1	0	0	0	0	0	0	0	0	2	0	0	0	1	0	0	0	0	0	0	0
0.03	south38_active	80	12949	2668	5261	1290	1950	450	377	337	924	1076	546	172	212	462	440	324	147	69	287	111	52	57	28	16	26	32	58	15	23	17	53	63	17	32	6	42	31	9	8	11	10	5	7	18	14	1	10	12	3	4	6	1	0	4	2	0	4	0	2	2	1	1	4	2	0	1	1	0	0	2	1	0	3	1	0	2	0	3	3	1	0	1	0	1	0	0	0	0	0	1	0	0	0	0	0	0	0	0	2	0	0	0	1	0	0	0	0	0	0	0
0.03	south39_all	80	16706	5170	6378	2266	2503	1126	940	793	1104	1279	704	403	371	547	528	432	233	177	344	172	114	80	91	77	57	71	76	53	46	41	60	62	27	33	22	45	28	18	18	20	16	14	11	27	13	5	12	19	3	9	12	4	3	10	3	4	6	0	2	3	2	3	5	4	0	1	3	0	0	3	2	0	3	1	0	3	0	0	1	1	0	1	0	1	0	0	0	0	0	1	0	0	0	0	0	0	1	0	2	0	0	0	1	0	0	0	0	0	0	0
0.03	south39_active	80	12938	2681	5453	1277	1924	434	368	349	905	1094	534	172	213	440	455	355	156	70	299	111	52	48	22	16	25	25	56	17	23	13	41	51	18	28	5	34	22	11	9	10	11	6	8	21	13	3	9	15	3	4	9	2	1	7	1	0	6	0	0	1	2	3	4	2	0	0	2	0	0	1	1	0	3	0	0	2	0	0	1	1	0	1	0	1	0	0	0	0	0	1	0	0	0	0	0	0	0	0	2	0	0	0	1	0	0	0	0	0	0	0
0.03	south40_all	80	16775	5116	6327	2319	2444	1160	961	766	1110	1308	692	408	403	565	534	417	237	165	369	193	99	84	85	78	62	71	74	49	59	41	65	77	29	37	23	48	33	20	18	19	22	15	16	26	14	8	12	16	8	5	8	2	6	10	3	4	8	1	4	1	1	7	2	4	0	1	3	0	0	3	2	0	3	2	0	2	0	0	0	1	1	0	0	1	0	0	0	0	0	0	0	0	0	0	0	2	1	0	0	0	0	0	1	0	0	0	0	0	0	0
0.03	south40_active	80	12976	2697	5410	1307	1890	463	390	322	907	1128	531	175	244	465	461	339	156	68	315	130	51	48	26	17	25	28	53	16	32	13	40	65	19	27	6	39	25	11	9	9	17	8	10	19	11	5	6	13	8	2	5	2	2	6	1	0	6	0	3	0	1	3	1	2	0	0	1	0	0	1	1	0	3	1	0	1	0	0	0	1	0	0	0	1	0	0	0	0	0	0	0	0	0	0	0	2	0	0	0	0	0	0	1	0	0	0	0	0	0	0
