label	Group	numOtus	Otu0	Otu1	Otu2	Otu3	Otu4	Otu5	Otu6	Otu7	Otu8	Otu9	Otu10	Otu11	Otu12	Otu13	Otu14	Otu15	Otu16	Otu17	Otu18	Otu19	Otu20	Otu21	Otu22	Otu23	Otu24	Otu25	Otu26	Otu27	Otu28	Otu29	Otu30	Otu31	Otu32	Otu33	Otu34	Otu35	Otu36	Otu37	Otu38	Otu39	Otu40	Otu41	Otu42	Otu43	Otu44	Otu45	Otu46	Otu47	Otu48	Otu49	Otu50	Otu51	Otu52	Otu53	Otu54	Otu55	Otu56	Otu57	Otu58	Otu59	Otu60	Otu61	Otu62	Otu63	Otu64	Otu65	Otu66	Otu67	Otu68	Otu69	Otu70	Otu71	Otu72	Otu73	Otu74	Otu75	Otu76	Otu77	Otu78	Otu79	Otu80	Otu81	Otu82	Otu83	Otu84	Otu85	Otu86	Otu87	Otu88	Otu89	Otu90	Otu91	Otu92	Otu93	Otu94	Otu95	Otu96	Otu97	Otu98	Otu99	Otu100	Otu101	Otu102	Otu103	Otu104	Otu105	Otu106	Otu107	Otu108	Otu109	Otu110	Otu111	Otu112	Otu113	Otu114	Otu115	Otu116
0.03	north1_all	80	2093	844	657	386	289	229	344	241	239	120	200	108	98	64	69	75	53	57	40	39	26	22	44	40	22	38	53	14	12	22	14	25	5	14	14	7	10	10	21	6	3	5	5	4	7	5	1	2	5	4	5	3	2	2	3	2	5	5	2	4	4	3	0	0	2	2	1	0	4	1	0	0	0	0	1	1	0	0	1	2	0	0	0	0	0	0	1	3	1	0	0	0	0	0	0	0	0	3	0	0	0	0	0	0	0	0	0	0	1	0	0	0	0	0	0	0	0
0.03	north1_active	80	1073	423	361	174	128	107	217	148	151	52	115	54	60	29	28	39	28	28	19	16	13	10	27	21	10	23	29	8	9	8	8	18	2	5	5	4	2	5	10	2	3	2	2	1	3	2	1	2	2	1	1	3	2	2	1	2	4	4	0	2	2	1	0	0	1	0	0	0	3	0	0	0	0	0	0	1	0	0	1	2	0	0	0	0	0	0	1	3	1	0	0	0	0	0	0	0	0	0	0	0	0	0	0	0	0	0	0	0	0	0	0	0	0	0	0	0	0
0.03	north2_all	80	2104	827	713	377	283	225	373	237	286	114	208	116	112	79	77	74	69	58	38	40	31	26	45	43	27	38	62	15	13	20	16	33	6	13	13	8	11	12	23	6	4	4	5	4	7	7	3	4	6	4	4	0	4	5	4	2	6	7	4	2	4	1	0	0	1	1	1	0	0	1	2	0	0	0	1	1	0	0	1	3	0	0	0	0	0	0	1	5	0	0	0	0	1	0	0	0	0	3	0	0	0	0	0	0	0	0	1	0	1	0	0	0	0	0	0	0	0
0.03	north2_active	80	1084	410	409	168	128	106	244	142	192	50	128	69	69	39	32	46	32	25	15	16	17	11	28	27	14	25	38	5	8	7	10	25	2	6	5	3	4	6	14	3	4	1	2	1	4	3	1	4	2	1	0	0	3	4	1	2	5	6	0	1	2	0	0	0	1	0	0	0	0	0	2	0	0	0	0	1	0	0	1	2	0	0	0	0	0	0	1	5	0	0	0	0	0	0	0	0	0	0	0	0	0	0	0	0	0	0	0	0	0	0	0	0	0	0	0	0	0
0.03	north3_all	80	2211	801	766	369	263	234	412	261	320	107	250	104	121	87	78	66	84	55	41	43	31	25	54	39	29	49	71	13	15	16	14	32	9	13	12	11	13	10	24	3	5	6	9	3	3	7	5	4	7	3	3	2	7	3	3	3	5	5	14	3	3	2	0	0	2	0	0	1	0	1	2	0	1	1	1	1	0	0	1	3	0	0	0	1	0	1	1	4	0	0	0	0	1	0	0	0	0	3	0	0	0	0	0	0	0	0	1	0	0	0	0	0	0	0	0	0	0
0.03	north3_active	80	1108	371	437	168	120	112	261	156	211	54	149	64	69	46	39	38	43	31	19	20	16	10	36	23	14	33	52	3	8	7	9	19	3	8	5	5	7	5	15	2	4	3	8	1	1	4	3	4	2	2	0	2	4	2	1	3	4	5	11	0	0	0	0	0	2	0	0	1	0	0	2	0	0	1	1	1	0	0	1	2	0	0	0	0	0	0	1	4	0	0	0	0	0	0	0	0	0	0	0	0	0	0	0	0	0	0	0	0	0	0	0	0	0	0	0	0	0
0.03	north4_all	80	2193	844	781	374	285	223	391	275	315	108	269	109	120	82	71	64	94	61	45	44	33	21	65	53	28	40	84	19	9	12	12	26	11	8	11	15	17	12	15	5	3	5	10	1	5	7	12	6	6	3	1	4	5	3	1	3	3	2	14	2	2	2	0	0	1	4	0	1	0	0	4	2	2	1	1	2	0	0	1	1	0	0	0	1	0	1	0	5	0	0	0	0	1	0	0	0	0	0	0	0	0	0	0	0	0	0	1	0	0	0	0	0	0	0	0	0	0
0.03	north4_active	80	1104	395	440	163	135	102	251	170	205	53	156	67	62	44	32	39	47	32	24	19	18	8	44	38	14	26	74	4	2	6	7	19	3	4	8	8	12	7	13	3	2	3	9	0	2	3	8	6	1	3	0	2	2	2	0	3	3	2	11	0	0	1	0	0	1	0	0	1	0	0	4	0	1	1	1	2	0	0	1	0	0	0	0	0	0	0	0	5	0	0	0	0	0	0	0	0	0	0	0	0	0	0	0	0	0	0	0	0	0	0	0	0	0	0	0	0	0
0.03	north5_all	80	2227	843	807	357	303	229	389	286	331	108	272	112	114	91	77	73	94	54	44	42	29	20	61	71	32	34	82	21	10	19	12	24	11	9	13	17	15	5	11	3	2	7	12	1	5	4	13	5	3	5	1	5	6	1	1	2	3	2	12	3	2	2	0	0	1	4	1	1	1	0	7	2	2	1	2	2	0	0	1	0	0	0	0	1	1	1	0	1	0	0	1	0	0	0	0	0	0	0	0	0	0	0	0	0	0	0	0	0	0	0	1	0	0	0	0	0	0
0.03	north5_active	80	1152	395	463	155	146	108	241	170	208	47	152	62	53	46	39	42	48	31	29	17	17	9	37	44	20	23	65	6	1	8	5	16	4	4	8	10	12	3	7	1	0	5	8	0	1	2	8	3	0	4	0	2	2	1	0	1	2	2	11	0	0	1	0	0	1	0	0	1	1	0	4	0	1	1	2	2	0	0	1	0	0	0	0	0	1	0	0	1	0	0	1	0	0	0	0	0	0	0	0	0	0	0	0	0	0	0	0	0	0	0	1	0	0	0	0	0	0
0.03	north6_all	80	2283	822	843	378	326	215	417	308	321	124	273	110	111	89	89	73	75	53	50	36	41	28	77	64	26	34	76	16	11	29	14	26	12	6	13	17	15	5	12	3	3	5	15	1	4	4	11	7	3	5	1	7	1	1	0	2	4	0	9	3	2	2	1	0	1	4	1	0	4	0	6	2	1	1	1	1	0	0	2	1	0	0	0	1	2	1	0	1	0	0	1	1	0	0	0	0	0	0	0	0	0	0	0	0	0	0	0	0	0	0	1	0	0	0	1	0	0
0.03	north6_active	80	1200	392	509	164	154	102	257	179	196	56	160	63	56	48	45	41	39	29	30	13	23	18	45	40	18	23	59	4	1	13	6	16	4	2	7	8	11	2	8	1	0	3	8	1	1	2	8	4	1	4	0	2	0	1	0	0	3	0	4	0	1	1	1	0	1	0	0	0	4	0	3	0	1	1	1	1	0	0	2	0	0	0	0	0	1	0	0	1	0	0	1	0	0	0	0	0	0	0	0	0	0	0	0	0	0	0	0	0	0	0	1	0	0	0	0	0	0
0.03	north7_all	80	2402	840	885	363	321	235	458	321	378	131	278	99	104	102	99	81	76	45	49	35	42	38	73	65	35	37	86	15	12	29	16	35	14	8	21	17	16	7	14	5	2	4	13	2	3	5	5	10	1	7	1	6	3	2	0	2	5	1	9	3	1	8	2	0	2	1	1	0	6	0	6	0	0	0	1	1	0	0	1	1	0	1	0	1	3	1	0	1	0	0	1	1	0	0	0	0	0	0	0	0	0	0	0	0	0	0	0	0	0	0	1	0	0	0	1	1	0
0.03	north7_active	80	1325	385	533	152	155	107	300	179	238	60	166	56	57	59	56	52	38	25	25	16	23	21	46	42	24	20	57	5	1	13	6	22	5	1	10	9	6	2	9	2	0	2	5	2	1	2	3	3	1	6	0	1	2	1	0	0	3	0	4	0	1	6	1	0	2	0	0	0	6	0	3	0	0	0	1	1	0	0	1	0	0	1	0	0	1	0	0	1	0	0	1	0	0	0	0	0	0	0	0	0	0	0	0	0	0	0	0	0	0	0	1	0	0	0	0	1	0
0.03	north8_all	80	2392	836	844	380	311	249	483	296	383	118	303	99	95	95	80	81	59	42	53	35	39	39	65	48	33	41	73	11	11	30	12	30	12	5	19	17	14	13	13	7	2	2	11	3	2	4	3	10	2	9	2	11	5	2	2	1	4	1	8	2	1	11	2	0	2	1	0	1	13	1	4	0	0	0	0	1	0	0	5	1	0	1	0	1	2	1	0	0	2	0	0	3	0	0	0	0	0	0	0	0	0	0	1	0	0	0	0	0	0	0	1	0	0	0	1	1	0
0.03	north8_active	80	1296	369	509	176	151	115	314	163	241	58	207	55	57	57	51	51	32	20	22	17	22	21	42	34	23	22	49	4	3	18	6	17	4	1	11	7	5	7	11	5	0	0	5	3	1	2	1	5	2	7	1	8	3	1	2	0	2	0	4	0	1	9	1	0	2	1	0	1	5	0	3	0	0	0	0	1	0	0	4	0	0	1	0	0	0	0	0	0	2	0	0	0	0	0	0	0	0	0	0	0	0	0	1	0	0	0	0	0	0	0	1	0	0	0	0	1	0
0.03	north9_all	80	2420	809	830	372	300	260	477	276	383	124	322	94	105	106	62	89	54	44	51	31	42	32	59	61	37	39	73	12	16	19	11	38	13	7	23	10	15	18	22	9	1	3	10	3	3	2	5	9	2	10	4	10	5	1	2	0	7	1	7	2	1	11	1	0	3	1	1	1	12	1	3	0	0	0	1	1	0	0	5	1	0	1	0	1	2	1	0	0	2	0	0	3	0	0	0	0	0	0	0	0	0	0	2	0	0	0	0	0	0	0	0	0	0	0	1	1	0
0.03	north9_active	80	1270	354	487	186	150	125	312	152	238	57	229	45	61	63	40	63	25	23	21	16	23	18	40	44	24	21	40	6	6	10	5	27	4	1	15	5	5	13	20	7	0	1	6	3	2	1	3	4	2	9	3	9	3	0	2	0	3	0	2	0	0	10	0	0	3	1	1	1	4	0	2	0	0	0	1	1	0	0	4	0	0	1	0	0	0	0	0	0	2	0	0	0	0	0	0	0	0	0	0	0	0	0	1	0	0	0	0	0	0	0	0	0	0	0	0	1	0
0.03	north10_all	80	2319	808	745	374	289	276	417	250	352	108	278	91	109	97	43	76	57	52	48	28	37	28	54	62	31	30	59	14	15	16	15	29	13	11	19	9	12	18	23	7	1	6	12	3	4	1	3	7	4	5	4	9	3	0	3	2	8	1	3	0	1	8	1	0	3	6	2	1	8	1	3	0	0	0	1	0	0	0	4	0	0	1	0	1	1	0	0	0	2	0	0	2	0	0	0	0	0	0	0	0	0	0	2	0	0	0	0	0	0	0	0	0	0	0	0	0	0
0.03	north10_active	80	1177	342	413	195	150	132	254	144	224	51	202	42	64	59	29	49	25	29	20	14	19	17	37	40	18	20	41	8	7	9	10	20	5	2	13	3	5	15	21	6	0	3	7	3	1	1	2	3	2	4	3	8	1	0	3	1	5	0	2	0	0	7	0	0	2	1	1	1	0	0	2	0	0	0	1	0	0	0	3	0	0	1	0	0	0	0	0	0	2	0	0	0	0	0	0	0	0	0	0	0	0	0	1	0	0	0	0	0	0	0	0	0	0	0	0	0	0
0.03	north11_all	80	2032	911	710	373	301	238	328	248	227	104	212	98	100	69	61	52	48	60	48	27	32	29	57	38	18	30	47	15	16	14	21	32	11	7	10	11	11	12	12	11	7	4	4	3	6	4	6	7	9	10	4	3	1	3	0	2	5	8	1	1	2	5	1	0	1	1	2	0	0	2	1	0	0	2	0	0	0	0	1	0	1	2	1	1	1	0	0	0	0	0	0	0	0	0	0	0	0	0	0	0	0	0	0	0	0	0	0	0	0	0	0	0	0	1	0	0	0
0.03	north11_active	80	992	456	378	180	143	117	195	154	138	49	137	55	61	34	34	29	19	32	23	14	18	15	30	23	9	21	33	7	4	7	16	19	5	3	3	6	6	5	8	6	2	3	0	3	3	2	5	4	5	7	3	3	0	3	0	0	3	6	1	1	2	4	0	0	1	0	2	0	0	1	1	0	0	1	0	0	0	0	1	0	1	1	1	1	1	0	0	0	0	0	0	0	0	0	0	0	0	0	0	0	0	0	0	0	0	0	0	0	0	0	0	0	0	0	0	0	0
0.03	north12_all	80	2039	866	725	367	277	215	333	283	235	116	210	96	92	79	63	58	46	57	41	30	39	21	60	37	23	34	42	19	17	17	11	42	10	8	11	13	12	14	28	11	7	3	4	4	6	3	6	13	9	8	4	5	0	4	0	1	4	7	2	1	2	7	1	0	1	1	1	0	0	0	2	0	1	2	0	0	0	0	1	0	1	2	1	1	1	1	0	0	0	0	1	0	0	0	0	0	0	0	0	0	0	0	0	0	0	0	0	0	0	0	0	0	0	1	0	0	0
0.03	north12_active	80	1017	420	377	174	129	108	204	165	154	55	135	57	57	48	32	34	21	31	22	13	17	9	32	19	11	22	28	10	5	11	9	27	3	4	5	6	8	7	22	4	2	3	1	4	3	1	5	6	4	4	3	5	0	4	0	0	2	6	2	1	2	6	0	0	1	0	1	0	0	0	2	0	1	1	0	0	0	0	1	0	1	1	1	1	1	0	0	0	0	0	0	0	0	0	0	0	0	0	0	0	0	0	0	0	0	0	0	0	0	0	0	0	0	0	0	0	0
0.03	north13_all	80	2110	857	792	358	272	225	346	306	286	121	277	93	94	74	64	64	52	62	41	35	36	21	60	61	28	33	54	18	14	15	17	38	7	15	12	14	13	13	34	8	6	5	4	8	6	5	4	14	7	9	4	5	3	3	0	0	5	1	2	1	2	7	1	0	0	1	0	0	0	0	1	0	1	1	0	1	0	0	1	0	0	1	1	0	0	1	0	0	1	0	1	0	1	0	0	0	0	0	0	0	0	0	0	0	0	0	0	0	0	0	0	0	0	0	0	0	0
0.03	north13_active	80	1111	414	442	166	127	116	214	186	187	64	181	50	67	45	28	33	25	35	22	15	16	9	33	30	14	19	42	13	5	9	11	22	2	7	6	7	8	10	25	4	3	4	2	5	1	2	4	7	5	4	3	4	2	3	0	0	3	0	2	1	2	6	0	0	0	0	0	0	0	0	1	0	1	0	0	1	0	0	1	0	0	0	1	0	0	0	0	0	0	0	0	0	1	0	0	0	0	0	0	0	0	0	0	0	0	0	0	0	0	0	0	0	0	0	0	0	0
0.03	north14_all	80	2217	858	832	357	267	227	377	298	316	125	325	95	99	74	77	79	59	57	43	37	38	30	72	63	29	28	74	22	13	12	20	49	6	15	17	13	14	13	33	7	5	7	6	12	5	4	2	14	3	4	2	5	4	2	0	1	4	0	9	0	3	4	0	0	0	0	0	0	2	0	1	4	2	0	0	1	0	0	0	0	0	0	1	0	0	2	0	0	2	0	1	0	1	0	1	0	0	0	0	0	0	0	0	0	0	0	0	0	0	0	0	0	0	0	0	0	0
0.03	north14_active	80	1177	393	464	165	126	117	233	183	210	55	211	53	61	41	36	43	30	32	24	13	15	11	40	37	14	14	48	12	6	7	12	36	2	6	8	9	7	10	25	3	2	6	3	5	0	1	1	5	2	1	1	3	2	1	0	1	3	0	9	0	3	2	0	0	0	0	0	0	1	0	1	4	2	0	0	1	0	0	0	0	0	0	1	0	0	1	0	0	1	0	0	0	1	0	1	0	0	0	0	0	0	0	0	0	0	0	0	0	0	0	0	0	0	0	0	0	0
0.03	north15_all	80	2342	852	864	351	286	236	452	310	341	129	346	101	110	88	80	88	62	57	52	43	41	36	83	59	30	38	89	16	9	19	18	60	10	19	12	13	13	11	37	6	5	4	11	13	5	5	2	12	3	3	1	4	5	1	0	1	2	2	11	0	2	3	0	1	1	1	1	0	2	0	2	5	1	0	0	1	0	0	0	0	2	0	0	0	0	2	1	0	2	0	1	0	1	0	1	0	0	0	0	0	0	0	0	0	0	0	0	0	0	0	0	0	0	0	0	0	0
0.03	north15_active	80	1256	384	494	156	138	118	263	192	224	55	220	54	68	51	42	48	30	31	31	16	17	18	39	34	17	16	57	9	6	9	11	41	4	9	6	10	7	8	28	4	3	3	8	6	0	1	1	4	2	1	0	2	3	0	0	1	1	2	10	0	1	2	0	0	1	0	1	0	1	0	1	5	1	0	0	1	0	0	0	0	2	0	0	0	0	1	1	0	1	0	0	0	1	0	1	0	0	0	0	0	0	0	0	0	0	0	0	0	0	0	0	0	0	0	0	0	0
0.03	north16_all	80	2366	839	851	349	284	235	465	283	376	130	324	113	130	92	78	92	69	52	50	46	47	34	86	49	26	54	110	16	10	26	22	65	11	17	9	15	13	11	31	3	5	4	13	10	3	4	5	11	3	1	1	3	4	4	1	1	0	2	14	0	4	1	0	1	2	1	2	0	2	0	2	7	4	0	0	0	0	1	1	0	2	0	0	1	0	1	1	0	2	0	0	0	0	0	1	0	0	0	0	0	0	0	0	0	0	0	0	0	0	0	0	0	0	0	0	0	0
0.03	north16_active	80	1307	374	491	154	131	111	282	167	263	51	217	66	83	54	42	54	37	26	28	17	22	15	42	32	18	30	60	6	8	11	12	46	4	11	3	13	8	5	22	1	4	3	10	4	0	0	4	3	3	1	0	1	2	1	1	1	0	2	12	0	3	0	0	0	2	0	1	0	1	0	1	7	4	0	0	0	0	0	1	0	2	0	0	0	0	1	1	0	1	0	0	0	0	0	1	0	0	0	0	0	0	0	0	0	0	0	0	0	0	0	0	0	0	0	0	0	0
0.03	north17_all	80	2367	825	870	349	288	244	485	291	417	128	306	124	135	89	83	81	70	62	47	50	52	38	97	43	21	59	87	11	8	30	17	54	11	16	13	15	10	15	30	6	7	4	11	6	2	2	3	11	3	3	2	6	1	4	2	0	1	3	15	0	4	0	0	2	2	1	2	0	1	0	4	5	3	1	0	0	0	1	1	0	2	0	0	1	0	1	1	0	1	0	0	0	0	0	0	0	0	0	0	0	1	0	0	0	0	0	0	0	0	0	0	0	0	0	0	0	0
0.03	north17_active	80	1304	362	521	149	122	112	302	157	305	55	224	71	84	55	45	43	39	29	29	18	28	19	47	25	13	36	52	5	8	15	9	38	2	12	10	11	9	10	22	4	5	3	11	4	0	0	3	3	3	3	0	2	1	1	1	0	1	2	12	0	3	0	0	1	2	0	1	0	0	0	3	3	3	1	0	0	0	0	1	0	2	0	0	0	0	1	1	0	0	0	0	0	0	0	0	0	0	0	0	0	0	0	0	0	0	0	0	0	0	0	0	0	0	0	0	0	0
0.03	north18_all	80	2298	794	857	362	285	241	451	305	423	139	324	127	151	83	74	86	67	62	49	44	46	35	75	51	17	48	85	17	8	28	23	47	10	15	19	26	11	13	29	8	8	3	8	4	2	1	6	9	3	5	4	6	1	6	2	1	1	4	13	0	4	2	1	3	2	0	4	0	0	0	3	4	4	1	0	0	0	1	1	0	0	0	1	1	0	0	0	0	1	0	0	0	0	0	0	0	1	0	0	0	1	0	0	0	1	0	0	0	0	0	0	0	0	0	0	0	0
0.03	north18_active	80	1239	348	520	158	133	102	288	180	299	60	239	68	86	47	41	46	40	27	31	21	26	18	44	30	8	33	45	6	7	12	12	28	1	12	15	17	8	10	20	4	6	1	6	2	1	0	4	2	3	4	2	2	1	1	1	0	1	3	11	0	3	0	0	1	2	0	2	0	0	0	3	2	4	1	0	0	0	0	1	0	0	0	1	0	0	0	0	0	0	0	0	0	0	0	0	0	0	0	0	0	0	0	0	0	1	0	0	0	0	0	0	0	0	0	0	0	0
0.03	north19_all	80	2362	762	833	369	302	249	436	307	412	141	344	122	150	73	73	86	63	61	44	44	41	41	68	62	20	46	63	25	4	26	20	37	10	9	20	22	10	14	30	10	9	7	9	3	2	3	4	10	4	5	3	5	1	6	2	2	1	2	11	0	4	3	1	3	1	0	2	0	0	0	2	4	1	1	0	0	0	1	0	0	0	0	1	1	0	0	0	0	1	0	0	0	0	0	0	0	1	0	0	0	1	0	0	0	1	0	0	0	0	0	0	0	0	0	0	0	1
0.03	north19_active	80	1274	315	509	161	136	118	277	172	279	58	273	63	85	39	40	52	42	30	28	18	22	26	35	33	8	31	32	13	3	13	10	25	3	7	17	15	7	11	22	6	5	4	6	1	1	1	2	5	3	4	2	2	1	1	1	1	1	1	8	0	3	1	0	2	1	0	1	0	0	0	2	1	1	1	0	0	0	0	0	0	0	0	1	0	0	0	0	0	1	0	0	0	0	0	0	0	0	0	0	0	0	0	0	0	1	0	0	0	0	0	0	0	0	0	0	0	1
0.03	north20_all	80	2267	791	766	380	300	257	375	270	351	137	311	111	129	64	67	83	53	53	54	42	41	42	71	57	19	33	44	30	5	22	20	29	16	11	17	19	17	8	40	11	8	8	4	3	1	5	4	9	3	3	3	3	1	4	2	2	1	1	3	0	2	3	2	2	0	1	3	1	0	0	0	1	1	0	0	0	0	0	0	0	0	0	1	0	0	0	0	1	1	0	0	0	0	0	0	0	1	0	0	0	0	0	0	0	2	0	0	0	0	0	0	0	0	0	0	0	1
0.03	north20_active	80	1174	365	446	175	140	124	226	158	216	58	236	61	68	29	37	50	31	27	35	21	19	26	37	35	8	22	31	14	2	9	10	18	6	7	13	12	9	6	32	7	4	4	1	1	1	1	2	4	2	1	2	2	1	0	1	1	1	1	1	0	1	1	0	1	0	0	2	0	0	0	0	0	1	0	0	0	0	0	0	0	0	0	1	0	0	0	0	1	1	0	0	0	0	0	0	0	0	0	0	0	0	0	0	0	1	0	0	0	0	0	0	0	0	0	0	0	1
0.03	south21_all	80	2290	814	764	330	292	239	484	299	378	113	333	129	111	92	80	101	70	70	41	40	40	35	75	49	33	41	68	13	9	16	19	54	10	15	7	11	15	12	28	9	5	5	6	8	12	7	4	11	1	4	3	4	2	2	0	2	2	5	6	0	1	5	0	4	2	1	2	2	5	1	8	1	1	0	2	0	0	1	0	1	0	1	0	1	0	0	0	0	2	0	0	0	0	0	0	0	0	0	0	0	0	0	0	0	0	0	0	0	0	0	0	0	1	0	0	0	0
0.03	south21_active	80	1210	366	472	128	140	98	300	169	255	41	204	73	69	56	44	71	35	34	24	17	20	8	47	29	23	21	44	5	4	9	13	38	2	7	4	9	7	9	24	1	1	2	1	6	8	4	4	4	0	2	2	1	1	2	0	0	0	1	4	0	1	3	0	1	2	0	1	2	2	0	6	0	0	0	2	0	0	1	0	0	0	1	0	1	0	0	0	0	2	0	0	0	0	0	0	0	0	0	0	0	0	0	0	0	0	0	0	0	0	0	0	0	1	0	0	0	0
0.03	south22_all	80	2285	831	753	318	307	257	466	290	398	107	340	133	117	98	70	87	73	76	52	39	36	34	69	44	29	46	88	14	9	20	21	58	12	15	14	7	13	10	23	7	6	6	8	10	11	7	3	4	3	1	1	1	2	1	1	2	2	6	8	2	2	3	0	2	3	2	3	0	5	0	8	1	0	0	2	0	0	1	1	0	0	1	0	1	0	1	0	0	1	0	0	0	1	0	0	0	0	0	0	0	0	0	0	0	0	0	2	0	0	0	0	0	1	0	0	0	0
0.03	south22_active	80	1211	373	468	133	146	121	289	152	286	45	227	80	80	54	35	61	39	41	33	20	20	12	40	33	21	24	58	5	1	14	13	32	4	8	5	4	6	6	17	1	3	2	2	6	7	4	3	3	1	0	0	0	1	1	1	1	0	1	6	1	1	1	0	2	2	0	2	0	2	0	6	0	0	0	2	0	0	1	1	0	0	1	0	1	0	0	0	0	1	0	0	0	0	0	0	0	0	0	0	0	0	0	0	0	0	0	2	0	0	0	0	0	1	0	0	0	0
0.03	south23_all	80	2257	840	810	354	330	239	412	290	379	101	333	139	107	114	53	72	76	65	53	34	30	39	69	58	26	45	83	19	14	16	19	62	10	13	14	7	14	8	13	9	12	7	8	8	10	6	5	4	2	2	0	1	3	3	2	2	3	6	6	3	2	1	0	1	1	2	2	0	4	0	7	2	0	0	0	0	0	0	1	1	0	0	0	0	0	1	0	0	1	0	0	0	1	0	0	0	0	0	0	0	0	0	0	0	0	0	2	0	0	0	0	0	1	0	0	0	0
0.03	south23_active	80	1198	380	494	157	158	121	260	164	271	47	223	77	69	51	25	47	43	38	35	18	21	14	44	47	16	27	56	6	5	10	9	36	5	5	4	4	8	6	8	3	7	3	3	4	5	3	3	3	1	0	0	0	2	1	1	1	2	1	5	1	1	0	0	1	0	1	1	0	2	0	6	1	0	0	0	0	0	0	1	1	0	0	0	0	0	0	0	0	1	0	0	0	0	0	0	0	0	0	0	0	0	0	0	0	0	0	2	0	0	0	0	0	1	0	0	0	0
0.03	south24_all	80	2238	810	821	378	313	255	439	305	401	98	324	150	116	101	58	57	77	64	63	32	40	44	66	64	29	44	84	17	13	17	15	59	6	10	24	13	10	11	27	6	10	10	8	8	7	5	5	4	3	5	1	6	3	3	3	2	16	2	3	3	2	1	6	2	1	2	1	0	3	0	5	1	0	0	0	1	0	0	1	1	0	0	0	0	1	1	0	0	0	0	0	0	1	0	0	0	0	0	0	0	0	1	0	0	0	0	2	1	0	0	0	0	0	0	0	0	0
0.03	south24_active	80	1187	362	503	171	138	135	275	180	288	44	203	83	77	41	31	37	47	40	42	13	30	23	47	48	14	29	57	5	7	11	5	40	4	6	7	6	5	8	10	3	7	4	5	5	4	3	1	3	1	2	0	4	2	0	2	1	16	1	2	1	1	0	2	2	0	1	1	0	1	0	5	1	0	0	0	0	0	0	1	1	0	0	0	0	1	0	0	0	0	0	0	0	0	0	0	0	0	0	0	0	0	1	0	0	0	0	2	1	0	0	0	0	0	0	0	0	0
0.03	south25_all	80	2229	809	826	401	324	263	433	281	405	107	312	141	134	99	73	60	62	73	54	29	40	46	75	60	46	41	87	16	13	15	11	55	8	13	19	14	14	11	27	11	8	6	8	6	8	3	7	4	2	4	1	6	5	4	3	3	20	2	2	2	1	1	6	1	1	1	0	0	3	1	1	1	0	0	0	1	0	1	1	1	0	0	0	0	1	0	0	0	0	0	0	0	1	0	0	0	0	0	0	0	0	1	0	0	0	0	0	1	0	0	0	0	0	0	0	0	0
0.03	south25_active	80	1172	356	491	179	145	144	280	157	274	44	189	74	79	44	37	39	37	46	28	12	27	23	50	41	28	29	55	8	10	10	3	44	5	9	8	6	10	6	12	4	5	2	5	4	3	2	2	3	1	2	0	5	4	1	2	1	20	2	1	0	1	0	2	1	0	1	0	0	1	1	1	1	0	0	0	0	0	1	1	1	0	0	0	0	1	0	0	0	0	0	0	0	0	0	0	0	0	0	0	0	0	1	0	0	0	0	0	1	0	0	0	0	0	0	0	0	0
0.03	south26_all	80	2267	853	767	400	295	246	457	278	384	102	282	111	148	100	80	61	60	78	58	25	47	42	81	64	53	38	76	16	15	13	15	55	9	10	19	15	16	15	25	9	9	6	11	6	8	2	6	7	4	4	1	6	9	2	3	3	21	2	3	1	0	1	6	1	2	1	0	0	2	1	2	1	0	0	0	1	0	2	1	1	0	0	1	0	1	0	0	0	0	0	0	0	0	0	0	0	0	0	0	0	0	1	0	0	0	7	0	1	0	0	0	0	0	0	0	0	0
0.03	south26_active	80	1201	359	449	178	128	123	286	158	251	35	175	61	83	54	37	37	37	43	29	9	33	20	55	43	34	26	54	5	11	8	7	45	5	8	8	5	14	10	10	4	5	2	7	3	4	1	3	5	1	2	0	5	8	1	1	1	20	1	1	0	0	0	2	1	1	1	0	0	1	1	1	1	0	0	0	0	0	2	1	1	0	0	1	0	1	0	0	0	0	0	0	0	0	0	0	0	0	0	0	0	0	1	0	0	0	0	0	1	0	0	0	0	0	0	0	0	0
0.03	south27_all	80	2285	841	745	409	294	252	437	268	332	103	263	103	159	83	73	71	57	71	57	26	38	41	82	63	51	40	75	17	16	14	22	54	10	9	10	12	17	13	23	11	6	5	12	6	6	2	5	4	3	2	1	7	8	2	1	2	20	4	2	2	0	3	2	1	4	1	0	0	1	1	5	2	1	0	1	0	0	3	1	1	0	0	1	1	0	0	0	1	0	0	0	0	1	0	0	0	0	0	1	0	0	0	0	0	0	7	0	0	0	0	0	0	0	0	0	0	0
0.03	south27_active	80	1201	344	427	184	137	113	266	156	208	37	179	50	93	45	31	40	36	37	29	12	26	21	50	39	32	31	47	7	10	9	10	42	5	6	6	5	15	7	12	4	3	4	6	3	3	2	3	3	1	1	0	7	7	1	0	1	19	3	1	0	0	2	0	0	3	1	0	0	1	1	4	2	1	0	1	0	0	3	1	1	0	0	1	1	0	0	0	0	0	0	0	0	1	0	0	0	0	0	0	0	0	0	0	0	0	0	0	0	0	0	0	0	0	0	0	0	0
0.03	south28_all	80	2292	861	781	395	292	227	425	272	322	110	260	112	139	87	57	74	65	58	55	32	38	35	70	80	35	38	66	16	20	13	28	41	7	9	13	8	25	14	26	7	11	3	13	6	10	2	4	4	3	7	1	7	6	0	2	2	6	3	1	3	1	5	1	2	4	1	0	0	0	0	6	2	1	0	1	0	0	2	0	1	0	0	1	1	1	0	0	1	0	0	0	0	1	0	0	0	0	1	1	0	0	0	0	0	0	7	0	0	0	0	0	0	0	0	0	0	0
0.03	south28_active	80	1212	354	437	172	136	97	272	163	209	45	162	63	68	47	28	37	40	28	26	18	25	18	45	47	18	26	41	7	12	7	14	27	2	5	8	4	20	8	18	4	5	3	6	3	4	1	2	2	1	5	0	5	6	0	1	1	5	2	0	0	1	2	1	0	3	1	0	0	0	0	5	2	1	0	1	0	0	2	0	1	0	0	1	1	1	0	0	0	0	0	0	0	1	0	0	0	0	1	0	0	0	0	0	0	0	0	0	0	0	0	0	0	0	0	0	0	0
0.03	south29_all	80	2284	868	798	389	296	229	475	271	315	101	267	108	126	87	54	89	65	53	49	37	43	40	70	72	27	39	77	14	20	14	24	44	6	9	13	12	23	12	33	6	12	4	12	4	7	2	4	5	1	9	2	6	2	1	2	2	1	5	1	2	2	5	2	3	4	3	3	0	0	0	4	3	1	0	1	1	0	1	0	0	0	0	1	1	1	0	0	1	0	0	0	1	1	0	0	0	0	1	1	0	0	0	0	0	0	1	0	0	0	0	0	0	0	0	0	0	0
0.03	south29_active	80	1237	380	446	173	140	101	309	166	206	40	173	57	73	43	30	48	34	28	29	19	24	18	50	39	14	25	46	5	10	7	13	29	0	3	8	8	18	7	24	4	6	3	4	3	2	1	1	3	1	7	1	4	2	1	1	1	1	4	1	0	1	2	2	0	3	2	3	0	0	0	4	3	1	0	1	0	0	1	0	0	0	0	1	1	1	0	0	0	0	0	0	1	1	0	0	0	0	1	0	0	0	0	0	0	0	1	0	0	0	0	0	0	0	0	0	0	0
0.03	south30_all	80	2323	836	840	355	293	236	505	285	368	121	296	118	150	105	61	86	63	46	45	45	47	40	67	69	32	36	84	20	22	9	19	45	10	8	15	16	20	16	29	5	9	6	10	5	7	2	4	3	1	8	2	6	3	2	1	1	0	5	9	1	2	8	2	2	3	4	3	0	1	0	2	1	0	0	8	2	0	1	0	0	1	0	3	1	2	0	1	1	0	0	0	1	1	0	0	0	0	1	0	0	0	0	0	0	1	1	0	0	0	0	0	0	0	0	0	0	0
0.03	south30_active	80	1274	384	476	154	128	114	313	174	239	49	174	63	86	53	30	53	34	22	28	24	21	21	47	38	18	20	55	9	12	4	12	29	3	2	8	12	15	11	24	2	5	4	5	3	2	0	1	1	1	7	1	4	3	2	1	0	0	2	6	0	1	5	2	0	1	3	3	0	1	0	2	1	0	0	8	1	0	1	0	0	1	0	0	0	2	0	0	0	0	0	0	1	1	0	0	0	0	1	0	0	0	0	0	0	0	1	0	0	0	0	0	0	0	0	0	0	0
0.03	south31_all	80	2355	820	815	368	299	224	455	304	314	120	349	123	120	83	79	83	76	54	40	31	40	40	63	68	31	39	60	14	21	21	7	56	6	8	11	9	12	10	25	10	6	4	9	8	3	6	9	10	5	2	5	7	1	6	1	6	1	5	15	3	3	1	1	2	4	1	2	0	6	2	0	1	0	0	0	0	1	0	5	1	0	0	0	1	0	0	0	0	0	1	0	0	0	0	0	2	0	0	0	0	0	1	0	0	1	1	0	0	0	1	0	0	0	0	0	0	0
0.03	south31_active	80	1273	333	476	161	140	105	290	188	188	57	220	73	76	46	39	45	40	31	22	11	22	19	35	46	17	26	40	7	9	10	2	43	4	4	5	8	9	5	2	8	4	4	3	4	2	2	6	6	3	1	3	7	1	5	1	1	0	4	12	1	0	1	1	2	1	1	2	0	0	1	0	1	0	0	0	0	0	0	5	0	0	0	0	0	0	0	0	0	0	1	0	0	0	0	0	0	0	0	0	0	0	1	0	0	1	0	0	0	0	1	0	0	0	0	0	0	0
0.03	south32_all	80	2397	807	843	394	298	233	458	323	307	116	344	108	131	79	79	93	72	55	40	29	46	34	57	68	36	37	48	18	19	19	8	63	7	10	12	10	15	9	16	7	5	8	10	6	8	6	11	7	5	2	4	10	1	4	1	6	1	4	12	2	3	0	1	2	4	2	3	1	7	2	0	1	1	0	0	0	1	0	0	0	0	0	0	1	0	0	0	0	0	4	0	0	0	0	0	1	0	0	0	0	0	1	0	0	0	1	0	0	0	1	0	0	0	0	0	0	0
0.03	south32_active	80	1282	333	494	176	141	113	283	207	202	59	219	63	78	42	31	57	40	32	21	11	22	18	34	41	18	25	29	11	9	11	2	40	4	7	5	8	10	5	6	6	0	5	4	4	5	2	7	6	3	1	2	10	1	3	1	2	0	3	8	0	0	0	1	2	1	1	3	0	1	1	0	1	0	0	0	0	0	0	0	0	0	0	0	0	0	0	0	0	0	4	0	0	0	0	0	0	0	0	0	0	0	1	0	0	0	0	0	0	0	1	0	0	0	0	0	0	0
0.03	south33_all	80	2372	842	854	395	302	251	494	324	303	115	330	100	126	92	67	102	59	56	34	35	45	31	66	71	45	33	42	16	16	17	7	62	10	9	16	9	13	10	20	4	5	6	12	8	7	9	11	5	2	4	5	5	2	4	1	3	2	5	11	3	6	0	0	1	3	3	2	1	7	2	1	1	1	0	1	0	0	0	0	1	0	0	0	0	0	0	0	0	0	4	0	0	0	0	0	1	0	0	0	0	0	1	0	0	0	0	0	0	0	1	0	0	0	0	0	0	0
0.03	south33_active	80	1304	333	496	173	150	126	310	204	198	54	213	54	81	55	27	59	35	33	20	14	18	17	44	44	24	23	23	10	7	9	3	41	6	6	9	7	8	4	9	2	0	3	5	4	5	3	7	5	1	3	2	5	1	3	1	2	0	3	8	0	3	0	0	1	1	2	2	0	1	1	0	1	0	0	1	0	0	0	0	0	0	0	0	0	0	0	0	0	0	4	0	0	0	0	0	0	0	0	0	0	0	1	0	0	0	0	0	0	0	1	0	0	0	0	0	0	0
0.03	south34_all	80	2397	836	855	369	297	256	444	315	305	108	347	96	130	101	74	113	63	56	43	33	44	35	73	66	42	34	60	23	15	16	10	58	9	12	19	5	14	11	23	6	8	11	6	4	7	8	6	5	2	3	3	8	3	2	0	2	2	8	8	2	6	2	1	1	1	3	2	1	1	1	1	0	2	0	1	0	0	0	0	1	0	0	0	1	0	0	0	0	0	3	0	0	0	0	2	0	0	0	0	0	0	0	0	0	0	0	0	3	0	0	0	0	0	0	0	0	0
0.03	south34_active	80	1317	351	482	160	139	130	277	191	192	45	229	47	80	58	31	65	34	39	20	13	19	22	52	35	27	21	37	16	7	8	5	31	5	8	8	3	3	6	14	2	2	5	3	1	5	2	3	5	1	3	1	8	2	1	0	1	1	3	7	0	5	2	0	1	0	2	2	0	1	1	0	0	0	0	1	0	0	0	0	0	0	0	0	1	0	0	0	0	0	3	0	0	0	0	2	0	0	0	0	0	0	0	0	0	0	0	0	0	0	0	0	0	0	0	0	0	0
0.03	south35_all	80	2384	820	818	335	296	242	446	323	314	103	306	108	124	106	68	91	54	69	52	33	48	43	64	82	42	39	70	19	12	26	8	45	11	11	20	5	22	10	24	7	6	11	4	6	4	5	3	6	1	4	5	6	3	3	0	0	4	6	9	2	6	2	1	1	0	2	2	0	1	1	1	0	1	0	1	0	0	0	0	1	0	0	0	1	0	0	0	0	1	0	0	0	0	0	2	0	0	0	0	3	0	0	0	0	0	0	0	3	0	0	0	0	0	0	0	0	0
0.03	south35_active	80	1309	335	454	150	141	127	273	199	196	45	209	53	80	63	35	46	27	48	31	13	21	24	47	48	27	18	54	13	6	16	6	26	4	7	11	3	9	5	13	3	2	3	2	1	2	1	2	6	0	4	2	6	2	2	0	0	2	2	9	0	5	2	0	1	0	2	2	0	1	1	0	0	0	0	1	0	0	0	0	0	0	0	0	1	0	0	0	0	0	0	0	0	0	0	2	0	0	0	0	3	0	0	0	0	0	0	0	0	0	0	0	0	0	0	0	0	0
0.03	south36_all	80	2398	824	826	349	320	230	462	300	346	115	296	114	124	102	67	89	66	59	56	28	50	41	52	72	44	37	68	19	11	25	12	50	8	12	13	7	19	10	38	9	6	8	1	6	6	5	6	4	0	6	4	5	3	4	0	1	5	5	13	1	6	3	1	1	0	1	1	0	0	0	2	0	1	0	1	0	1	0	0	1	0	0	0	1	0	0	0	0	1	1	1	0	0	0	2	0	0	0	0	3	0	0	0	0	0	0	0	3	0	0	0	0	0	0	0	0	0
0.03	south36_active	80	1291	348	465	155	151	118	282	186	213	53	204	59	77	61	31	43	39	43	32	13	30	22	29	36	29	14	57	12	5	16	7	28	1	7	6	3	9	6	24	3	2	3	0	2	4	1	2	3	0	6	2	4	2	2	0	0	3	2	13	0	5	2	0	1	0	1	1	0	0	0	0	0	0	0	0	0	0	0	0	0	0	0	0	1	0	0	0	0	0	1	1	0	0	0	2	0	0	0	0	3	0	0	0	0	0	0	0	0	0	0	0	0	0	0	0	0	0
0.03	south37_all	80	2401	811	806	348	314	234	506	325	373	112	289	133	117	85	70	78	72	62	46	26	51	43	75	61	37	43	72	15	13	26	14	51	9	18	9	12	19	8	45	10	4	5	1	6	4	4	5	3	4	4	4	4	3	3	0	2	6	2	12	1	6	2	0	0	0	2	0	0	2	1	1	2	0	1	1	0	2	0	0	0	2	0	0	0	0	0	0	0	1	1	1	0	0	0	2	0	0	0	0	3	0	0	0	1	0	3	0	0	0	0	0	0	0	0	0	0	0
0.03	south37_active	80	1319	342	476	158	155	120	322	212	249	56	198	70	68	49	33	39	43	41	28	10	29	18	41	35	25	23	62	10	6	15	9	36	2	9	8	6	9	6	31	4	2	1	0	2	2	1	1	2	2	3	2	3	2	1	0	0	2	1	11	0	5	0	0	0	0	2	0	0	2	1	0	2	0	0	0	0	1	0	0	0	2	0	0	0	0	0	0	0	0	1	1	0	0	0	2	0	0	0	0	3	0	0	0	1	0	3	0	0	0	0	0	0	0	0	0	0	0
0.03	south38_all	80	2388	825	807	378	328	255	489	337	397	116	307	126	121	84	66	87	77	52	30	27	48	38	77	54	28	43	53	16	12	22	14	54	10	17	9	15	10	12	61	11	3	7	3	5	7	2	6	7	4	5	4	3	1	2	1	4	7	0	10	0	8	2	0	0	0	1	1	1	2	1	1	4	0	1	1	0	2	0	0	0	2	0	0	0	0	0	0	0	2	1	1	0	0	0	0	0	0	0	0	0	0	0	0	1	1	3	0	0	0	0	0	0	0	0	0	0	0
0.03	south38_active	80	1295	344	479	166	157	133	310	210	250	55	201	72	68	49	24	45	47	31	13	11	24	17	44	31	20	25	44	12	4	14	10	41	6	6	6	7	5	7	49	7	1	1	2	1	4	1	0	4	2	3	2	0	0	1	1	1	4	0	8	0	7	0	0	0	0	1	1	1	2	1	0	2	0	0	0	0	1	0	0	0	2	0	0	0	0	0	0	0	1	1	1	0	0	0	0	0	0	0	0	0	0	0	0	1	0	3	0	0	0	0	0	0	0	0	0	0	0
0.03	south39_all	80	2378	828	814	365	346	252	476	320	393	110	342	127	114	88	80	83	83	73	37	27	34	37	79	46	13	43	57	18	17	17	13	47	10	17	9	14	9	15	45	8	4	9	5	2	10	3	4	8	6	3	1	3	1	2	3	4	6	4	6	0	8	1	0	0	0	1	1	1	7	1	0	4	1	2	1	0	1	0	0	0	2	1	0	0	0	0	0	0	1	0	0	0	2	1	0	0	0	0	0	0	0	0	0	1	1	3	0	0	0	0	0	0	0	0	0	0	0
0.03	south39_active	80	1277	357	482	154	163	125	318	201	248	54	220	75	71	46	38	45	51	42	18	10	14	17	47	28	11	30	37	12	8	9	8	37	7	6	6	7	5	9	39	5	2	2	4	0	5	1	0	3	3	0	1	1	0	1	2	1	3	0	4	0	7	0	0	0	0	1	1	1	7	1	0	2	1	1	0	0	1	0	0	0	2	1	0	0	0	0	0	0	1	0	0	0	2	0	0	0	0	0	0	0	0	0	0	1	0	3	0	0	0	0	0	0	0	0	0	0	0
0.03	south40_all	80	2294	849	829	383	340	252	460	320	343	120	343	125	110	77	71	90	67	71	37	29	34	30	68	60	16	42	54	17	16	16	13	44	9	14	9	12	9	15	32	9	5	10	8	4	12	1	5	8	4	8	1	4	2	3	3	2	4	4	15	0	7	0	0	0	0	2	1	1	7	0	1	4	2	1	0	0	1	0	0	0	2	1	0	0	0	0	0	0	1	0	0	0	3	1	0	0	0	0	0	0	0	0	0	0	1	0	0	0	0	0	0	2	0	0	0	0	0
0.03	south40_active	80	1234	377	477	163	171	128	309	196	222	53	226	77	65	37	39	56	43	43	13	14	10	14	45	40	12	30	28	9	7	7	5	36	7	5	5	8	4	9	26	7	4	3	7	0	5	0	1	3	1	5	1	2	2	2	2	1	3	0	14	0	6	0	0	0	0	1	1	1	7	0	1	2	2	1	0	0	1	0	0	0	2	1	0	0	0	0	0	0	1	0	0	0	3	0	0	0	0	0	0	0	0	0	0	0	0	0	0	0	0	0	0	2	0	0	0	0	0
