label	Group	numOtus	Otu0	Otu1	Otu2	Otu3	Otu4	Otu5	Otu6	Otu7	Otu8	Otu9	Otu10	Otu11	Otu12	Otu13	Otu14	Otu15	Otu16	Otu17	Otu18	Otu19	Otu20	Otu21	Otu22	Otu23	Otu24	Otu25	Otu26	Otu27	Otu28	Otu29	Otu30	Otu31	Otu32	Otu33	Otu34	Otu35	Otu36	Otu37	Otu38	Otu39	Otu40	Otu41	Otu42	Otu43	Otu44	Otu45	Otu46	Otu47	Otu48	Otu49	Otu50	Otu51	Otu52	Otu53	Otu54	Otu55	Otu56	Otu57	Otu58	Otu59	Otu60	Otu61	Otu62	Otu63	Otu64	Otu65	Otu66	Otu67	Otu68	Otu69	Otu70	Otu71	Otu72	Otu73	Otu74	Otu75	Otu76	Otu77	Otu78	Otu79	Otu80	Otu81	Otu82	Otu83	Otu84	Otu85	Otu86	Otu87	Otu88	Otu89	Otu90	Otu91	Otu92	Otu93	Otu94	Otu95	Otu96	Otu97	Otu98	Otu99	Otu100	Otu101	Otu102	Otu103	Otu104	Otu105	Otu106	Otu107	Otu108	Otu109	Otu110	Otu111	Otu112	Otu113	Otu114	Otu115	Otu116	Otu117	Otu118	Otu119	Otu120	Otu121	Otu122	Otu123	Otu124	Otu125	Otu126	Otu127	Otu128	Otu129	Otu130	Otu131	Otu132	Otu133	Otu134	Otu135	Otu136	Otu137	Otu138	Otu139	Otu140	Otu141	Otu142	Otu143	Otu144	Otu145	Otu146	Otu147	Otu148	Otu149	Otu150	Otu151	Otu152	Otu153	Otu154	Otu155	Otu156	Otu157	Otu158	Otu159	Otu160	Otu161	Otu162	Otu163	Otu164	Otu165	Otu166	Otu167	Otu168	Otu169	Otu170	Otu171	Otu172	Otu173	Otu174	Otu175	Otu176	Otu177	Otu178	Otu179	Otu180	Otu181	Otu182	Otu183	Otu184	Otu185	Otu186	Otu187	Otu188	Otu189	Otu190	Otu191	Otu192	Otu193	Otu194	Otu195	Otu196	Otu197	Otu198	Otu199	Otu200	Otu201	Otu202	Otu203	Otu204
0.03	north1_all	80	4153	2462	1325	1225	863	594	492	479	395	362	342	223	240	235	237	187	184	217	156	169	84	94	100	104	115	93	72	94	66	61	58	53	60	46	47	43	61	36	32	27	23	35	33	28	37	16	22	19	25	16	17	15	20	16	13	13	15	15	16	11	7	12	9	10	6	20	11	8	12	13	2	8	12	8	8	13	7	9	8	5	4	3	3	2	3	6	2	6	6	2	3	2	6	2	3	0	2	0	1	5	4	0	2	1	2	0	3	4	0	2	2	2	4	1	1	1	2	0	0	1	0	2	1	0	3	0	1	2	0	0	0	0	1	2	0	0	0	1	0	0	2	0	0	0	0	0	0	0	0	0	0	0	1	0	0	0	0	1	0	0	0	0	0	0	2	2	0	0	0	1	0	0	0	0	0	0	0	0	0	0	0	0	0	0	1	0	0	1	0	0	0	0	0	0	0	0	0	0	0	0	0	1	0	0	0
0.03	north1_active	80	1313	1500	399	816	444	222	220	230	215	155	222	63	120	155	136	85	119	158	93	110	20	36	34	25	80	36	37	66	35	36	31	17	47	31	24	14	49	15	10	9	12	20	16	7	30	4	5	17	13	10	6	10	14	7	8	4	7	3	11	5	3	6	5	10	2	15	6	3	6	6	1	3	9	4	4	13	3	6	6	1	0	1	1	0	1	5	1	6	4	0	0	0	3	0	1	0	2	0	0	5	2	0	1	0	0	0	0	0	0	2	0	0	3	1	0	0	0	0	0	1	0	1	0	0	1	0	0	2	0	0	0	0	1	0	0	0	0	0	0	0	2	0	0	0	0	0	0	0	0	0	0	0	0	0	0	0	0	0	0	0	0	0	0	0	2	1	0	0	0	1	0	0	0	0	0	0	0	0	0	0	0	0	0	0	1	0	0	1	0	0	0	0	0	0	0	0	0	0	0	0	0	1	0	0	0
0.03	north2_all	80	4161	2458	1299	1236	878	608	501	455	435	361	368	256	235	258	220	175	192	213	154	158	99	87	107	97	107	95	61	94	60	67	60	57	67	65	44	44	59	33	37	19	27	29	34	30	44	16	16	32	21	21	16	15	19	15	16	10	12	14	16	14	7	11	10	13	6	12	7	12	12	11	3	9	10	9	10	8	5	7	4	6	3	10	5	2	3	4	3	2	8	4	2	2	5	2	6	1	2	1	1	5	1	1	1	1	2	2	2	2	1	3	1	4	2	3	1	1	1	0	0	0	0	1	1	0	1	0	1	2	0	2	1	0	1	1	0	0	0	0	0	1	2	0	0	0	0	0	0	0	0	0	0	0	0	1	0	0	0	0	0	0	3	1	0	0	1	1	0	0	0	1	0	0	0	0	0	0	0	0	0	0	0	0	0	0	1	0	0	0	0	0	1	0	0	1	0	0	0	0	0	0	0	0	0	0	0
0.03	north2_active	80	1318	1484	413	818	465	228	236	211	249	148	242	65	114	169	130	77	120	154	91	99	26	34	41	19	83	37	33	64	31	40	27	16	54	43	22	15	44	13	10	6	12	18	17	8	34	6	5	30	8	11	5	11	10	6	7	4	6	3	11	6	4	6	5	13	2	8	5	5	9	6	1	6	7	3	4	7	1	6	1	1	1	7	1	0	1	3	1	1	5	0	0	0	2	0	5	1	1	0	0	5	0	1	1	0	0	1	0	0	0	3	0	3	2	3	0	0	0	0	0	0	0	1	1	0	1	0	0	2	0	2	0	0	1	0	0	0	0	0	0	1	2	0	0	0	0	0	0	0	0	0	0	0	0	1	0	0	0	0	0	0	3	0	0	0	1	1	0	0	0	1	0	0	0	0	0	0	0	0	0	0	0	0	0	0	1	0	0	0	0	0	0	0	0	1	0	0	0	0	0	0	0	0	0	0	0
0.03	north3_all	80	4102	2499	1287	1185	857	617	493	436	436	351	376	270	234	269	238	179	178	205	147	166	100	92	104	91	119	97	81	107	65	66	62	52	73	74	46	39	59	39	35	21	28	28	31	36	39	24	16	39	14	19	16	20	16	17	17	9	8	14	18	15	12	13	10	13	11	14	8	12	12	6	5	5	8	10	11	4	8	7	6	7	5	12	4	1	6	5	4	1	7	4	3	4	5	1	6	1	3	2	1	6	0	1	2	1	2	3	2	1	2	3	0	3	2	4	1	1	2	0	0	1	0	0	1	0	1	0	1	3	0	2	1	0	0	1	0	0	0	0	0	1	2	0	0	0	0	0	0	0	0	2	0	0	0	1	0	0	0	1	0	0	3	1	0	0	0	1	1	0	0	0	0	0	0	0	0	0	0	0	0	0	0	0	0	0	0	0	0	0	0	0	1	0	0	1	0	0	0	1	0	0	0	0	0	0	0
0.03	north3_active	80	1275	1547	406	813	456	237	227	213	241	140	253	73	107	175	153	78	101	149	82	105	26	36	36	23	88	41	42	81	31	41	30	13	60	55	18	13	40	18	8	9	13	14	13	9	32	7	5	34	3	13	7	15	10	6	8	2	4	3	12	6	10	8	6	12	5	11	5	4	10	5	2	4	7	5	4	3	5	6	3	1	1	9	0	0	3	3	1	0	5	1	1	2	2	0	5	1	2	0	0	5	0	1	1	0	0	1	0	0	1	3	0	3	2	3	0	0	0	0	0	1	0	0	1	0	1	0	0	3	0	2	0	0	0	0	0	0	0	0	0	1	2	0	0	0	0	0	0	0	0	0	0	0	0	1	0	0	0	1	0	0	3	0	0	0	0	1	0	0	0	0	0	0	0	0	0	0	0	0	0	0	0	0	0	0	0	0	0	0	0	0	0	0	0	1	0	0	0	0	0	0	0	0	0	0	0
0.03	north4_all	80	4095	2594	1249	1188	832	626	516	440	431	347	396	249	231	298	232	164	191	200	146	159	109	103	103	93	106	91	81	93	68	67	61	50	73	73	49	33	59	40	31	24	29	25	24	32	37	33	13	42	22	23	16	18	16	15	22	11	7	13	23	17	13	14	9	10	11	14	10	11	13	6	6	5	9	8	10	5	13	2	8	7	7	13	5	2	7	3	3	2	8	4	6	3	3	1	9	2	4	4	2	4	5	2	1	0	1	3	2	1	3	1	0	3	2	4	0	1	3	1	0	1	0	2	1	0	0	0	0	4	0	2	1	1	0	1	0	1	0	0	1	1	0	0	0	1	0	0	0	0	0	3	0	0	1	1	0	0	0	1	0	0	6	1	0	0	0	0	1	0	0	0	0	0	0	0	0	0	0	0	0	0	0	0	0	0	0	0	0	0	0	0	1	0	0	1	0	0	0	1	0	1	0	0	0	0	0
0.03	north4_active	80	1281	1596	398	810	448	234	232	230	229	136	277	69	109	198	150	64	105	141	81	107	33	47	37	22	77	46	46	67	32	40	30	15	55	52	20	13	40	22	10	10	13	10	12	8	27	12	5	36	2	14	7	13	9	6	12	2	1	3	17	7	11	7	5	8	6	13	3	4	11	3	4	4	7	4	2	2	6	2	3	0	1	10	0	0	4	0	0	1	5	1	3	2	2	0	5	1	2	2	0	2	1	1	0	0	0	1	0	0	2	1	0	3	2	3	0	1	2	0	0	1	0	1	1	0	0	0	0	4	0	2	0	0	0	0	0	1	0	0	0	1	0	0	0	1	0	0	0	0	0	0	0	0	1	1	0	0	0	1	0	0	6	0	0	0	0	0	0	0	0	0	0	0	0	0	0	0	0	0	0	0	0	0	0	0	0	0	0	0	0	0	0	0	0	1	0	0	0	0	0	0	0	0	0	0	0
0.03	north5_all	80	4066	2544	1264	1216	832	626	531	409	409	320	370	242	234	281	228	166	174	211	143	163	117	92	96	91	113	94	77	85	66	65	61	42	65	72	46	29	65	43	36	24	28	28	34	33	46	35	16	38	21	23	18	16	20	14	22	14	9	9	17	13	16	10	5	9	14	14	10	8	11	7	8	7	10	9	7	9	13	2	9	8	5	8	2	3	5	4	3	1	4	3	6	3	4	1	8	3	4	5	2	4	5	3	2	1	0	3	0	2	4	0	1	0	0	1	0	2	3	2	0	1	0	2	0	0	0	1	0	3	0	0	1	1	1	1	0	1	0	0	1	1	2	0	0	1	0	1	0	0	0	3	0	1	1	0	0	0	0	1	0	0	3	0	0	0	0	0	1	0	0	0	0	0	0	0	0	0	0	0	0	0	0	0	0	0	0	0	0	0	0	0	1	0	0	1	0	0	0	1	0	1	0	0	0	0	0
0.03	north5_active	80	1263	1569	395	830	460	243	234	204	205	134	258	74	109	186	154	74	97	151	73	114	34	43	35	24	81	46	42	59	24	35	31	10	44	53	19	14	50	25	8	11	13	11	24	9	33	10	8	32	2	15	8	11	15	6	14	3	1	3	12	7	12	3	1	7	6	11	3	3	8	2	4	5	7	6	2	6	6	2	5	1	1	7	0	0	3	1	0	1	2	1	4	2	3	0	4	2	3	3	1	2	1	2	0	1	0	1	0	0	3	0	0	0	0	0	0	1	2	1	0	1	0	1	0	0	0	1	0	3	0	0	0	0	0	0	0	1	0	0	0	1	2	0	0	1	0	1	0	0	0	0	0	0	1	0	0	0	0	1	0	0	3	0	0	0	0	0	0	0	0	0	0	0	0	0	0	0	0	0	0	0	0	0	0	0	0	0	0	0	0	0	0	0	0	1	0	0	0	0	0	0	0	0	0	0	0
0.03	north6_all	80	4081	2598	1259	1219	824	610	570	402	435	314	381	218	239	277	222	163	174	207	150	165	119	95	90	85	99	102	75	92	61	63	56	44	71	62	46	34	77	44	34	28	28	36	32	27	35	28	20	31	21	20	19	17	24	14	26	19	14	8	18	11	16	11	8	4	16	13	11	9	10	8	7	4	10	9	4	8	12	2	9	7	3	3	1	4	4	4	1	2	4	2	5	2	3	3	6	3	3	5	3	6	5	4	2	2	1	2	0	2	2	0	1	0	1	0	1	2	2	2	0	0	0	2	0	1	0	1	0	1	0	0	0	1	2	2	0	1	0	0	1	0	2	0	0	1	0	1	0	0	0	1	0	1	1	0	1	0	0	0	0	0	3	0	0	0	0	0	1	0	0	0	0	0	0	0	0	0	2	0	0	0	0	1	0	0	0	0	1	0	0	0	0	0	0	0	0	0	0	0	0	1	0	0	0	0	0
0.03	north6_active	80	1293	1613	398	812	446	233	263	195	224	134	253	65	113	189	151	68	95	149	74	118	36	41	32	21	68	52	45	67	28	31	27	14	47	37	18	12	56	25	9	13	11	18	21	8	25	9	11	27	4	14	8	12	15	3	17	4	4	2	11	6	12	4	4	2	5	10	3	3	5	2	3	2	6	6	2	6	6	2	6	1	0	2	0	1	2	1	0	2	2	1	4	1	2	2	2	2	2	5	1	4	1	1	0	1	0	1	0	0	2	0	0	0	1	0	0	1	2	1	0	0	0	1	0	0	0	1	0	1	0	0	0	0	0	0	0	1	0	0	0	0	2	0	0	1	0	1	0	0	0	0	0	0	1	0	1	0	0	0	0	0	3	0	0	0	0	0	0	0	0	0	0	0	0	0	0	0	1	0	0	0	0	0	0	0	0	0	1	0	0	0	0	0	0	0	0	0	0	0	0	0	0	0	0	0	0
0.03	north7_all	80	4100	2606	1259	1254	838	582	542	416	419	323	403	217	243	274	240	159	171	192	156	157	126	84	87	84	107	102	84	102	60	64	58	45	67	58	49	32	72	37	39	29	34	36	39	28	34	24	21	31	17	22	19	18	24	14	19	13	13	11	21	15	16	13	12	6	13	17	5	8	8	10	6	3	10	4	4	7	5	3	7	7	2	1	4	4	0	3	0	1	4	3	4	1	4	3	7	3	5	4	3	8	3	4	3	4	2	2	1	1	2	1	2	0	2	0	1	3	0	2	0	1	0	2	0	1	0	2	0	2	1	0	0	1	2	2	0	1	0	0	0	0	2	0	0	0	0	1	0	0	1	0	0	1	0	0	2	0	0	0	0	0	0	0	0	0	0	0	0	0	0	0	0	0	0	0	0	0	2	0	0	0	0	1	0	0	0	0	1	0	0	0	0	0	0	0	0	0	0	0	0	0	0	0	0	0	0
0.03	north7_active	80	1290	1593	405	816	445	223	251	187	224	136	267	55	118	183	159	61	101	139	84	110	38	36	31	22	78	52	46	75	30	35	27	18	45	31	25	12	50	21	10	15	18	18	23	6	23	5	10	24	3	16	8	10	15	4	12	2	4	4	16	9	8	4	7	2	4	13	3	4	2	2	3	2	7	2	2	6	1	3	5	2	0	1	1	1	0	1	0	1	2	1	1	0	2	2	3	2	2	3	1	5	2	1	1	1	0	2	1	0	2	1	0	0	1	0	0	2	0	1	0	1	0	1	0	0	0	1	0	1	0	0	0	0	0	0	0	1	0	0	0	0	2	0	0	0	0	1	0	0	0	0	0	0	0	0	1	0	0	0	0	0	0	0	0	0	0	0	0	0	0	0	0	0	0	0	0	0	1	0	0	0	0	0	0	0	0	0	1	0	0	0	0	0	0	0	0	0	0	0	0	0	0	0	0	0	0
0.03	north8_all	80	4104	2587	1266	1250	872	580	528	428	444	318	403	222	247	246	226	151	169	179	160	162	126	87	81	86	100	90	96	93	66	58	55	54	73	58	52	38	55	40	40	22	24	39	39	27	30	19	20	31	12	21	18	27	19	15	17	12	10	15	23	14	20	12	16	6	13	19	7	10	9	9	3	4	4	4	4	6	4	3	4	4	3	2	3	7	1	3	0	2	1	3	2	1	2	4	4	1	4	3	2	9	7	3	3	3	3	1	1	0	0	2	2	0	2	0	3	2	0	1	0	3	0	1	0	1	0	2	0	1	1	1	0	0	1	2	0	0	0	0	0	0	1	0	0	0	0	0	0	1	1	0	1	2	0	0	2	1	0	0	0	0	0	0	0	0	0	0	0	0	0	0	0	0	0	0	0	0	2	0	0	0	0	1	0	0	0	0	1	0	0	0	0	0	0	0	0	0	1	0	0	0	0	0	0	0	0
0.03	north8_active	80	1281	1583	417	802	444	229	251	187	238	147	261	52	119	166	151	63	101	122	89	118	41	31	31	21	73	45	52	69	31	35	20	20	54	34	25	12	32	21	16	14	13	24	23	6	23	5	7	23	2	14	7	13	10	6	9	4	3	6	17	9	11	6	8	2	4	14	5	5	3	1	2	3	3	3	2	5	1	3	2	2	2	2	1	1	0	2	0	1	0	1	0	1	1	2	2	1	2	2	0	6	5	0	2	0	0	1	1	0	0	1	0	0	1	0	0	1	0	1	0	3	0	0	0	0	0	1	0	0	0	0	0	0	0	0	0	0	0	0	0	0	1	0	0	0	0	0	0	1	0	0	1	1	0	0	1	0	0	0	0	0	0	0	0	0	0	0	0	0	0	0	0	0	0	0	0	0	1	0	0	0	0	0	0	0	0	0	1	0	0	0	0	0	0	0	0	0	1	0	0	0	0	0	0	0	0
0.03	north9_all	80	4008	2540	1279	1296	848	570	541	452	440	311	376	212	227	258	238	170	190	191	154	161	129	98	94	81	109	83	90	90	81	60	59	56	64	55	60	42	50	45	36	25	30	34	38	28	29	28	16	39	13	33	18	26	13	15	16	8	11	15	27	18	20	10	15	11	9	23	9	13	11	10	2	4	3	8	5	4	4	3	6	3	5	2	5	8	1	4	1	2	1	4	3	2	2	3	3	1	3	4	1	10	7	1	3	2	4	3	2	1	1	2	4	1	3	2	3	1	0	1	1	3	0	1	1	1	0	2	1	1	1	1	0	0	1	1	1	0	0	1	0	0	1	0	0	0	0	0	0	1	1	0	1	1	0	0	1	1	1	0	0	0	0	0	0	0	0	0	0	0	0	0	0	0	0	0	0	0	1	0	0	0	0	0	0	0	0	0	0	0	0	0	0	0	0	0	0	0	1	0	0	0	0	0	0	0	0
0.03	north9_active	80	1268	1515	415	841	416	237	246	192	238	138	243	56	105	180	168	65	118	135	89	108	34	37	41	20	80	43	48	67	36	37	24	20	49	37	31	16	32	24	15	14	15	20	26	5	22	8	4	29	2	20	9	11	8	7	10	3	3	7	21	11	10	5	7	6	3	15	6	5	3	2	1	3	3	7	3	3	2	2	4	2	2	2	2	1	0	2	0	0	0	1	1	1	1	2	2	1	1	2	0	7	5	0	2	0	0	2	2	0	1	1	0	1	1	2	0	1	0	1	1	3	0	0	0	0	0	1	0	0	0	0	0	0	0	0	1	0	0	1	0	0	1	0	0	0	0	0	0	1	0	0	1	1	0	0	0	0	1	0	0	0	0	0	0	0	0	0	0	0	0	0	0	0	0	0	0	0	1	0	0	0	0	0	0	0	0	0	0	0	0	0	0	0	0	0	0	0	1	0	0	0	0	0	0	0	0
0.03	north10_all	80	4027	2435	1285	1305	886	612	542	452	421	307	332	212	233	274	237	182	221	213	158	157	122	109	98	85	108	86	85	76	86	57	40	57	69	58	47	45	41	40	35	25	28	38	37	28	29	28	17	41	13	32	18	22	18	17	20	9	15	16	21	9	23	11	11	13	10	17	9	10	10	7	5	6	4	10	5	6	3	2	5	4	5	3	4	7	3	4	1	3	7	5	6	4	3	2	3	1	6	4	1	5	6	1	3	0	3	2	1	1	1	1	3	1	2	2	2	0	0	1	1	3	0	1	2	1	0	2	1	0	1	1	0	0	0	0	1	0	0	1	0	0	2	0	0	0	0	0	0	1	0	0	1	1	0	1	1	1	1	0	0	0	0	0	0	0	0	0	0	0	0	0	1	0	1	0	0	0	0	0	0	0	0	0	0	0	0	0	0	0	0	0	0	0	0	0	0	0	1	0	0	0	0	0	0	0	0
0.03	north10_active	80	1282	1455	408	867	446	238	244	198	236	145	218	62	109	196	164	77	136	149	96	98	34	39	42	21	75	43	49	50	36	32	18	15	51	39	25	18	26	19	15	17	14	21	23	6	22	9	4	31	2	23	10	8	13	8	13	2	5	4	16	4	13	8	6	8	2	9	5	5	4	2	3	5	3	9	3	4	2	1	2	2	2	2	1	0	0	2	0	1	7	2	2	1	2	1	1	1	4	2	0	3	4	0	1	0	0	1	1	0	1	0	0	1	1	2	0	0	0	1	1	3	0	0	0	1	0	1	0	0	0	0	0	0	0	0	1	0	0	1	0	0	2	0	0	0	0	0	0	1	0	0	1	1	0	0	0	0	1	0	0	0	0	0	0	0	0	0	0	0	0	0	0	0	0	0	0	0	0	0	0	0	0	0	0	0	0	0	0	0	0	0	0	0	0	0	0	0	1	0	0	0	0	0	0	0	0
0.03	north11_all	80	4137	2486	1239	1196	842	604	535	460	431	333	362	237	249	272	236	162	180	198	121	166	89	97	75	84	112	71	91	75	71	71	61	49	71	58	53	39	49	40	30	33	30	24	37	26	40	20	19	32	26	21	18	24	26	11	19	10	13	16	23	10	17	16	11	14	3	15	6	9	15	7	7	13	10	11	5	7	3	6	9	5	8	7	2	4	4	5	6	5	3	1	2	5	6	3	2	4	5	2	5	0	3	2	1	2	1	0	7	0	2	2	1	1	3	0	3	2	1	2	0	0	0	0	0	0	1	1	0	0	0	4	0	1	0	0	1	1	0	0	0	1	3	0	0	0	0	0	0	0	1	1	0	0	0	0	1	0	0	0	0	0	0	0	0	0	0	0	0	0	0	0	0	0	0	0	0	0	0	0	0	0	0	0	0	0	0	0	0	0	0	0	0	0	0	0	0	0	0	0	1	0	0	0	0	0	0
0.03	north11_active	80	1297	1502	402	757	458	238	241	200	230	146	251	58	119	190	145	70	121	137	85	121	22	38	23	19	82	33	44	52	33	44	26	16	50	36	21	12	29	22	9	9	17	12	31	9	29	7	9	18	12	13	7	14	18	1	14	4	4	5	18	3	12	11	6	8	1	9	2	2	9	1	6	9	6	6	3	6	0	1	7	2	3	5	1	2	1	2	2	4	2	0	1	1	3	3	0	1	3	2	4	0	1	0	0	1	1	0	5	0	1	1	1	1	3	0	1	2	0	1	0	0	0	0	0	0	0	1	0	0	0	4	0	1	0	0	1	0	0	0	0	0	2	0	0	0	0	0	0	0	0	1	0	0	0	0	1	0	0	0	0	0	0	0	0	0	0	0	0	0	0	0	0	0	0	0	0	0	0	0	0	0	0	0	0	0	0	0	0	0	0	0	0	0	0	0	0	0	0	0	0	0	0	0	0	0	0
0.03	north12_all	80	4133	2467	1281	1236	835	586	548	487	438	347	368	229	240	266	265	177	173	184	122	145	101	100	80	75	116	79	86	67	69	76	55	63	51	62	50	40	58	39	31	34	34	28	27	20	37	23	20	27	26	17	15	23	23	16	18	9	13	10	22	8	21	12	8	8	7	13	11	7	15	6	10	14	13	7	5	5	1	9	8	3	6	6	6	6	5	7	5	7	3	1	2	5	3	3	1	5	7	2	3	0	2	0	1	3	2	0	6	1	4	4	1	1	3	0	4	3	1	1	0	1	0	0	0	0	1	0	0	0	0	4	0	1	0	0	1	0	0	0	0	1	1	0	0	0	0	1	0	0	0	1	0	0	1	0	0	0	0	0	0	0	0	0	0	0	0	0	0	0	0	1	0	0	0	0	0	0	0	0	0	0	0	0	0	0	0	0	0	0	0	0	0	0	0	0	0	0	0	0	0	0	0	0	0	0	0
0.03	north12_active	80	1267	1504	446	794	465	226	242	218	240	150	259	56	117	177	173	74	110	133	80	106	28	41	30	20	86	38	44	45	37	47	25	21	33	37	16	13	37	21	10	10	16	14	22	4	27	8	9	15	12	10	8	14	13	2	13	1	2	1	16	3	15	8	2	3	2	8	4	1	8	1	7	9	8	2	3	5	0	2	7	1	1	4	3	2	1	2	0	6	1	1	1	2	2	3	1	1	6	2	3	0	1	0	0	1	1	0	5	1	2	3	0	1	3	0	2	2	0	1	0	0	0	0	0	0	0	0	0	0	0	4	0	1	0	0	1	0	0	0	0	0	1	0	0	0	0	1	0	0	0	1	0	0	0	0	0	0	0	0	0	0	0	0	0	0	0	0	0	0	0	0	0	0	0	0	0	0	0	0	0	0	0	0	0	0	0	0	0	0	0	0	0	0	0	0	0	0	0	0	0	0	0	0	0	0	0
0.03	north13_all	80	4113	2537	1299	1257	828	593	542	458	426	335	378	218	234	261	263	181	174	178	139	142	88	101	80	62	120	77	82	70	67	87	54	51	53	54	54	31	47	42	37	31	34	31	24	23	31	25	24	35	19	12	14	19	16	21	22	11	20	8	23	9	17	21	11	8	8	15	10	7	12	8	12	12	10	7	4	6	0	7	8	4	5	6	5	3	2	7	3	9	3	3	3	5	4	2	1	4	8	2	1	0	2	0	1	2	1	1	5	2	4	5	2	1	2	0	4	4	1	1	0	1	0	0	0	1	0	0	1	0	0	4	1	1	2	0	0	0	0	0	0	1	0	0	0	0	0	1	0	0	0	0	0	0	1	0	0	0	0	0	0	0	0	0	0	0	0	0	0	0	0	1	0	0	0	0	0	0	0	0	0	0	0	0	0	0	0	0	0	0	0	0	0	0	0	0	0	0	0	0	0	0	0	0	1	0	0
0.03	north13_active	80	1300	1547	433	818	443	209	246	213	238	139	273	53	117	178	166	69	114	131	89	105	24	34	33	14	91	38	36	47	36	51	24	14	35	29	21	11	30	21	14	12	18	15	16	3	21	8	8	27	9	6	6	9	8	6	16	2	4	1	17	4	9	12	3	2	2	11	3	2	4	2	7	8	7	2	2	6	0	1	6	0	0	4	3	0	0	1	1	6	2	1	1	2	3	2	1	1	6	2	1	0	1	0	0	1	0	1	4	1	2	3	1	1	2	0	2	3	0	1	0	0	0	0	0	1	0	0	1	0	0	4	1	0	1	0	0	0	0	0	0	0	0	0	0	0	0	1	0	0	0	0	0	0	0	0	0	0	0	0	0	0	0	0	0	0	0	0	0	0	0	0	0	0	0	0	0	0	0	0	0	0	0	0	0	0	0	0	0	0	0	0	0	0	0	0	0	0	0	0	0	0	0	0	0	0	0
0.03	north14_all	80	4035	2533	1306	1262	832	592	539	466	397	327	341	241	240	295	237	176	174	187	153	135	98	97	81	67	112	87	97	85	66	82	50	52	53	46	54	31	47	33	40	32	32	33	26	26	24	30	24	40	14	13	15	20	22	24	17	11	21	9	16	8	17	17	12	7	7	11	10	9	17	7	12	7	11	5	5	2	2	6	3	6	5	5	4	4	3	6	3	6	2	3	4	3	4	1	1	2	5	0	0	1	1	0	1	2	2	1	4	3	4	3	2	1	1	0	2	4	0	0	0	1	0	1	0	1	0	0	1	0	1	2	2	1	2	0	0	0	1	0	0	0	0	0	0	0	0	1	0	0	1	0	0	0	1	0	0	0	0	0	0	0	0	0	0	0	0	0	0	0	0	1	0	0	0	0	0	0	0	0	0	0	1	0	0	0	0	0	0	0	0	0	0	0	0	0	0	1	0	0	0	0	0	0	1	0	0
0.03	north14_active	80	1256	1532	416	812	435	201	249	215	214	125	247	65	130	202	149	78	113	135	85	102	28	27	32	18	86	51	46	61	35	48	17	15	34	23	27	13	33	17	19	14	13	16	16	3	13	9	5	29	5	7	7	13	15	7	10	2	6	3	11	3	10	10	4	2	1	9	2	3	6	2	6	3	9	3	1	2	0	1	2	0	0	3	2	1	0	1	2	3	1	1	1	1	3	1	1	0	4	0	0	0	1	0	0	0	0	1	3	1	2	2	1	1	1	0	1	3	0	0	0	0	0	1	0	1	0	0	1	0	1	2	1	0	1	0	0	0	1	0	0	0	0	0	0	0	0	1	0	0	1	0	0	0	0	0	0	0	0	0	0	0	0	0	0	0	0	0	0	0	0	0	0	0	0	0	0	0	0	0	0	0	0	0	0	0	0	0	0	0	0	0	0	0	0	0	0	0	0	0	0	0	0	0	0	0	0
0.03	north15_all	80	4001	2513	1326	1241	875	576	521	456	379	333	341	238	252	303	230	177	157	204	158	135	101	91	76	65	100	79	83	98	61	80	46	46	64	41	52	37	57	36	36	25	38	32	28	22	28	31	20	36	16	16	15	23	21	18	14	11	21	11	16	17	18	19	8	10	6	15	6	14	15	10	5	9	13	11	6	5	5	5	7	7	5	7	4	1	3	7	5	3	6	3	4	3	3	1	1	5	2	1	4	1	1	0	0	2	1	2	1	3	1	4	1	1	2	1	1	1	0	1	0	1	1	1	0	1	1	0	3	0	1	1	2	1	2	1	0	0	1	0	0	1	0	0	0	0	0	1	0	0	1	0	0	0	0	0	0	0	0	0	0	0	0	0	0	0	0	0	0	0	0	0	0	0	0	0	0	0	0	0	0	0	1	0	0	0	0	0	0	0	0	0	0	0	0	0	0	1	0	0	0	0	0	0	1	0	0
0.03	north15_active	80	1279	1503	431	783	458	182	240	209	202	127	247	64	134	211	151	85	99	149	92	95	29	23	29	20	74	50	39	71	30	49	18	14	48	20	22	11	39	17	16	11	15	10	17	3	16	9	6	25	6	10	8	15	15	8	6	5	7	4	9	9	9	10	4	6	1	13	0	4	6	2	2	3	8	9	2	4	0	2	5	0	2	6	1	1	1	3	3	1	5	1	1	1	3	1	1	2	1	1	2	0	1	0	0	0	0	2	1	1	1	3	1	1	2	1	1	1	0	0	0	1	0	1	0	1	1	0	1	0	1	1	1	0	1	1	0	0	1	0	0	1	0	0	0	0	0	1	0	0	1	0	0	0	0	0	0	0	0	0	0	0	0	0	0	0	0	0	0	0	0	0	0	0	0	0	0	0	0	0	0	0	0	0	0	0	0	0	0	0	0	0	0	0	0	0	0	0	0	0	0	0	0	0	0	0	0
0.03	north16_all	80	4021	2484	1299	1181	896	578	529	439	385	317	348	247	254	295	214	174	158	215	153	140	113	90	78	86	89	76	87	94	57	75	50	40	67	44	48	39	56	37	34	31	35	32	26	25	22	33	21	26	20	20	17	29	19	15	15	12	17	14	20	14	17	18	7	9	8	15	7	16	12	6	6	7	17	10	10	5	5	4	7	4	6	7	2	1	3	5	5	4	6	2	5	5	5	1	0	6	1	1	4	1	2	0	3	1	2	2	2	2	3	1	2	1	1	1	1	1	0	2	0	1	1	1	0	1	2	0	3	0	1	0	2	0	0	1	0	0	1	0	0	1	0	0	0	0	0	0	0	0	1	0	0	0	0	0	0	1	0	0	0	0	0	0	0	1	0	0	0	0	0	0	0	0	0	0	0	0	0	0	0	0	1	0	0	0	0	0	0	0	0	0	0	0	0	0	0	1	0	0	0	0	0	0	1	0	0
0.03	north16_active	80	1309	1489	421	758	491	182	245	208	205	118	247	69	132	207	139	82	108	156	77	93	27	24	24	31	66	50	51	69	22	51	19	11	46	24	19	9	37	16	12	10	11	11	12	7	12	10	6	15	8	15	9	17	16	6	7	7	7	5	12	8	10	9	5	5	1	10	1	5	4	1	3	4	11	7	5	4	0	2	6	0	2	5	0	1	1	2	2	2	5	0	1	3	5	1	0	5	0	1	2	0	1	0	1	0	0	2	1	0	1	1	1	1	1	1	0	0	0	1	0	1	0	1	0	1	1	0	1	0	1	0	0	0	0	1	0	0	1	0	0	1	0	0	0	0	0	0	0	0	1	0	0	0	0	0	0	0	0	0	0	0	0	0	0	1	0	0	0	0	0	0	0	0	0	0	0	0	0	0	0	0	0	0	0	0	0	0	0	0	0	0	0	0	0	0	0	0	0	0	0	0	0	0	0	0	0
0.03	north17_all	80	4076	2481	1271	1180	889	597	534	452	396	323	385	250	248	292	212	167	161	223	157	145	128	105	90	100	93	68	76	88	57	70	54	50	58	50	48	49	70	30	32	40	37	29	18	26	24	23	19	20	26	34	21	32	20	13	16	18	12	19	17	15	18	13	9	11	9	16	7	17	10	7	8	6	12	8	10	6	4	7	8	4	5	7	3	1	5	5	6	3	7	3	5	6	6	2	1	7	1	2	5	0	4	0	3	0	1	2	1	1	3	3	2	0	1	1	1	1	0	2	0	1	1	0	0	0	2	1	2	0	0	0	2	0	0	2	0	0	0	0	0	1	0	0	0	0	0	0	0	2	0	0	0	0	0	0	0	1	0	0	1	0	3	1	1	1	2	0	0	1	0	0	1	1	0	0	0	0	0	0	0	0	0	0	0	0	0	0	0	0	0	0	0	0	0	0	0	1	0	0	0	0	0	0	0	0	1
0.03	north17_active	80	1322	1483	404	744	489	198	243	213	214	131	278	78	125	210	132	78	111	168	92	97	38	32	27	32	72	40	46	61	27	50	24	16	39	30	18	17	49	13	9	16	15	10	8	8	17	7	7	13	9	26	13	19	17	6	7	9	8	9	9	8	12	5	6	8	1	11	1	6	5	2	6	4	6	6	6	5	0	5	7	0	3	5	0	1	1	3	3	2	5	0	1	3	6	2	0	5	0	2	2	0	1	0	1	0	0	2	0	0	1	2	1	0	1	1	0	0	0	1	0	1	0	0	0	0	1	0	0	0	0	0	0	0	0	1	0	0	0	0	0	1	0	0	0	0	0	0	0	2	0	0	0	0	0	0	0	0	0	0	0	0	3	1	0	1	2	0	0	1	0	0	0	0	0	0	0	0	0	0	0	0	0	0	0	0	0	0	0	0	0	0	0	0	0	0	0	0	0	0	0	0	0	0	0	0	1
0.03	north18_all	80	4147	2548	1261	1203	887	613	537	436	415	319	392	255	271	278	233	165	180	208	162	154	128	103	101	103	99	72	88	67	54	69	62	50	51	55	42	49	74	30	34	42	37	27	19	29	23	19	17	29	24	34	20	23	19	11	23	17	9	18	15	11	14	11	7	7	11	14	5	14	5	6	8	8	9	4	7	5	4	5	13	4	6	11	7	2	6	4	3	2	3	4	3	7	10	3	1	4	3	2	6	0	4	1	3	0	1	2	1	1	3	3	2	1	0	0	2	2	1	2	1	2	1	0	0	0	1	1	1	0	0	0	1	0	0	1	0	1	1	1	0	0	0	0	0	0	0	1	0	2	0	0	0	0	0	0	0	1	0	0	1	0	4	1	1	1	2	0	0	1	0	0	1	1	0	0	0	0	0	0	0	1	0	0	0	0	0	0	0	0	0	0	0	0	0	0	0	0	0	0	0	0	0	0	0	0	1
0.03	north18_active	80	1359	1516	403	775	474	207	241	217	221	128	269	79	133	195	146	75	121	157	93	103	38	35	28	32	79	34	55	44	22	50	26	16	37	35	19	17	56	16	10	17	18	9	11	9	18	6	6	20	9	24	9	11	16	6	11	9	4	9	8	7	12	4	4	4	2	9	1	5	1	2	6	5	6	3	5	3	1	5	13	1	2	7	2	1	1	2	2	1	1	0	0	4	10	2	0	3	0	2	5	0	1	1	1	0	0	1	0	0	0	2	1	1	0	0	1	1	0	1	0	2	0	0	0	0	0	0	0	0	0	0	0	0	0	0	0	0	0	0	0	0	0	0	0	0	0	1	0	2	0	0	0	0	0	0	0	0	0	0	0	0	3	1	0	1	2	0	0	1	0	0	0	0	0	0	0	0	0	0	0	1	0	0	0	0	0	0	0	0	0	0	0	0	0	0	0	0	0	0	0	0	0	0	0	0	1
0.03	north19_all	80	4159	2631	1241	1225	837	620	515	428	399	338	379	267	270	272	241	161	184	191	177	173	115	101	106	96	98	73	78	68	62	67	72	60	64	56	41	49	73	26	37	38	27	32	28	29	32	17	17	36	20	34	22	21	18	15	25	17	10	18	10	8	13	11	8	10	9	11	3	6	6	7	8	8	12	1	7	9	4	3	15	4	4	8	7	5	6	5	2	1	3	6	5	3	6	3	3	4	4	1	5	0	3	1	1	0	0	4	2	1	1	2	1	4	0	0	2	1	1	1	2	2	0	0	1	0	0	1	1	0	0	0	0	0	3	2	1	1	2	1	1	0	0	0	5	0	0	1	0	2	0	0	0	0	0	0	0	0	0	1	1	0	4	1	1	1	2	0	0	1	0	0	1	1	0	0	0	0	0	0	0	1	0	0	0	0	0	0	0	0	0	0	0	0	0	0	0	0	0	0	0	0	0	0	0	0	1
0.03	north19_active	80	1329	1558	374	776	444	217	242	213	211	140	260	86	130	190	152	78	120	145	105	121	29	41	32	29	82	33	40	43	30	44	33	18	43	38	17	16	52	15	12	18	14	12	17	6	23	5	7	27	8	23	11	11	13	9	13	7	5	10	6	3	10	5	3	7	1	9	0	2	4	4	7	4	9	0	5	6	1	3	14	1	2	3	3	2	1	2	2	0	1	1	1	1	6	1	2	1	1	1	4	0	1	1	1	0	0	2	2	0	0	1	1	3	0	0	1	1	0	1	1	2	0	0	0	0	0	0	0	0	0	0	0	0	3	0	0	0	1	0	0	0	0	0	1	0	0	1	0	2	0	0	0	0	0	0	0	0	0	1	0	0	3	1	0	1	2	0	0	1	0	0	0	0	0	0	0	0	0	0	0	1	0	0	0	0	0	0	0	0	0	0	0	0	0	0	0	0	0	0	0	0	0	0	0	0	1
0.03	north20_all	80	4063	2567	1293	1296	784	627	495	452	422	346	396	272	260	256	251	180	213	185	172	161	105	103	99	81	114	74	90	69	57	73	80	76	78	58	37	38	64	24	41	26	26	33	36	33	31	19	16	38	21	28	22	18	23	18	29	13	11	13	14	6	8	12	9	9	4	11	3	6	4	9	8	11	15	3	4	11	6	5	14	5	4	9	8	5	5	7	2	1	3	7	5	2	8	3	3	4	7	2	6	1	2	1	0	0	0	4	2	0	1	2	1	4	0	1	1	1	2	0	2	2	1	0	1	0	0	1	1	0	0	0	1	0	3	2	1	1	3	1	1	0	0	0	6	0	0	1	0	0	0	0	0	0	0	0	0	0	0	1	0	0	1	1	1	0	0	0	3	0	0	0	0	0	0	0	0	0	0	0	0	1	0	0	0	0	0	0	0	0	0	0	0	0	0	0	0	0	0	0	0	0	0	0	0	0	1
0.03	north20_active	80	1274	1553	386	843	398	210	223	223	224	128	263	79	122	180	163	87	131	137	101	113	27	35	30	25	91	29	43	44	29	45	39	20	55	37	18	8	46	11	14	15	12	14	22	11	20	7	5	25	6	17	8	11	14	8	16	6	3	6	8	2	5	5	4	7	1	10	0	3	4	3	5	4	12	2	3	7	1	4	12	1	2	5	3	2	1	2	2	1	2	1	1	1	7	1	2	1	3	2	5	0	1	1	0	0	0	2	2	0	0	1	1	3	0	0	1	1	0	0	1	2	1	0	0	0	0	0	0	0	0	0	0	0	3	0	0	0	2	0	0	0	0	0	2	0	0	1	0	0	0	0	0	0	0	0	0	0	0	1	0	0	0	1	0	0	0	0	3	0	0	0	0	0	0	0	0	0	0	0	0	1	0	0	0	0	0	0	0	0	0	0	0	0	0	0	0	0	0	0	0	0	0	0	0	0	1
0.03	south21_all	80	5655	2303	1299	1173	705	602	620	459	463	356	317	231	219	207	163	178	175	177	114	96	105	103	93	94	80	59	56	66	74	60	55	52	53	40	44	46	53	36	37	43	33	32	26	30	13	16	28	20	19	19	19	15	13	8	18	15	26	26	10	16	12	13	14	11	15	12	5	8	18	10	9	6	3	5	5	14	5	4	3	4	5	3	7	4	6	3	5	7	3	2	7	3	2	0	3	4	7	0	6	2	1	2	0	1	0	1	2	1	0	1	3	2	2	0	0	0	1	0	0	1	1	0	1	3	2	0	2	0	2	0	2	1	2	2	1	0	0	1	1	2	0	2	1	0	0	0	0	1	0	1	0	0	0	0	0	0	2	1	0	1	2	1	0	0	0	0	0	0	0	0	0	0	0	0	0	1	0	1	0	0	0	0	0	0	0	0	0	0	0	0	0	0	0	0	0	0	0	0	0	0	0	0	0	0	0
0.03	south21_active	80	3815	1208	486	712	205	203	395	209	258	153	136	67	73	99	64	85	115	131	49	31	39	39	35	66	23	21	23	22	54	32	14	20	30	18	20	13	19	20	21	27	21	16	11	11	5	6	10	12	13	9	7	4	5	2	6	6	17	14	3	10	4	6	7	6	8	7	0	4	13	5	6	3	0	0	1	6	3	0	1	3	1	2	4	1	0	2	2	6	0	0	1	2	1	0	0	3	6	0	2	0	1	2	0	0	0	0	1	1	0	0	1	2	2	0	0	0	1	0	0	1	0	0	0	1	0	0	2	0	0	0	0	0	2	2	0	0	0	0	0	1	0	0	1	0	0	0	0	0	0	1	0	0	0	0	0	0	1	1	0	1	0	0	0	0	0	0	0	0	0	0	0	0	0	0	0	0	0	1	0	0	0	0	0	0	0	0	0	0	0	0	0	0	0	0	0	0	0	0	0	0	0	0	0	0	0
0.03	south22_all	80	5537	2272	1324	1108	703	605	607	478	455	351	315	256	211	213	159	183	202	176	115	100	112	110	90	96	74	65	67	66	73	65	44	49	66	45	40	42	45	36	38	44	31	34	27	26	9	21	27	13	20	27	17	13	18	15	21	13	22	21	10	19	13	9	14	13	13	9	5	8	12	11	6	5	4	7	7	9	6	7	5	1	8	4	6	4	8	7	3	4	2	1	4	2	3	3	2	5	7	1	2	2	0	2	0	0	1	1	2	2	1	1	2	6	2	0	1	0	0	0	0	2	1	0	1	3	0	0	1	0	3	1	1	4	1	3	1	0	0	2	0	2	0	1	1	0	0	0	0	1	0	1	0	0	0	0	0	0	1	1	0	1	2	1	0	1	0	0	0	0	0	0	0	0	0	0	0	1	0	0	1	0	0	0	0	0	0	0	0	0	0	0	0	0	0	0	0	0	0	0	0	0	0	0	0	1	0
0.03	south22_active	80	3710	1216	487	674	206	209	369	224	240	152	124	77	67	101	60	78	134	124	46	39	43	39	36	64	25	24	27	25	53	37	11	16	39	23	20	10	17	22	21	26	16	17	8	10	3	10	5	8	12	10	7	5	5	7	8	7	16	13	3	12	5	4	7	8	9	5	0	5	8	4	4	2	0	0	2	2	1	0	1	1	2	2	2	1	2	3	1	3	0	0	1	1	1	2	1	3	6	1	1	0	0	2	0	0	0	0	0	1	0	0	1	5	2	0	0	0	0	0	0	0	0	0	0	1	0	0	1	0	1	0	0	3	1	2	0	0	0	1	0	1	0	0	1	0	0	0	0	0	0	1	0	0	0	0	0	0	0	1	0	1	0	0	0	1	0	0	0	0	0	0	0	0	0	0	0	0	0	0	0	0	0	0	0	0	0	0	0	0	0	0	0	0	0	0	0	0	0	0	0	0	0	0	0	0	0
0.03	south23_all	80	5560	2221	1347	1140	685	603	610	470	465	368	305	246	222	209	167	191	220	161	123	105	123	110	89	110	78	62	71	64	68	60	46	40	59	51	39	42	41	37	31	45	29	34	32	26	11	27	25	17	23	22	12	13	20	14	19	19	17	16	15	17	10	10	12	15	11	11	6	7	10	11	4	8	5	7	5	10	7	7	7	1	4	8	6	4	7	8	3	7	2	4	3	1	3	5	2	3	7	1	1	4	2	1	1	0	3	1	1	1	1	1	1	4	1	1	3	0	0	0	0	2	0	2	1	1	0	0	0	0	3	1	1	4	0	3	2	0	0	2	0	2	0	1	1	0	0	1	0	1	2	1	0	0	0	0	1	0	0	0	0	0	2	0	0	2	0	0	0	0	0	0	0	0	0	0	0	1	1	0	1	0	0	0	0	0	0	0	0	0	0	0	0	0	0	0	0	0	0	0	0	0	0	0	0	1	0
0.03	south23_active	80	3756	1232	493	668	207	208	368	217	242	164	122	60	67	95	57	85	159	108	57	37	45	32	40	69	38	19	28	26	47	35	11	15	36	32	18	11	14	24	16	26	11	12	7	7	4	11	5	11	14	11	6	5	5	8	8	11	13	11	4	9	3	5	4	10	8	7	0	5	8	5	2	4	1	1	1	2	1	0	3	1	1	5	2	0	2	4	1	6	0	1	1	1	2	3	1	2	6	1	1	2	1	1	1	0	0	0	0	0	0	0	1	3	1	1	2	0	0	0	0	0	0	2	0	1	0	0	0	0	1	0	0	3	0	2	1	0	0	1	0	1	0	0	1	0	0	0	0	0	0	1	0	0	0	0	0	0	0	0	0	0	0	0	0	2	0	0	0	0	0	0	0	0	0	0	0	0	1	0	0	0	0	0	0	0	0	0	0	0	0	0	0	0	0	0	0	0	0	0	0	0	0	0	0	0	0
0.03	south24_all	80	5542	2238	1357	1140	687	613	637	444	454	357	314	252	234	208	173	196	237	152	133	111	120	110	87	121	71	69	74	62	72	56	52	50	57	48	35	37	35	30	33	44	33	33	33	23	16	24	24	21	22	24	11	15	23	17	15	13	7	11	15	21	11	10	17	23	9	15	6	8	3	7	3	8	5	6	5	8	8	5	7	3	8	9	5	7	3	5	1	8	0	9	1	4	3	5	3	2	3	4	0	5	3	1	1	1	3	3	1	1	1	0	1	5	0	1	3	0	1	1	1	2	0	4	2	0	0	1	1	0	2	1	1	4	1	2	1	0	0	1	0	1	0	0	0	0	0	2	0	0	2	0	0	0	1	0	1	0	0	0	1	0	1	0	0	2	0	0	0	0	0	0	0	0	0	0	0	0	1	0	1	0	0	1	0	1	0	0	0	0	0	0	0	0	0	0	0	0	0	0	0	0	0	0	0	1	0
0.03	south24_active	80	3801	1249	485	670	207	211	394	210	226	163	124	68	80	94	69	90	174	93	69	40	45	34	37	73	33	27	29	29	52	29	13	20	31	31	10	13	10	18	15	27	16	12	7	9	4	9	6	14	11	10	6	9	8	11	6	8	6	5	6	10	1	5	12	17	8	11	0	6	1	3	1	4	1	2	1	3	1	0	3	2	2	6	1	2	2	2	0	7	0	6	0	0	1	3	1	1	2	1	0	3	1	1	1	0	0	2	0	0	0	0	1	4	0	1	2	0	1	1	0	0	0	2	0	0	0	1	0	0	1	0	0	3	0	1	1	0	0	1	0	0	0	0	0	0	0	1	0	0	0	0	0	0	1	0	0	0	0	0	1	0	0	0	0	2	0	0	0	0	0	0	0	0	0	0	0	0	1	0	0	0	0	1	0	1	0	0	0	0	0	0	0	0	0	0	0	0	0	0	0	0	0	0	0	0	0
0.03	south25_all	80	5630	2263	1391	1173	682	650	663	425	412	354	304	226	229	198	181	191	241	176	145	105	120	101	90	125	82	69	72	62	85	65	50	50	41	45	35	41	38	35	34	40	32	36	29	24	23	30	22	24	23	23	16	17	20	19	18	17	7	7	14	20	10	7	17	17	6	16	9	8	4	6	8	10	5	6	6	8	7	4	9	4	7	12	4	7	2	3	2	12	2	11	0	4	3	4	1	2	2	4	0	5	5	2	4	1	3	2	1	1	0	0	0	1	0	1	3	1	1	2	1	1	1	4	2	0	0	1	1	0	0	1	1	2	1	0	1	1	2	1	0	1	0	0	0	0	0	4	0	0	2	1	0	0	1	0	1	0	0	1	1	0	0	0	0	1	1	0	0	0	0	0	0	0	0	0	0	0	1	0	0	0	0	1	0	1	0	0	2	0	0	1	0	0	0	0	0	0	0	0	0	0	0	0	0	0	0
0.03	south25_active	80	3899	1245	510	684	201	239	423	202	204	146	124	59	84	98	78	94	175	117	69	35	44	30	45	76	35	32	26	31	62	34	9	20	22	28	10	12	9	18	14	22	17	19	8	10	7	4	7	15	14	8	9	9	6	9	10	8	3	4	5	9	0	3	13	12	6	13	1	6	2	5	5	6	1	2	2	4	0	0	5	2	1	8	2	2	0	2	1	10	0	8	0	0	1	2	0	2	0	0	0	4	2	2	1	0	0	2	0	1	0	0	0	1	0	1	3	1	1	2	0	0	1	2	0	0	0	1	0	0	0	0	0	0	0	0	1	1	2	1	0	0	0	0	0	0	0	1	0	0	0	0	0	0	1	0	0	0	0	1	1	0	0	0	0	1	0	0	0	0	0	0	0	0	0	0	0	0	1	0	0	0	0	1	0	1	0	0	0	0	0	0	0	0	0	0	0	0	0	0	0	0	0	0	0	0	0
0.03	south26_all	80	5585	2269	1366	1200	701	636	675	421	430	332	327	216	226	187	181	180	223	198	146	107	102	96	87	121	72	76	64	68	100	70	55	58	44	44	39	35	40	35	36	43	40	30	24	23	24	27	22	26	23	22	19	22	17	22	15	13	4	9	7	22	9	8	16	18	5	13	10	7	7	6	11	9	4	6	6	6	6	5	5	6	7	6	4	8	5	1	2	12	3	10	2	4	2	2	1	2	2	5	0	2	6	2	4	1	1	2	0	1	0	0	1	1	0	1	3	1	1	2	1	1	1	2	2	0	0	1	1	2	1	0	1	1	1	0	2	1	5	0	0	1	0	0	0	0	1	4	1	0	1	1	0	0	1	0	0	0	0	1	3	0	0	0	0	0	1	0	0	1	0	0	0	0	0	0	0	0	1	0	0	0	0	1	0	1	0	0	2	0	0	1	0	0	0	0	0	0	0	0	0	0	0	0	0	0	0
0.03	south26_active	80	3838	1211	494	709	210	250	413	210	213	134	134	66	84	92	77	91	165	129	69	32	39	33	45	76	26	41	24	33	77	33	10	24	29	24	13	8	7	14	14	28	27	18	10	11	9	6	8	12	15	8	11	10	8	14	8	5	1	5	4	12	0	2	14	14	4	10	3	4	3	5	9	7	0	2	1	4	0	0	3	4	2	4	2	4	0	1	1	9	0	9	1	0	0	0	0	2	0	1	0	2	1	2	0	0	0	2	0	1	0	0	0	1	0	1	3	1	1	2	0	0	1	0	0	0	0	1	0	2	0	0	0	0	0	0	1	1	5	0	0	0	0	0	0	0	0	1	0	0	0	0	0	0	1	0	0	0	0	1	3	0	0	0	0	0	0	0	0	0	0	0	0	0	0	0	0	0	1	0	0	0	0	1	0	1	0	0	0	0	0	0	0	0	0	0	0	0	0	0	0	0	0	0	0	0	0
0.03	south27_all	80	5628	2402	1371	1211	719	628	667	415	444	321	317	201	235	196	177	169	207	212	142	122	96	98	95	116	78	72	80	65	109	67	43	58	49	44	41	34	44	31	42	39	35	37	21	20	22	34	22	23	21	20	21	22	20	20	17	14	9	12	7	22	8	8	15	12	10	8	13	8	8	6	12	4	3	5	4	2	4	4	7	9	8	8	5	7	7	2	3	9	6	6	4	3	2	3	1	2	4	5	1	3	5	2	5	0	3	0	0	2	0	0	1	1	1	0	1	1	0	2	0	1	1	1	1	0	0	1	1	4	1	0	0	1	1	0	1	1	5	0	0	0	0	0	0	0	2	3	1	1	0	1	0	0	0	0	0	0	0	1	2	0	0	0	0	0	2	0	0	1	0	0	0	0	0	0	0	0	0	0	0	0	0	0	0	0	0	0	2	0	0	1	0	0	1	0	0	0	0	0	0	0	0	0	0	0	0
0.03	south27_active	80	3873	1278	502	741	215	249	405	190	235	136	133	64	82	86	69	77	150	140	72	36	37	34	43	77	27	35	40	35	86	30	10	23	27	24	14	8	9	9	11	25	25	19	9	11	10	10	6	7	16	6	11	11	10	13	10	5	5	7	3	11	2	1	11	8	4	5	6	3	3	3	11	3	0	2	1	2	0	0	4	7	4	6	2	6	1	2	1	6	2	5	1	0	0	1	1	2	0	3	0	3	1	2	1	0	1	0	0	2	0	0	0	1	0	0	1	1	0	2	0	0	1	0	0	0	0	1	1	4	0	0	0	0	0	0	0	1	5	0	0	0	0	0	0	0	1	1	0	0	0	0	0	0	0	0	0	0	0	1	2	0	0	0	0	0	1	0	0	0	0	0	0	0	0	0	0	0	0	0	0	0	0	0	0	0	0	0	0	0	0	0	0	0	1	0	0	0	0	0	0	0	0	0	0	0	0
0.03	south28_all	80	5594	2360	1366	1204	719	604	621	429	439	338	315	217	224	198	188	161	206	204	136	119	106	103	103	116	78	73	71	60	109	65	46	55	52	44	47	33	45	35	33	47	38	39	25	24	20	25	19	24	26	17	17	18	20	15	11	13	15	12	11	24	7	6	14	10	11	7	10	6	9	7	10	5	4	5	5	3	2	5	5	8	6	5	4	5	7	2	2	7	5	2	5	4	5	4	2	0	3	3	1	4	3	3	3	1	3	1	0	1	0	1	1	0	1	0	1	1	0	1	0	1	1	2	0	0	1	0	1	5	1	2	0	0	0	0	1	0	3	0	0	0	1	0	0	0	2	2	1	1	0	0	0	0	1	0	1	0	0	0	2	0	0	0	0	0	1	0	0	1	0	0	0	0	1	0	0	0	0	0	0	0	0	0	0	0	0	0	0	0	0	1	0	0	1	0	0	0	0	0	0	0	0	0	0	0	0
0.03	south28_active	80	3883	1249	509	759	224	229	381	195	228	139	143	73	74	76	74	69	155	139	73	32	40	32	44	82	31	33	37	28	84	32	9	25	31	27	17	8	11	14	7	32	23	13	11	14	11	11	5	6	15	6	8	9	11	8	7	7	13	8	5	11	3	1	6	7	5	4	6	2	2	3	9	2	1	3	2	1	0	0	4	7	3	3	1	4	1	1	1	6	3	2	2	2	2	1	1	0	1	3	0	3	0	2	1	0	1	0	0	1	0	1	0	0	0	0	1	0	0	0	0	0	1	1	0	0	1	0	1	4	0	0	0	0	0	0	0	0	3	0	0	0	0	0	0	0	1	0	0	0	0	0	0	0	0	0	1	0	0	0	2	0	0	0	0	0	1	0	0	0	0	0	0	0	1	0	0	0	0	0	0	0	0	0	0	0	0	0	0	0	0	0	0	0	1	0	0	0	0	0	0	0	0	0	0	0	0
0.03	south29_all	80	5628	2340	1361	1188	716	585	617	434	430	341	328	240	219	209	174	166	202	205	134	118	107	102	105	105	86	69	86	73	97	68	49	49	59	54	43	38	45	36	32	46	31	41	29	20	21	24	18	22	29	20	12	22	21	7	7	12	17	16	15	18	14	8	11	7	12	7	8	5	6	8	8	6	2	6	3	4	1	2	4	8	6	5	3	5	3	4	4	6	4	1	5	5	6	5	2	5	4	2	1	5	1	5	2	2	5	2	1	1	0	1	1	0	2	0	0	1	1	1	0	0	1	2	0	0	1	0	1	3	1	2	0	0	0	0	0	0	3	0	0	0	1	0	0	1	2	0	1	2	1	0	0	0	1	0	1	0	0	0	0	0	0	0	0	0	1	0	0	0	0	0	0	0	1	0	0	0	0	0	0	0	0	0	0	0	0	0	0	0	0	0	0	0	1	0	0	0	0	0	0	0	0	0	0	0	0
0.03	south29_active	80	3931	1259	483	773	224	211	375	184	226	138	139	80	70	85	68	70	141	136	69	31	39	34	35	70	36	36	45	35	69	37	11	21	31	33	18	13	13	10	5	25	15	13	12	10	15	8	7	7	18	9	4	12	10	2	5	7	13	10	7	11	9	3	5	5	6	3	5	1	0	3	7	3	1	3	2	1	0	0	3	7	3	3	1	5	1	1	0	4	3	1	3	3	3	1	1	5	2	2	0	3	0	4	1	0	3	1	1	1	0	1	1	0	0	0	0	0	1	0	0	0	0	1	0	0	1	0	1	2	0	0	0	0	0	0	0	0	3	0	0	0	0	0	0	0	1	0	0	1	0	0	0	0	0	0	1	0	0	0	0	0	0	0	0	0	1	0	0	0	0	0	0	0	1	0	0	0	0	0	0	0	0	0	0	0	0	0	0	0	0	0	0	0	1	0	0	0	0	0	0	0	0	0	0	0	0
0.03	south30_all	80	5778	2279	1374	1133	720	593	614	444	430	354	299	249	211	220	191	175	201	180	136	116	127	115	119	105	84	72	82	72	78	64	55	51	71	54	46	42	40	40	33	47	33	37	30	25	21	16	16	22	23	22	9	17	15	11	9	11	20	8	15	25	14	6	8	6	8	9	6	4	5	9	6	10	3	8	4	4	1	2	5	5	5	3	1	3	2	3	6	5	3	2	5	6	6	4	3	6	3	1	0	5	1	5	2	2	6	2	2	1	1	3	1	0	1	0	1	1	1	1	0	1	1	1	0	0	2	0	1	1	2	2	0	0	0	0	0	1	0	0	0	0	1	0	0	1	1	1	0	2	1	0	0	0	1	0	1	0	0	0	0	0	0	0	0	0	0	0	0	0	1	0	1	0	1	0	0	0	0	0	0	0	0	0	1	0	0	0	0	0	0	0	0	0	0	0	0	0	0	0	0	0	0	0	0	0	0
0.03	south30_active	80	4047	1261	496	716	216	203	379	185	243	141	113	75	69	94	72	76	140	128	61	33	52	33	42	67	33	33	37	38	55	30	12	24	43	32	20	13	14	15	9	26	17	14	13	11	15	3	7	9	15	11	4	10	6	5	2	6	17	5	6	17	8	5	3	3	6	4	3	1	0	4	4	6	2	3	3	1	0	0	2	4	1	2	1	3	1	0	1	4	3	1	2	3	3	0	1	5	3	0	0	3	0	4	1	0	5	1	1	1	1	3	1	0	0	0	0	0	1	0	0	0	0	1	0	0	2	0	1	0	0	0	0	0	0	0	0	1	0	0	0	0	0	0	0	0	1	1	0	2	0	0	0	0	0	0	1	0	0	0	0	0	0	0	0	0	0	0	0	0	1	0	1	0	1	0	0	0	0	0	0	0	0	0	0	0	0	0	0	0	0	0	0	0	0	0	0	0	0	0	0	0	0	0	0	0	0
0.03	south31_all	80	5614	2316	1327	1208	699	574	637	465	381	360	295	232	207	216	195	173	194	176	138	103	124	92	101	100	79	77	77	85	74	60	56	54	65	44	47	32	31	38	29	43	32	39	32	34	21	21	15	16	25	10	26	18	18	24	13	19	9	11	10	12	17	9	11	7	7	19	7	11	8	9	8	10	11	7	6	12	4	6	6	2	3	12	3	3	3	4	3	3	3	3	4	2	3	0	3	3	4	1	1	1	0	0	4	1	2	2	0	4	1	0	1	2	2	2	3	0	1	2	1	2	0	0	1	0	1	1	1	2	1	1	1	0	1	0	0	0	1	0	1	1	1	0	2	0	0	1	0	1	1	1	0	0	0	1	0	0	1	0	0	0	1	0	1	0	0	0	0	0	0	0	0	0	0	0	0	0	0	0	0	0	0	0	0	0	1	0	0	0	0	0	0	0	0	0	0	0	0	0	0	0	1	0	0	0	0
0.03	south31_active	80	3846	1178	521	738	200	192	402	191	230	170	123	59	64	96	79	85	133	109	76	31	46	31	45	62	22	33	35	36	44	32	19	23	39	27	15	8	8	17	13	25	22	19	17	18	6	9	9	4	13	1	11	8	7	14	3	8	5	6	3	4	2	4	9	3	6	16	3	6	7	2	8	6	3	0	5	6	0	1	2	2	0	3	0	1	1	2	0	3	0	1	1	0	1	0	3	2	0	0	1	0	0	0	0	1	2	1	0	2	0	0	0	1	0	1	1	0	1	2	0	2	0	0	1	0	0	1	1	2	1	0	1	0	0	0	0	0	1	0	0	0	0	0	0	0	0	1	0	1	1	1	0	0	0	0	0	0	1	0	0	0	1	0	0	0	0	0	0	0	0	0	0	0	0	0	0	0	0	0	0	0	0	0	0	0	0	0	0	0	0	0	0	0	0	0	0	0	0	0	0	0	0	0	0	0	0
0.03	south32_all	80	5649	2309	1325	1194	707	591	645	470	396	352	308	218	229	227	182	179	207	167	127	110	126	98	102	102	81	81	68	76	74	64	54	66	70	46	44	32	38	39	30	41	30	38	34	35	22	16	11	12	28	17	20	23	18	27	15	18	12	10	12	13	18	9	8	10	5	19	5	10	10	9	7	12	10	5	10	11	2	5	6	4	3	7	3	4	3	8	3	2	5	3	2	2	3	1	5	4	3	0	2	1	0	3	4	1	1	2	0	1	0	0	1	1	1	2	2	1	1	1	2	3	3	0	1	0	0	0	0	0	0	0	0	0	2	0	1	0	1	0	0	1	0	0	2	0	0	1	0	2	1	2	0	0	0	1	1	0	1	0	0	0	0	0	1	0	0	0	0	0	0	0	0	0	0	0	0	0	0	0	0	0	0	0	0	0	1	0	0	0	0	0	0	1	0	0	0	0	0	0	0	0	1	0	0	0	0
0.03	south32_active	80	3904	1173	518	745	200	198	411	194	240	163	130	53	70	103	75	84	145	112	79	31	40	38	43	62	22	32	29	36	48	32	15	25	40	25	14	11	12	16	15	23	21	21	17	19	6	3	7	4	15	4	9	12	8	17	3	6	9	6	6	6	2	4	6	3	4	16	3	7	5	3	5	9	3	0	9	6	0	1	2	2	0	2	0	1	0	5	1	2	0	1	1	0	1	0	5	4	0	0	1	0	0	1	0	1	1	1	0	0	0	0	0	1	0	1	1	1	0	1	0	3	1	0	1	0	0	0	0	0	0	0	0	0	0	0	1	0	1	0	0	0	0	0	0	0	0	1	0	2	1	2	0	0	0	0	0	0	1	0	0	0	0	0	0	0	0	0	0	0	0	0	0	0	0	0	0	0	0	0	0	0	0	0	0	0	0	0	0	0	0	0	0	0	0	0	0	0	0	0	0	0	0	0	0	0	0
0.03	south33_all	80	5676	2317	1355	1184	705	598	634	469	429	370	319	211	210	236	166	178	204	178	140	112	116	105	99	109	73	74	63	69	92	67	53	63	82	51	46	34	38	37	29	50	32	30	31	30	21	19	15	14	43	18	19	21	13	28	15	15	12	15	16	15	17	10	8	12	8	15	6	5	12	6	10	10	8	3	9	10	2	5	4	4	2	3	2	5	5	8	1	3	6	5	3	1	6	2	5	4	5	1	2	1	0	4	3	1	1	3	0	2	1	0	2	1	1	3	2	1	1	0	2	3	3	0	1	0	0	1	0	0	1	0	1	0	3	0	1	0	0	0	0	1	0	0	1	0	0	0	0	2	1	2	0	0	0	1	1	0	0	0	0	0	0	0	0	0	0	0	0	0	0	0	0	0	0	0	0	0	0	0	0	0	0	0	0	0	1	0	0	0	0	0	0	1	0	0	0	0	0	0	0	0	0	0	0	0	0
0.03	south33_active	80	3932	1192	523	726	192	202	393	197	261	164	135	47	60	105	69	77	144	116	82	32	41	45	41	67	22	31	24	31	64	28	15	24	44	26	12	13	9	14	14	32	24	18	14	17	5	5	9	5	29	6	8	9	6	18	4	3	8	10	5	8	2	5	5	4	5	12	2	4	4	2	8	7	3	0	9	4	0	1	1	2	1	1	0	1	0	6	1	3	1	3	1	0	2	1	5	3	1	0	1	0	0	1	0	1	1	2	0	1	0	0	1	1	0	1	0	1	0	0	0	3	1	0	1	0	0	1	0	0	0	0	1	0	1	0	1	0	0	0	0	0	0	0	0	0	0	0	0	2	1	2	0	0	0	0	0	0	0	0	0	0	0	0	0	0	0	0	0	0	0	0	0	0	0	0	0	0	0	0	0	0	0	0	0	0	0	0	0	0	0	0	0	0	0	0	0	0	0	0	0	0	0	0	0	0	0
0.03	south34_all	80	5790	2412	1358	1191	709	592	636	458	415	358	325	215	221	239	181	180	204	181	125	124	98	101	102	118	77	77	71	62	75	62	47	67	73	58	44	40	37	30	37	43	29	32	33	23	22	22	16	19	38	23	13	22	12	25	13	15	20	16	21	17	11	12	5	16	12	11	10	5	15	7	12	8	7	3	10	8	6	3	7	6	3	4	2	3	3	7	2	3	6	4	2	2	6	3	2	5	3	1	3	3	0	5	1	0	1	3	0	2	2	1	2	1	0	1	2	1	2	1	2	2	3	0	2	1	0	1	1	0	2	0	1	0	4	0	2	1	0	0	1	0	0	0	0	0	0	0	1	1	0	1	0	0	0	0	1	0	0	0	0	0	0	0	0	0	0	0	0	0	0	0	0	0	0	0	0	0	0	0	0	1	0	0	0	0	0	0	0	0	0	0	0	1	0	0	0	0	0	0	0	0	0	0	0	0	0
0.03	south34_active	80	4086	1276	526	741	195	193	399	196	244	155	138	53	66	105	68	84	138	121	67	37	33	46	38	77	29	32	33	32	54	28	12	29	42	33	11	15	10	13	16	27	20	20	13	11	4	9	10	6	27	7	5	10	6	18	6	5	14	11	7	9	0	4	3	7	8	9	3	3	7	3	8	6	3	1	9	3	0	0	2	4	1	4	0	1	0	6	1	2	1	2	0	1	2	1	2	3	1	0	2	2	0	2	0	0	1	1	0	1	0	1	1	1	0	0	1	1	0	0	0	1	1	0	1	0	0	1	1	0	1	0	1	0	2	0	1	1	0	0	1	0	0	0	0	0	0	0	1	1	0	1	0	0	0	0	0	0	0	0	0	0	0	0	0	0	0	0	0	0	0	0	0	0	0	0	0	0	0	0	0	1	0	0	0	0	0	0	0	0	0	0	0	0	0	0	0	0	0	0	0	0	0	0	0	0	0
0.03	south35_all	80	5894	2453	1335	1237	686	606	649	432	431	365	301	220	193	220	192	179	208	182	128	123	102	97	89	109	64	74	75	68	82	60	46	55	75	62	43	34	30	29	34	42	36	33	27	22	21	24	15	24	37	18	18	24	13	23	14	14	18	17	17	24	11	11	5	13	17	9	9	7	19	8	13	8	4	2	8	7	6	3	6	9	5	4	2	2	3	3	1	4	4	4	2	1	8	3	1	2	4	3	2	2	1	3	0	2	3	3	0	2	3	1	2	0	0	2	3	1	2	1	1	2	1	1	2	2	0	1	1	0	3	0	1	0	4	1	1	2	0	1	1	1	0	0	0	0	0	2	1	0	0	0	0	0	0	0	1	0	0	0	0	1	1	0	0	0	1	0	0	0	0	0	0	0	0	0	0	0	0	0	0	1	0	0	0	0	0	0	0	0	0	0	0	0	0	0	0	0	0	0	0	0	0	0	0	0	0
0.03	south35_active	80	4161	1319	509	773	197	216	405	175	241	156	122	58	58	101	71	90	143	126	59	42	35	42	32	75	27	32	37	32	59	29	15	25	40	36	13	9	6	14	12	28	24	17	10	6	4	12	10	7	30	7	8	10	3	15	7	7	14	8	4	12	0	3	4	6	9	7	3	4	12	5	9	6	1	1	5	4	0	0	2	7	1	4	0	1	0	3	0	2	1	2	0	1	3	1	1	0	2	1	2	2	1	2	0	0	3	1	0	1	1	1	1	0	0	1	2	1	0	0	0	0	1	1	1	0	0	1	1	0	1	0	1	0	2	0	0	1	0	0	1	1	0	0	0	0	0	2	1	0	0	0	0	0	0	0	0	0	0	0	0	0	1	0	0	0	1	0	0	0	0	0	0	0	0	0	0	0	0	0	0	1	0	0	0	0	0	0	0	0	0	0	0	0	0	0	0	0	0	0	0	0	0	0	0	0	0
0.03	south36_all	80	5821	2459	1308	1222	674	582	628	413	462	340	294	222	197	211	201	179	201	187	123	120	115	105	96	111	65	83	75	74	89	55	48	47	64	52	43	34	37	34	32	43	38	39	28	24	17	26	15	23	27	24	17	19	19	17	15	19	24	14	17	19	11	6	12	11	21	4	7	5	18	9	8	6	4	3	5	7	4	3	5	10	4	5	3	3	4	2	1	5	3	3	1	2	8	5	1	6	4	2	3	2	1	1	1	2	4	3	1	1	3	2	2	0	0	2	3	2	1	1	1	2	1	1	2	2	0	0	1	1	2	1	1	0	2	1	1	2	1	1	1	1	0	0	0	0	0	2	1	0	0	0	0	0	0	0	0	0	0	0	0	1	1	0	0	0	1	0	0	0	0	0	0	0	0	0	0	0	0	0	0	1	0	0	0	0	0	1	0	0	0	0	0	0	0	0	0	0	0	0	0	0	0	0	0	0	0
0.03	south36_active	80	4100	1339	524	759	189	208	387	164	253	140	123	61	64	97	72	88	145	129	61	41	36	37	34	74	28	39	40	37	65	27	14	21	38	32	13	7	5	18	11	32	27	21	6	9	5	13	11	4	20	9	9	7	7	11	5	11	19	7	4	10	1	1	7	7	15	4	2	2	14	4	6	4	2	1	1	4	0	0	1	6	0	5	0	0	2	2	0	1	0	1	0	2	2	2	1	3	4	1	2	2	1	1	0	0	4	1	0	0	2	2	1	0	0	1	2	0	0	0	1	0	1	1	1	0	0	0	1	1	1	0	1	0	1	0	0	1	1	0	1	1	0	0	0	0	0	2	1	0	0	0	0	0	0	0	0	0	0	0	0	0	1	0	0	0	1	0	0	0	0	0	0	0	0	0	0	0	0	0	0	1	0	0	0	0	0	0	0	0	0	0	0	0	0	0	0	0	0	0	0	0	0	0	0	0	0
0.03	south37_all	80	5759	2386	1328	1203	657	599	628	433	442	343	292	234	223	232	197	208	217	209	120	108	115	91	100	108	67	90	60	61	108	66	44	52	73	48	46	29	44	36	29	42	39	38	23	32	18	23	13	24	20	27	17	21	19	19	14	27	22	15	12	14	13	3	15	12	12	6	5	6	15	9	11	6	5	6	4	10	3	4	4	10	3	6	3	3	5	3	2	10	2	2	3	3	6	3	1	6	3	3	2	0	1	1	1	3	4	1	1	0	2	3	2	0	0	2	1	2	1	1	2	2	1	1	0	1	0	0	0	1	3	1	0	0	0	1	0	2	1	1	0	1	0	0	0	0	0	2	1	0	0	1	0	1	0	0	0	0	0	0	0	1	1	0	0	0	1	0	0	0	0	0	0	0	0	0	1	0	0	0	0	0	0	0	0	0	0	1	0	0	0	0	0	0	0	0	0	0	1	0	0	0	0	0	0	0	0
0.03	south37_active	80	4006	1282	530	748	194	216	390	182	249	144	116	63	76	108	68	104	161	146	61	39	28	30	41	72	25	41	26	31	78	27	13	18	46	30	18	6	9	21	16	30	28	19	2	14	5	8	9	8	14	7	10	8	9	13	5	14	19	10	2	9	4	1	7	11	8	4	2	3	13	5	8	3	2	3	1	7	0	0	0	5	0	6	0	0	2	3	0	5	0	0	1	3	2	1	1	4	3	1	1	0	1	1	0	1	4	1	0	0	2	2	1	0	0	2	1	0	0	0	2	0	1	1	0	0	0	0	0	1	1	0	0	0	0	0	0	1	1	0	0	1	0	0	0	0	0	2	1	0	0	0	0	1	0	0	0	0	0	0	0	0	1	0	0	0	1	0	0	0	0	0	0	0	0	0	0	0	0	0	0	0	0	0	0	0	0	0	0	0	0	0	0	0	0	0	0	0	0	0	0	0	0	0	0	0	0
0.03	south38_all	80	5692	2299	1333	1139	679	602	610	457	439	363	276	234	229	241	189	197	212	191	124	109	120	99	95	99	70	84	66	54	110	56	45	44	64	42	53	22	39	40	35	45	34	40	22	36	19	28	17	21	22	25	21	20	17	24	11	25	18	22	12	9	9	8	17	12	11	7	7	6	10	8	8	3	3	7	2	9	5	5	3	8	4	7	3	3	7	4	3	14	1	2	3	2	5	4	3	9	5	3	3	1	0	1	1	1	4	1	2	0	1	2	2	0	1	4	1	2	1	2	2	0	1	0	0	0	0	0	0	1	1	1	0	0	0	0	0	0	1	1	0	1	1	0	0	0	0	0	0	0	0	1	0	1	0	0	0	0	0	1	0	0	1	0	0	0	0	1	0	0	0	0	0	0	0	0	1	0	0	0	0	0	0	0	0	0	0	2	0	0	0	0	0	0	0	0	0	0	1	0	0	0	0	0	0	0	0
0.03	south38_active	80	3952	1246	528	698	191	219	388	212	254	157	103	61	76	117	65	98	167	127	67	35	34	34	41	67	29	34	31	32	81	22	12	13	47	29	23	7	9	23	14	35	23	21	4	18	7	9	11	8	15	9	13	7	9	18	4	11	14	19	3	5	5	1	9	10	8	4	0	4	9	3	6	1	2	4	1	5	0	1	0	4	0	5	1	0	3	4	0	9	0	0	1	2	0	2	1	8	3	2	1	0	0	1	0	1	4	1	1	0	1	1	1	0	1	3	1	0	0	2	2	0	1	0	0	0	0	0	0	1	0	0	0	0	0	0	0	0	1	0	0	0	1	0	0	0	0	0	0	0	0	0	0	1	0	0	0	0	0	0	0	0	0	0	0	0	0	0	0	0	0	0	0	0	0	0	0	0	0	0	0	0	0	0	0	0	0	0	0	0	0	0	0	0	0	0	0	0	0	0	0	0	0	0	0	0	0
0.03	south39_all	80	5730	2288	1363	1137	703	643	597	487	437	374	291	243	225	256	159	211	218	208	131	105	108	92	93	102	67	88	74	61	101	62	54	46	58	42	46	26	30	38	38	33	36	41	21	28	21	27	18	22	30	24	21	21	17	32	12	21	12	22	14	11	7	11	14	12	5	15	9	5	12	8	11	3	2	7	2	9	7	5	2	3	5	9	2	2	5	3	5	14	1	1	3	4	3	3	3	6	3	2	2	4	0	1	0	2	2	2	2	1	1	1	2	0	1	4	2	1	1	2	1	1	1	1	0	0	0	0	0	0	1	0	0	1	1	0	0	0	0	0	0	1	1	0	0	1	0	0	0	0	0	2	0	1	0	0	0	0	0	1	3	0	1	0	0	0	0	1	0	0	0	0	1	0	0	0	1	0	0	0	0	0	0	0	0	0	0	1	0	0	1	0	0	0	0	0	0	0	1	0	0	0	0	0	0	0	0
0.03	south39_active	80	4032	1253	504	722	194	236	386	237	260	173	106	67	67	127	53	111	167	146	70	33	34	35	40	68	23	36	32	35	74	25	15	12	38	26	19	9	9	20	13	24	19	25	6	12	8	10	10	9	22	9	13	9	12	27	8	10	6	16	4	8	5	1	6	8	5	10	0	3	9	3	8	2	1	5	1	5	0	1	0	2	1	6	1	0	2	3	0	10	0	0	1	2	0	2	0	6	1	1	1	2	0	1	0	1	2	1	1	0	1	0	2	0	1	3	1	0	0	2	1	0	1	1	0	0	0	0	0	0	0	0	0	0	0	0	0	0	0	0	0	0	1	0	0	0	0	0	0	0	0	0	0	1	0	0	0	0	0	0	3	0	0	0	0	0	0	0	0	0	0	0	0	0	0	0	0	0	0	0	0	0	0	0	0	0	0	0	0	0	1	0	0	0	0	0	0	0	0	0	0	0	0	0	0	0	0
0.03	south40_all	80	5641	2344	1354	1133	717	633	624	496	428	373	262	222	217	241	157	180	196	184	123	107	115	87	89	100	76	82	82	72	69	53	56	48	59	47	52	37	31	40	43	40	35	35	31	24	20	30	27	24	37	17	24	20	16	33	13	23	15	28	13	16	6	15	13	21	5	19	11	8	10	7	8	5	4	6	4	9	7	4	3	4	5	10	2	0	7	2	4	8	1	1	2	5	2	3	3	5	4	3	1	5	1	0	1	1	0	2	4	4	2	0	2	0	2	3	3	1	0	2	1	2	0	1	0	0	1	0	0	2	1	0	0	1	1	0	1	0	0	0	0	1	1	0	0	1	0	0	0	0	0	1	0	0	0	0	0	0	0	1	3	0	1	0	0	0	0	1	0	0	0	0	1	0	0	2	0	0	0	0	0	0	0	0	0	1	0	1	0	0	1	0	0	0	0	0	1	0	0	0	0	0	0	0	0	0	0
0.03	south40_active	80	3934	1308	494	730	207	222	405	235	251	169	103	58	77	114	55	92	142	132	62	29	43	35	37	68	31	32	36	43	46	22	14	15	38	28	20	12	12	17	15	29	13	20	10	10	5	11	12	9	28	8	14	9	9	26	7	11	8	23	4	10	2	2	6	15	4	14	1	3	6	1	5	4	0	4	1	4	0	1	0	0	2	7	1	0	4	2	0	6	0	0	0	1	0	2	0	5	0	3	0	2	0	0	1	0	0	0	2	2	1	0	2	0	2	2	1	0	0	2	0	1	0	1	0	0	0	0	0	2	0	0	0	0	0	0	0	0	0	0	0	0	1	0	0	0	0	0	0	0	0	0	0	0	0	0	0	0	0	0	3	0	0	0	0	0	0	0	0	0	0	0	0	0	0	2	0	0	0	0	0	0	0	0	0	1	0	0	0	0	1	0	0	0	0	0	0	0	0	0	0	0	0	0	0	0	0
