label	Group	numOtus	Otu0	Otu1	Otu2	Otu3	Otu4	Otu5	Otu6	Otu7	Otu8	Otu9	Otu10	Otu11	Otu12	Otu13	Otu14	Otu15	Otu16	Otu17	Otu18	Otu19	Otu20	Otu21	Otu22	Otu23	Otu24	Otu25	Otu26	Otu27	Otu28	Otu29	Otu30	Otu31	Otu32	Otu33	Otu34	Otu35	Otu36	Otu37	Otu38	Otu39	Otu40	Otu41	Otu42	Otu43
0.03	north1_all	80	48261	17209	15456	5682	2930	2041	3023	1079	701	541	797	243	428	150	136	74	73	51	45	33	61	16	9	9	5	9	8	8	2	3	1	0	3	4	0	0	1	0	0	0	0	0	0	0
0.03	north1_active	80	27573	9483	9705	3092	1417	1020	1886	599	332	281	489	116	254	69	81	30	46	24	20	17	41	7	4	4	3	7	5	7	1	1	0	0	1	4	0	0	1	0	0	0	0	0	0	0
0.03	north2_all	80	48307	17111	15356	5695	2882	2037	3144	1099	720	556	804	245	409	161	124	74	76	57	61	29	51	11	13	9	6	9	3	12	3	3	2	1	3	4	0	1	1	0	0	0	0	0	0	0
0.03	north2_active	80	27461	9294	9696	3139	1422	968	1972	614	335	296	465	118	230	75	71	30	44	30	35	15	35	4	5	3	2	6	1	10	1	1	0	0	1	4	0	1	1	0	0	0	0	0	0	0
0.03	north3_all	80	48381	17000	15306	5634	2889	2049	3048	1140	740	570	794	282	386	151	116	74	76	57	79	26	45	15	11	9	8	7	2	4	3	2	3	1	2	4	0	1	1	0	0	0	0	0	0	0
0.03	north3_active	80	27425	9218	9757	3091	1437	995	1823	617	350	309	490	135	216	79	69	31	41	30	58	12	27	6	4	3	2	3	1	3	0	1	0	0	1	4	0	1	1	0	0	0	0	0	0	0
0.03	north4_all	80	48407	16765	15333	5624	2827	2051	3044	1146	764	529	838	279	356	143	125	88	70	65	100	27	35	14	15	11	11	4	4	5	3	2	2	1	0	0	2	1	0	0	0	0	0	0	0	0
0.03	north4_active	80	27507	8967	9823	3086	1392	1012	1854	610	369	290	545	133	208	79	68	37	34	26	68	9	15	6	5	4	3	1	2	4	0	1	0	0	0	0	2	1	0	0	0	0	0	0	0	0
0.03	north5_all	80	47329	16371	14879	5550	2853	2010	2910	1160	707	484	804	297	372	132	126	90	67	69	93	24	32	17	9	10	8	4	6	4	2	3	1	1	0	0	5	0	0	0	0	0	3	0	0	0
0.03	north5_active	80	26572	8703	9482	3020	1342	1012	1797	600	348	254	553	138	248	74	69	37	28	35	66	5	10	7	4	5	3	2	3	3	0	1	0	1	0	0	4	0	0	0	0	0	3	0	0	0
0.03	north6_all	80	47210	16314	14918	5482	2794	2020	2980	1129	690	488	836	275	391	141	136	93	68	63	75	24	58	15	11	8	6	8	8	4	3	6	1	1	1	1	5	1	0	0	0	0	3	0	0	1
0.03	north6_active	80	26688	8626	9435	2957	1288	978	1891	611	352	242	575	125	260	69	65	42	31	34	48	8	28	9	6	5	2	4	4	3	1	4	1	1	1	0	4	1	0	0	0	0	3	0	0	1
0.03	north7_all	80	47480	16416	14969	5549	2835	1978	2993	1137	667	475	793	275	385	159	129	81	71	66	69	20	50	16	10	9	7	6	6	4	1	5	1	1	1	1	5	1	1	0	1	0	3	0	0	1
0.03	north7_active	80	26664	8718	9496	3029	1342	969	1945	627	338	233	501	133	254	73	68	34	36	39	39	13	27	9	5	5	3	3	3	2	1	3	1	1	1	0	4	1	1	0	1	0	3	0	0	1
0.03	north8_all	80	48583	16772	15166	5607	2867	2031	3084	1189	703	498	804	252	405	155	130	81	79	59	64	19	62	16	7	7	6	11	6	8	6	5	1	2	1	1	0	1	1	0	1	0	0	0	0	1
0.03	north8_active	80	27668	9030	9557	3033	1336	1017	2043	659	368	239	502	130	256	66	68	36	41	37	35	15	37	10	4	4	2	5	2	6	1	3	1	1	1	0	0	1	1	0	1	0	0	0	0	1
0.03	north9_all	80	48745	17115	15384	5558	2916	2013	3044	1215	709	507	802	255	374	153	125	84	79	64	72	25	55	31	5	6	11	8	5	6	6	0	3	1	1	2	0	1	2	0	1	0	0	0	0	0
0.03	north9_active	80	27689	9235	9627	2939	1382	1014	2020	681	382	233	523	130	223	64	74	38	41	36	41	16	38	21	2	2	4	3	1	5	1	0	1	0	1	0	0	1	1	0	1	0	0	0	0	0
0.03	north10_all	80	48480	17129	15264	5556	2953	2006	2993	1188	716	519	783	265	372	148	147	87	74	65	73	27	53	46	9	4	11	10	5	19	6	1	2	2	1	2	0	0	1	0	0	0	0	0	0	0
0.03	north10_active	80	27623	9330	9473	2914	1418	996	2006	664	381	242	509	135	221	59	90	35	44	38	51	15	36	23	7	1	4	3	1	6	1	1	0	1	1	0	0	0	0	0	0	0	0	0	0	0
0.03	north11_all	80	48364	17085	15180	5606	2878	2005	3319	1173	693	505	832	237	402	159	146	91	74	46	63	31	33	27	5	10	8	4	4	15	6	1	2	1	0	3	0	1	1	0	0	1	0	0	0	0
0.03	north11_active	80	27748	9111	9313	3044	1391	943	2151	593	350	252	524	90	264	87	82	51	44	23	29	17	19	17	1	4	1	1	1	12	5	1	0	0	0	3	0	1	0	0	0	1	0	0	0	0
0.03	north12_all	80	48311	17010	15348	5645	2884	1999	3254	1164	694	480	871	236	418	154	156	89	68	53	55	28	46	22	8	10	9	3	3	13	6	1	2	0	0	3	0	0	1	0	0	1	0	0	0	0
0.03	north12_active	80	27633	9053	9404	3097	1382	951	2143	589	347	236	534	102	262	74	92	42	39	26	25	18	31	13	5	3	3	0	1	11	5	1	0	0	0	3	0	0	0	0	0	1	0	0	0	0
0.03	north13_all	80	48184	16895	15472	5711	2894	2009	3016	1135	679	503	841	257	359	143	167	90	70	50	79	27	70	23	8	5	11	6	1	15	3	3	1	1	0	1	0	0	0	0	0	1	0	0	0	0
0.03	north13_active	80	27403	9066	9517	3176	1422	931	1951	607	341	247	507	115	234	74	100	41	42	24	40	16	52	15	5	2	4	1	1	13	1	2	0	0	0	1	0	0	0	0	0	1	0	0	0	0
0.03	north14_all	80	48496	16861	15539	5693	2883	2003	2945	1120	714	504	859	288	337	154	179	83	73	51	75	24	74	18	10	6	10	7	3	13	1	2	2	2	0	1	0	0	0	0	0	1	0	0	0	0
0.03	north14_active	80	27557	9034	9648	3125	1425	957	1914	597	348	238	512	152	226	79	106	33	40	23	47	12	53	8	6	2	5	2	3	10	0	1	0	1	0	0	0	0	0	0	0	0	0	0	0	0
0.03	north15_all	80	48726	16859	15337	5601	2813	1976	2908	1157	731	504	848	284	328	144	186	82	67	43	81	22	74	23	8	4	10	10	3	10	1	3	1	3	0	1	0	0	0	0	0	1	0	0	0	0
0.03	north15_active	80	27624	9069	9533	3046	1349	972	1824	636	358	242	517	151	219	75	112	34	36	18	49	10	44	12	4	1	7	4	2	9	0	2	0	2	0	0	0	0	0	0	0	0	0	0	0	0
0.03	north16_all	80	48774	16836	15300	5623	2851	1969	3011	1171	732	510	830	288	414	160	183	81	65	53	68	30	45	31	7	5	9	9	5	2	0	2	2	3	0	1	0	0	0	0	0	1	0	0	0	0
0.03	north16_active	80	27730	9022	9582	3038	1358	991	1883	622	348	235	512	143	285	85	107	38	33	24	46	16	26	19	4	0	6	5	4	0	0	2	0	2	0	0	0	0	0	0	0	0	0	0	0	0
0.03	north17_all	80	48650	16936	15313	5568	2841	1950	3009	1196	728	496	768	284	418	155	191	88	62	49	66	28	41	35	8	7	9	10	6	5	3	2	2	2	0	0	1	0	0	0	0	1	0	0	0	0
0.03	north17_active	80	27550	9086	9518	3004	1325	990	1880	634	348	245	487	130	285	84	112	44	32	19	52	14	25	19	4	2	5	6	4	3	0	2	0	1	0	0	0	0	0	0	0	0	0	0	0	0
0.03	north18_all	80	48424	17007	15324	5639	2835	1944	2935	1175	712	479	782	284	404	158	154	92	71	59	84	26	46	33	14	8	9	7	7	17	4	4	3	2	1	1	1	0	0	0	0	0	0	0	0	0
0.03	north18_active	80	27452	9183	9490	3050	1356	975	1863	637	331	232	519	115	264	86	88	43	37	31	66	10	31	17	5	2	6	5	4	14	1	1	0	1	1	0	0	0	0	0	0	0	0	0	0	0
0.03	north19_all	80	48323	16948	14997	5625	2877	2013	2890	1103	730	467	763	260	421	154	141	91	81	73	89	27	44	31	16	12	12	11	6	18	5	4	3	0	1	1	1	0	0	0	0	0	0	0	0	0
0.03	north19_active	80	27350	9162	9400	3042	1401	985	1824	599	365	224	500	112	273	81	85	41	43	44	71	9	31	18	5	6	7	8	3	15	2	1	1	0	1	0	0	0	0	0	0	0	0	0	0	0
0.03	north20_all	80	48414	16989	15218	5645	2872	1964	2932	1093	722	477	749	257	416	147	127	97	85	70	80	21	37	30	12	12	10	7	3	15	4	4	4	0	2	1	0	0	1	0	0	0	0	0	0	0
0.03	north20_active	80	27629	9174	9538	3081	1411	933	1883	599	372	224	476	123	250	68	74	42	35	41	58	5	20	17	4	6	6	5	1	12	3	1	3	0	1	0	0	0	0	0	0	0	0	0	0	0
0.03	south21_all	80	46676	16396	14362	5365	2779	1873	3050	1131	712	491	838	254	416	153	123	88	57	55	69	32	29	22	9	7	4	14	6	9	3	5	0	2	0	1	0	0	1	1	0	2	0	0	0	0
0.03	south21_active	80	26237	8699	8838	2891	1293	920	1949	577	347	227	517	104	280	63	59	47	23	27	39	15	11	11	5	6	0	8	4	1	2	3	0	1	0	1	0	0	1	0	0	2	0	0	0	0
0.03	south22_all	80	45823	16146	14127	5301	2744	1868	2910	1169	724	464	791	245	360	179	119	96	54	59	54	30	37	25	9	7	5	13	5	11	1	5	1	2	2	4	0	0	0	1	0	0	0	0	1	0
0.03	south22_active	80	25447	8473	8737	2822	1265	899	1771	627	362	219	515	112	238	79	57	49	23	22	32	15	20	13	3	6	0	9	3	3	0	2	0	1	1	4	0	0	0	0	0	0	0	0	0	0
0.03	south23_all	80	45598	16165	13969	5307	2713	1883	2827	1175	750	460	807	233	336	181	136	86	45	52	54	26	41	22	10	11	5	8	5	6	1	2	2	0	2	3	0	0	0	0	0	0	0	0	1	0
0.03	south23_active	80	25303	8490	8611	2801	1299	908	1663	641	391	227	540	107	225	90	72	47	17	20	27	12	22	13	1	9	1	5	2	2	1	0	1	0	1	3	0	0	0	0	0	0	0	0	0	0
0.03	south24_all	80	46804	16459	14808	5384	2784	1872	3006	1162	738	479	773	237	293	166	160	90	52	54	44	22	37	23	10	7	8	5	3	7	1	1	2	0	2	3	1	0	0	0	0	1	0	0	1	0
0.03	south24_active	80	26221	8679	9245	2856	1365	903	1776	647	383	238	486	118	182	90	94	48	25	19	18	10	22	19	3	4	5	3	0	3	1	0	1	0	1	3	0	0	0	0	0	0	0	0	0	0
0.03	south25_all	80	47726	16807	15108	5609	2851	1944	3045	1203	759	507	827	247	374	156	186	85	51	58	52	25	31	34	11	9	7	4	5	12	3	0	2	0	0	3	3	0	0	0	0	1	0	0	0	0
0.03	south25_active	80	27034	8928	9421	2981	1393	946	1883	693	379	271	494	112	229	88	115	48	25	24	24	14	20	28	4	6	6	0	3	5	1	0	1	0	0	3	1	0	0	0	0	0	0	0	0	0
0.03	south26_all	80	47973	16896	15147	5483	2877	1956	3104	1236	738	490	790	250	410	151	180	80	53	53	58	25	34	35	17	8	7	8	3	19	3	0	2	0	1	4	3	0	0	0	1	1	0	0	0	0
0.03	south26_active	80	27280	9004	9559	2936	1390	964	1947	671	347	271	439	114	236	79	111	43	27	31	24	16	26	27	6	7	5	5	3	9	1	0	1	0	0	3	1	0	0	0	0	0	0	0	0	0
0.03	south27_all	80	48089	16689	14941	5421	2835	1978	3093	1200	714	505	761	240	402	147	159	76	53	60	87	24	44	25	13	8	5	12	7	19	3	2	2	0	1	7	2	0	0	0	2	1	0	1	0	0
0.03	south27_active	80	27369	8799	9373	2910	1331	999	1916	642	330	273	435	112	236	78	95	39	28	35	54	16	28	17	5	6	3	8	3	8	0	1	1	0	0	4	1	0	0	0	0	0	0	1	0	0
0.03	south28_all	80	46654	16236	14190	5250	2735	1962	2853	1196	672	524	684	230	366	143	136	77	51	59	96	17	38	19	17	9	7	11	5	21	2	2	2	0	2	7	2	0	0	0	2	1	0	1	0	0
0.03	south28_active	80	26254	8453	8841	2792	1259	969	1749	631	298	284	408	103	202	79	77	35	29	35	57	11	22	12	7	7	3	9	0	9	0	1	1	0	1	4	1	0	0	0	0	0	0	1	0	0
0.03	south29_all	80	45216	15875	13658	5100	2702	1887	2713	1095	660	516	630	205	307	128	133	76	57	59	91	26	32	18	11	9	6	8	5	11	2	2	0	0	2	6	0	0	0	2	1	1	0	1	0	0
0.03	south29_active	80	24967	8152	8410	2702	1217	910	1616	571	306	258	381	89	180	69	72	42	27	26	57	15	17	8	5	5	3	5	0	3	0	1	0	0	2	4	0	0	0	2	0	0	0	1	0	0
0.03	south30_all	80	43797	15411	13132	4964	2655	1844	2775	999	652	515	607	230	298	142	136	72	59	65	80	28	40	13	11	6	6	5	4	2	2	3	0	3	2	2	0	0	0	2	1	1	0	0	0	0
0.03	south30_active	80	23898	7869	8115	2550	1201	882	1668	518	306	241	368	98	167	70	84	40	25	31	54	13	17	4	5	4	2	2	1	1	0	2	0	3	2	0	0	0	0	2	1	0	0	0	0	0
0.03	south31_all	80	47095	16265	14884	5289	2797	1961	3008	1083	741	493	778	259	443	124	157	64	75	54	58	32	26	17	15	9	10	5	1	11	6	1	0	1	2	0	0	1	0	1	0	0	0	1	0	0
0.03	south31_active	80	26689	8646	9100	2928	1336	914	1961	598	340	239	445	109	296	58	92	29	38	33	32	13	14	12	9	6	5	3	0	8	6	0	0	0	1	0	0	0	0	0	0	0	0	0	0	0
0.03	south32_all	80	45395	15891	14175	5227	2741	1942	2823	1034	717	486	705	252	380	142	153	66	70	46	55	27	41	11	13	7	7	9	2	10	3	1	0	2	1	0	0	1	0	1	0	0	0	1	0	0
0.03	south32_active	80	25555	8360	8597	2821	1301	880	1824	569	345	222	418	110	245	68	94	31	34	28	33	10	27	6	5	4	3	3	0	8	2	0	0	1	0	0	0	0	0	0	0	0	0	0	0	0
0.03	south33_all	80	43908	15577	13639	5045	2720	1871	2698	1050	695	499	683	232	327	140	151	57	61	48	43	24	41	14	14	8	5	11	6	9	3	2	1	2	1	1	0	3	1	0	0	0	0	1	0	0
0.03	south33_active	80	24371	8081	8260	2626	1288	853	1666	581	342	228	422	99	180	70	88	27	25	30	25	7	29	8	5	6	2	5	2	8	2	1	0	1	0	0	0	0	0	0	0	0	0	0	0	0
0.03	south34_all	80	43277	15553	13289	5045	2662	1794	2768	1022	699	504	678	233	298	140	134	68	61	45	56	24	35	15	13	7	3	13	7	9	5	2	1	2	0	1	2	3	1	0	0	0	0	1	0	0
0.03	south34_active	80	23855	7987	8046	2541	1230	834	1664	543	349	236	414	100	146	70	71	31	25	26	38	6	25	11	5	4	0	5	2	8	4	1	0	2	0	0	2	1	0	0	0	0	0	0	0	0
0.03	south35_all	80	43438	15585	13364	5129	2667	1786	2736	1011	693	493	701	256	306	134	127	74	61	50	64	27	29	17	11	6	7	11	8	10	2	3	1	1	0	1	2	4	1	0	0	0	0	0	0	0
0.03	south35_active	80	23814	8015	8235	2605	1217	849	1624	520	342	237	433	110	157	68	67	34	26	30	46	8	19	13	4	4	3	7	4	8	2	2	0	1	0	0	2	2	0	0	0	0	0	0	0	0
0.03	south36_all	80	44548	15657	13584	5291	2703	1862	2845	1029	688	500	702	273	323	139	105	80	74	46	69	27	30	21	5	7	8	5	5	1	2	3	1	1	0	0	2	6	0	0	0	0	0	0	0	0
0.03	south36_active	80	24772	8180	8548	2738	1267	892	1731	521	324	258	442	117	177	70	54	36	35	24	44	9	23	16	2	3	4	3	2	0	2	2	0	1	0	0	2	4	0	0	0	0	0	0	0	0
0.03	south37_all	80	46409	16214	14139	5528	2781	1863	2996	1089	704	486	771	278	344	146	133	84	72	59	70	21	34	23	8	8	9	5	5	1	0	2	0	1	0	0	0	3	0	0	0	0	0	0	0	0
0.03	south37_active	80	26250	8593	8987	2947	1331	902	1828	554	333	233	490	125	211	83	77	37	37	30	40	8	24	15	6	4	4	3	3	0	0	2	0	1	0	0	0	3	0	0	0	0	0	0	0	0
0.03	south38_all	80	47612	16547	14801	5566	2818	1959	3093	1119	757	498	803	252	436	144	139	91	67	57	77	18	49	24	9	10	10	5	9	3	3	3	1	0	0	5	0	2	0	0	0	0	0	0	0	0
0.03	south38_active	80	27226	8846	9398	3001	1351	951	1928	604	376	236	509	118	279	81	83	35	33	27	46	8	32	14	7	4	5	3	5	3	1	1	1	0	0	0	0	2	0	0	0	0	0	0	0	0
0.03	south39_all	80	47789	16674	14825	5606	2784	1905	3105	1139	759	468	828	253	420	149	142	89	54	66	66	28	36	19	10	11	7	7	7	4	5	3	1	0	0	7	0	0	0	0	0	0	0	0	0	0
0.03	south39_active	80	27316	8950	9321	3012	1337	910	1986	631	380	196	502	113	263	92	83	33	28	36	34	12	20	13	7	3	3	4	3	3	3	1	1	0	0	0	0	0	0	0	0	0	0	0	0	0
0.03	south40_all	80	46077	16113	14373	5330	2784	1904	2911	1035	737	430	784	241	406	156	135	79	65	67	55	27	42	10	10	12	7	6	7	6	6	3	1	0	0	7	0	0	0	0	0	0	0	0	0	0
0.03	south40_active	80	25835	8459	8899	2823	1289	920	1892	545	377	194	475	107	264	88	86	31	33	37	32	12	20	7	6	4	4	3	3	4	4	1	1	0	0	0	0	0	0	0	0	0	0	0	0	0
