label	Group	numOtus	Otu0	Otu1	Otu2	Otu3	Otu4	Otu5	Otu6	Otu7	Otu8	Otu9	Otu10	Otu11	Otu12	Otu13	Otu14	Otu15	Otu16	Otu17	Otu18	Otu19	Otu20	Otu21	Otu22	Otu23	Otu24	Otu25	Otu26	Otu27	Otu28	Otu29	Otu30	Otu31	Otu32	Otu33	Otu34	Otu35	Otu36	Otu37	Otu38	Otu39	Otu40	Otu41	Otu42	Otu43	Otu44	Otu45	Otu46	Otu47	Otu48	Otu49	Otu50	Otu51	Otu52	Otu53	Otu54	Otu55	Otu56	Otu57	Otu58	Otu59	Otu60	Otu61	Otu62	Otu63	Otu64	Otu65	Otu66	Otu67	Otu68	Otu69	Otu70	Otu71	Otu72	Otu73	Otu74	Otu75	Otu76	Otu77	Otu78	Otu79	Otu80	Otu81	Otu82	Otu83
0.03	north1_all	80	29577	17555	8180	4738	5121	3322	3300	2122	1432	1239	1235	853	801	686	526	335	350	458	299	443	421	141	171	179	75	114	84	107	115	35	86	53	21	21	50	18	10	7	11	11	8	9	10	11	5	9	1	2	0	4	8	1	4	3	1	3	1	0	0	0	0	0	0	0	0	0	0	0	0	2	1	0	0	0	0	0	0	0	4	0	0	0	0	0
0.03	north1_active	80	14315	9770	4003	2166	2919	1743	1885	1167	717	634	715	446	474	385	265	155	193	274	176	278	261	60	104	105	40	74	53	77	64	15	56	28	14	14	32	5	7	2	9	5	4	1	1	6	3	5	1	1	0	4	3	1	2	1	1	2	1	0	0	0	0	0	0	0	0	0	0	0	0	2	0	0	0	0	0	0	0	0	4	0	0	0	0	0
0.03	north2_all	80	29361	17617	8110	4651	5241	3266	3326	2087	1422	1282	1200	891	797	694	520	346	370	489	319	450	369	128	198	161	86	134	81	101	118	42	76	44	24	21	54	18	11	7	15	13	8	8	10	13	4	6	3	4	1	2	6	0	3	2	1	4	2	0	0	0	0	0	0	1	1	0	0	0	0	1	1	0	0	0	0	0	0	0	0	0	0	0	0	0
0.03	north2_active	80	14260	9809	3974	2134	2991	1719	1942	1131	712	673	672	489	486	368	274	161	209	316	188	301	229	59	129	101	47	76	52	75	71	15	39	29	15	12	35	8	6	3	12	4	5	1	2	8	3	5	2	0	1	2	3	0	2	1	1	3	1	0	0	0	0	0	0	0	1	0	0	0	0	1	0	0	0	0	0	0	0	0	0	0	0	0	0	0
0.03	north3_all	80	29481	17564	8022	4651	5324	3201	3330	2142	1419	1305	1224	926	789	690	542	340	382	488	298	463	399	124	226	162	91	141	86	97	120	36	84	55	25	18	44	19	12	10	18	14	9	13	10	13	3	5	3	4	3	1	4	0	3	0	1	5	2	0	0	1	0	0	0	1	1	0	0	0	0	1	1	0	0	0	0	0	0	0	0	0	0	0	0	0
0.03	north3_active	80	14479	9876	3973	2105	2987	1630	1967	1159	688	725	704	499	471	363	283	156	231	312	172	293	244	59	147	110	45	79	55	68	79	10	44	36	14	7	26	11	4	5	14	4	6	6	3	10	3	4	2	0	2	1	3	0	2	0	1	4	1	0	0	1	0	0	0	0	1	0	0	0	0	1	0	0	0	0	0	0	0	0	0	0	0	0	0	0
0.03	north4_all	80	29563	17508	8048	4739	5239	3223	3305	2069	1424	1260	1205	909	850	709	567	332	383	512	284	436	369	118	208	136	83	146	102	105	110	40	87	44	19	18	36	23	13	14	12	17	10	18	8	10	5	4	9	7	5	6	4	0	2	2	1	2	2	0	0	2	1	0	0	2	1	0	0	0	0	0	0	0	0	0	0	0	0	0	0	0	0	0	0	0
0.03	north4_active	80	14409	9850	3937	2189	2960	1627	1939	1125	665	718	717	483	479	396	308	155	220	333	147	274	232	58	144	88	38	82	67	61	79	12	43	23	11	9	23	13	5	8	6	4	5	11	3	6	4	3	7	0	2	5	3	0	1	0	1	2	1	0	0	1	0	0	0	1	1	0	0	0	0	0	0	0	0	0	0	0	0	0	0	0	0	0	0	0
0.03	north5_all	80	29598	17609	8083	4760	5185	3212	3199	2111	1425	1243	1236	887	860	662	551	319	375	473	281	404	373	128	206	144	81	131	103	116	105	34	82	52	34	20	25	23	11	11	16	19	11	35	6	7	11	5	9	6	6	7	4	0	2	2	2	2	0	1	0	2	1	0	0	1	0	0	0	0	0	0	0	0	1	0	0	1	0	0	0	0	0	0	0	0
0.03	north5_active	80	14475	10055	3948	2178	2940	1639	1879	1178	671	708	749	460	466	367	295	152	214	300	164	276	249	62	130	91	38	80	65	71	81	10	43	28	20	8	14	13	5	7	6	6	5	25	4	4	6	5	6	0	1	6	3	0	1	0	1	1	0	1	0	1	0	0	0	1	0	0	0	0	0	0	0	0	1	0	0	0	0	0	0	0	0	0	0	0
0.03	north6_all	80	29559	17665	8059	4832	5100	3237	3071	2002	1410	1281	1188	920	864	678	546	321	369	456	290	369	402	117	170	151	89	147	94	112	93	37	88	46	37	19	18	19	12	9	12	17	9	30	7	7	11	7	9	4	7	7	2	1	2	2	2	2	0	1	1	2	2	0	0	1	0	0	0	0	0	0	0	1	1	0	0	1	0	0	0	0	0	0	0	0
0.03	north6_active	80	14451	10060	3937	2193	2929	1662	1803	1105	664	732	688	473	459	390	291	165	209	299	165	257	242	53	100	83	47	87	57	69	74	13	49	28	22	9	10	10	8	3	3	7	3	21	4	4	6	5	7	0	2	6	1	1	0	0	1	1	0	1	0	1	0	0	0	1	0	0	0	0	0	0	0	1	1	0	0	0	0	0	0	0	0	0	0	0
0.03	north7_all	80	29362	17699	8145	4828	5096	3193	3052	1997	1430	1301	1241	942	826	682	525	294	376	459	300	369	407	120	177	165	88	136	97	125	106	38	97	36	44	20	27	15	17	9	11	17	10	23	7	7	17	6	6	4	4	11	1	1	3	2	2	2	1	1	1	1	1	0	1	1	0	0	0	0	0	0	0	1	1	0	0	1	0	0	0	0	0	0	0	0
0.03	north7_active	80	14325	10105	4023	2187	2926	1656	1798	1091	696	712	707	495	451	411	298	150	214	301	170	239	261	52	107	99	48	75	60	76	69	14	57	22	25	10	17	6	8	2	6	7	5	16	4	4	9	4	2	0	1	5	1	1	0	0	0	0	0	1	0	0	0	0	1	1	0	0	0	0	0	0	0	1	1	0	0	0	0	0	0	0	0	0	0	0
0.03	north8_all	80	29186	17575	8119	4825	5200	3181	3091	2018	1448	1254	1230	940	816	707	545	310	384	461	301	374	447	119	164	156	91	132	81	118	116	32	82	41	40	26	53	15	16	14	13	15	8	20	9	4	16	4	3	4	2	8	1	2	4	2	2	2	2	0	1	0	1	0	1	0	0	0	0	0	0	0	0	1	0	0	0	1	4	6	0	0	0	0	0	0
0.03	north8_active	80	14260	9857	4032	2188	2993	1662	1772	1093	725	678	701	498	444	410	297	147	226	296	150	237	302	48	95	96	51	81	44	64	71	13	44	28	20	13	41	8	7	5	9	6	3	16	6	2	9	1	1	2	2	0	0	1	2	0	1	0	0	0	0	0	0	0	1	0	0	0	0	0	0	0	0	1	0	0	0	0	0	0	0	0	0	0	0	0
0.03	north9_all	80	28935	17488	8135	4848	5226	3217	3172	2038	1468	1286	1263	940	842	719	530	304	361	436	314	358	391	128	168	143	89	124	75	102	113	28	69	46	36	26	58	18	15	16	11	21	5	11	9	4	17	3	3	3	1	9	1	1	4	2	2	2	2	1	0	0	2	0	1	0	0	0	0	0	0	0	0	0	0	0	0	0	4	6	0	0	0	0	0	0
0.03	north9_active	80	14077	9767	4055	2211	2991	1678	1790	1114	742	697	711	509	470	429	292	138	208	263	174	223	275	53	98	90	45	79	41	51	73	13	35	33	18	12	46	12	4	5	10	6	3	4	6	2	10	0	1	2	1	1	0	0	3	0	1	0	0	1	0	0	2	0	1	0	0	0	0	0	0	0	0	0	0	0	0	0	0	0	0	0	0	0	0	0
0.03	north10_all	80	29064	17525	8112	4831	5252	3273	3141	2110	1486	1265	1272	881	834	716	472	320	366	433	320	406	360	115	183	143	89	142	69	66	110	24	74	59	40	31	60	16	14	15	13	22	6	10	8	8	16	3	4	3	1	5	2	1	3	1	2	1	2	1	0	0	2	0	0	0	0	0	0	0	0	0	0	0	0	0	0	0	4	6	0	0	0	0	0	0
0.03	north10_active	80	14124	9789	3976	2236	3025	1711	1768	1181	769	672	725	466	463	426	242	143	212	242	179	266	260	49	105	90	44	100	36	28	67	10	40	41	21	17	48	12	6	5	11	9	0	3	7	3	8	1	1	2	1	2	0	0	3	0	1	0	0	1	0	0	2	0	0	0	0	0	0	0	0	0	0	0	0	0	0	0	0	0	0	0	0	0	0	0
0.03	north11_all	80	29485	17716	8182	4774	5256	3263	3104	2015	1391	1344	1143	877	782	705	520	327	341	469	295	399	323	108	177	171	101	183	81	136	134	33	90	48	28	26	38	13	14	17	9	11	10	13	2	4	7	3	15	1	2	6	8	2	5	1	0	2	1	0	9	1	1	0	1	0	0	0	0	0	1	0	0	0	0	0	0	1	0	0	0	0	0	0	0	0
0.03	north11_active	80	14254	10023	4070	2212	3039	1715	1772	1098	672	737	656	449	428	397	301	158	188	293	175	257	197	55	99	116	57	107	45	81	90	13	67	23	16	9	26	3	5	9	3	8	6	3	0	2	4	0	10	0	1	6	2	2	4	1	0	2	1	0	6	0	1	0	0	0	0	0	0	0	0	0	0	0	0	0	0	0	0	0	0	0	0	0	0	0
0.03	north12_all	80	29272	17682	7965	4865	5236	3280	3099	2000	1416	1376	1179	879	788	695	504	320	337	465	294	407	315	119	188	162	118	174	77	132	117	34	90	40	32	25	37	11	13	16	12	12	10	20	3	4	6	6	16	2	2	7	7	0	0	3	0	1	1	0	8	1	0	0	1	0	1	0	0	0	1	1	0	0	0	0	0	1	0	0	0	0	0	0	0	0
0.03	north12_active	80	14190	9905	3956	2228	3062	1738	1774	1131	686	765	672	452	424	387	286	163	189	288	176	253	199	54	112	101	61	108	45	73	78	16	67	18	21	8	23	1	6	9	2	8	6	2	0	2	3	4	10	1	1	5	1	0	0	3	0	1	1	0	5	0	0	0	0	0	0	0	0	0	0	0	0	0	0	0	0	0	0	0	0	0	0	0	0	0
0.03	north13_all	80	29238	17689	8115	4837	5163	3216	3215	2023	1414	1361	1232	907	812	657	504	328	318	447	302	378	323	121	193	152	111	152	69	126	95	29	64	34	33	21	46	13	11	18	14	15	11	21	5	9	6	7	11	2	4	7	1	0	0	4	0	1	0	0	5	1	0	0	1	1	1	0	0	0	0	1	0	0	0	0	0	1	0	0	0	0	0	0	0	0
0.03	north13_active	80	14248	9917	3975	2208	3028	1690	1829	1136	690	745	696	468	449	365	269	159	182	266	181	210	193	54	119	85	60	93	42	78	70	17	44	18	24	7	30	4	6	8	5	11	6	1	2	5	2	4	8	1	3	5	0	0	0	3	0	1	0	0	4	0	0	0	0	0	0	0	0	0	0	0	0	0	0	0	0	0	0	0	0	0	0	0	0	0
0.03	north14_all	80	29183	17811	8099	4780	5167	3236	3167	2082	1455	1338	1244	919	816	653	549	357	335	454	278	394	366	121	198	136	104	137	66	124	117	34	68	42	36	23	31	16	7	14	20	11	8	17	6	9	6	5	7	5	2	6	2	0	1	5	0	1	0	0	4	1	0	0	2	1	1	0	4	0	1	1	0	0	0	0	0	0	0	0	0	0	0	0	0	0
0.03	north14_active	80	14286	9995	3998	2148	2961	1697	1811	1160	723	708	706	478	460	376	309	179	188	258	158	232	228	52	123	72	64	88	37	72	83	20	46	25	23	9	19	8	6	7	8	7	4	5	3	5	4	4	6	4	2	4	1	0	0	3	0	1	0	0	4	1	0	0	0	0	0	0	4	0	1	0	0	0	0	0	0	0	0	0	0	0	0	0	0	0
0.03	north15_all	80	29202	17600	8154	4769	5135	3273	3161	2108	1425	1348	1174	912	779	657	536	343	334	479	305	407	333	113	188	128	105	101	73	111	130	27	64	46	41	31	35	19	8	11	29	10	6	11	7	12	7	8	2	7	3	1	2	2	2	2	0	1	0	0	0	1	0	0	3	2	4	0	4	0	2	1	0	0	0	0	0	0	1	0	0	0	0	0	0	0
0.03	north15_active	80	14228	9832	4073	2165	2868	1756	1821	1146	710	731	653	496	449	383	290	181	188	282	173	254	195	44	116	68	63	57	45	65	91	14	47	29	26	14	21	9	4	4	16	8	4	6	4	6	3	5	2	4	3	1	2	2	0	0	0	1	0	0	0	1	0	0	0	1	4	0	4	0	1	0	0	0	0	0	0	0	0	0	0	0	0	0	0	0
0.03	north16_all	80	29454	17511	8182	4684	5249	3195	3002	2110	1450	1332	1187	913	750	651	539	347	346	500	292	410	357	117	192	137	102	129	86	104	114	31	62	37	37	34	33	18	10	9	27	10	5	9	6	9	8	6	11	7	3	2	2	2	3	3	3	2	1	0	0	2	1	0	2	1	4	0	4	0	2	0	0	0	0	0	0	0	1	0	0	0	0	0	0	0
0.03	north16_active	80	14334	9882	4147	2109	2944	1698	1734	1133	721	717	657	485	435	368	290	192	192	314	163	264	213	50	119	75	57	81	47	67	74	18	45	22	20	20	18	9	5	3	14	7	3	6	3	1	3	2	11	4	3	1	2	2	0	0	3	1	0	0	0	1	0	0	0	1	4	0	4	0	1	0	0	0	0	0	0	0	0	0	0	0	0	0	0	0
0.03	north17_all	80	29312	17354	8202	4675	5348	3140	3013	2133	1428	1315	1163	876	760	663	531	367	357	481	291	453	339	120	198	143	101	130	106	101	93	24	74	35	33	39	34	21	11	13	22	15	8	8	6	8	10	7	10	6	2	5	3	2	2	3	3	1	2	0	1	2	1	0	2	1	5	0	0	0	1	0	0	0	0	0	0	0	1	0	0	0	0	0	1	0
0.03	north17_active	80	14271	9725	4156	2101	2973	1628	1783	1173	723	725	659	486	447	375	273	188	189	291	157	297	220	46	127	87	46	86	50	67	56	12	48	21	17	23	18	8	5	5	14	8	3	7	2	1	4	2	10	3	2	4	1	2	0	0	3	0	0	0	0	1	0	0	0	1	4	0	0	0	0	0	0	0	0	0	0	0	0	0	0	0	0	0	0	0
0.03	north18_all	80	29461	17340	8081	4701	5298	3100	3067	2177	1455	1316	1151	887	782	657	515	361	368	445	300	485	346	123	201	149	90	152	101	127	85	24	81	39	34	35	36	18	15	10	18	22	8	5	7	11	11	8	10	8	3	5	3	5	1	2	3	1	2	0	1	1	1	0	1	1	1	0	0	0	0	0	0	0	0	1	0	0	1	0	1	0	0	0	1	0
0.03	north18_active	80	14313	9734	4026	2101	2974	1596	1783	1188	719	727	657	480	475	374	260	179	194	282	181	315	238	48	137	86	43	100	46	91	52	11	49	25	13	22	14	7	9	3	11	13	2	3	2	6	8	2	9	3	2	4	1	5	0	0	3	0	0	0	0	0	0	0	0	1	0	0	0	0	0	0	0	0	0	0	0	0	0	0	1	0	0	0	0	0
0.03	north19_all	80	29470	17520	8104	4774	5265	3185	3109	2132	1428	1334	1126	890	829	647	545	344	358	440	301	480	332	130	179	152	82	166	99	137	79	27	82	41	31	34	47	20	14	11	21	19	9	4	8	7	11	9	11	6	4	5	3	5	1	0	3	4	1	0	1	0	0	0	0	0	2	0	0	0	0	0	0	0	0	1	0	0	0	0	1	0	0	0	1	0
0.03	north19_active	80	14315	9861	4029	2135	3015	1639	1838	1151	705	727	641	490	507	364	281	147	186	284	177	313	225	56	124	97	38	105	52	94	49	11	46	17	13	17	30	8	9	5	13	12	3	3	3	6	8	1	9	2	0	3	1	5	1	0	3	0	0	0	0	0	0	0	0	0	0	0	0	0	0	0	0	0	0	0	0	0	0	0	1	0	0	0	0	0
0.03	north20_all	80	29519	17561	8087	4753	5231	3195	3158	2097	1421	1343	1166	899	829	688	529	315	354	452	299	475	329	131	193	157	91	162	79	126	81	31	56	45	30	30	49	14	12	7	18	16	9	9	5	7	7	7	4	6	4	3	3	5	2	0	1	4	1	0	0	0	0	1	0	3	1	1	0	0	0	0	0	0	0	1	0	0	0	0	1	0	0	0	0	0
0.03	north20_active	80	14353	9930	3985	2118	2997	1648	1834	1106	704	715	653	472	501	395	275	133	190	276	167	302	214	60	142	85	40	97	44	84	53	12	33	21	12	15	33	8	8	3	13	9	4	4	2	6	6	1	0	1	0	2	1	5	2	0	1	1	0	0	0	0	0	0	0	3	0	1	0	0	0	0	0	0	0	0	0	0	0	0	1	0	0	0	0	0
0.03	south21_all	80	37912	17788	7842	5737	4551	4669	3260	2157	1914	1276	818	1617	1488	750	513	350	439	297	203	278	210	188	177	164	122	130	126	68	70	54	42	38	16	53	27	36	21	35	24	17	26	18	7	16	0	2	6	2	2	1	3	3	5	2	1	1	2	1	1	0	0	2	1	0	0	0	1	1	1	0	0	0	0	2	0	0	0	0	0	0	1	0	0	0
0.03	south21_active	80	20963	10071	3858	2911	2420	2812	1902	1153	1091	663	376	1021	954	402	262	155	244	133	99	146	130	103	90	104	63	81	76	35	43	26	24	19	4	40	15	13	10	32	13	11	24	9	3	13	0	1	1	0	2	0	2	1	2	0	0	0	2	1	1	0	0	0	0	0	0	0	1	0	1	0	0	0	0	2	0	0	0	0	0	0	1	0	0	0
0.03	south22_all	80	37811	17840	7924	5696	4555	4747	3258	2220	1990	1269	834	1657	1455	761	490	355	437	320	204	324	238	208	193	148	126	129	139	51	74	62	36	41	14	36	28	40	22	31	21	16	18	18	13	24	0	4	3	5	4	2	4	2	2	3	1	1	2	1	1	0	0	4	2	0	0	1	1	1	1	0	0	0	1	2	0	0	0	0	0	0	1	1	0	0
0.03	south22_active	80	20941	10030	3919	2932	2443	2878	1860	1219	1155	660	385	1091	947	407	264	165	231	157	104	187	150	120	119	97	70	79	97	27	50	28	20	21	5	20	13	22	8	26	13	11	17	9	4	17	0	1	0	2	2	0	3	1	2	0	0	0	2	0	1	0	0	0	0	0	0	0	1	0	1	0	0	0	0	2	0	0	0	0	0	0	1	0	0	0
0.03	south23_all	80	37625	17833	7910	5605	4567	4727	3318	2157	1959	1266	866	1635	1507	790	549	341	437	325	201	350	233	201	186	135	125	138	147	45	82	65	36	54	14	39	30	49	19	16	12	11	8	13	17	28	2	5	5	6	4	1	3	0	1	4	1	1	0	1	1	0	0	3	2	0	0	1	1	0	0	0	0	0	1	0	0	0	0	0	0	0	1	1	0	0
0.03	south23_active	80	20727	10002	3889	2909	2487	2888	1904	1187	1141	669	413	1035	976	427	321	154	242	171	92	216	142	121	105	83	76	80	102	20	59	32	18	33	5	23	12	32	6	10	7	7	6	7	7	22	1	2	3	4	0	0	2	0	1	0	0	0	0	0	1	0	0	0	0	0	0	0	1	0	0	0	0	0	0	0	0	0	0	0	0	0	1	0	0	0
0.03	south24_all	80	37880	17757	8021	5541	4562	4719	3274	2169	1946	1226	842	1740	1348	783	554	334	414	340	194	374	228	196	197	126	122	145	112	43	107	68	45	67	15	33	36	39	20	17	14	8	5	14	15	20	4	6	4	6	6	2	3	0	1	2	0	0	2	1	0	0	0	3	2	0	1	1	0	0	1	0	0	0	1	0	0	0	0	0	0	0	1	1	0	0
0.03	south24_active	80	20932	9929	3918	2908	2496	2860	1869	1203	1152	647	420	1128	874	428	332	137	230	191	82	245	130	116	106	76	76	68	76	16	76	34	24	49	7	13	18	28	10	9	10	4	2	7	7	12	1	3	4	4	1	1	2	0	1	0	0	0	1	0	0	0	0	0	1	0	0	0	0	0	1	0	0	0	0	0	0	0	0	0	0	0	1	0	0	0
0.03	south25_all	80	37986	17867	8078	5539	4578	4661	3347	2124	1978	1245	841	1613	1449	752	572	350	422	316	196	398	238	169	171	140	116	133	113	43	111	62	50	61	22	33	39	28	15	30	13	10	6	13	13	26	6	5	4	6	7	2	3	0	2	2	0	0	2	0	0	0	0	3	1	0	1	1	0	0	1	0	0	0	1	0	0	0	0	0	0	0	0	0	0	1
0.03	south25_active	80	21003	10061	3921	2892	2460	2784	1921	1171	1198	666	435	1029	923	421	325	143	253	168	89	277	130	98	82	89	63	67	69	18	78	30	26	50	8	12	24	16	7	16	9	4	2	8	11	10	1	3	4	5	1	1	2	0	1	0	0	0	1	0	0	0	0	0	1	0	0	0	0	0	1	0	0	0	0	0	0	0	0	0	0	0	0	0	0	0
0.03	south26_all	80	38116	17910	8038	5582	4554	4653	3315	2133	2020	1217	830	1575	1423	698	512	335	424	317	210	405	226	176	197	131	106	141	106	46	95	48	52	73	31	31	38	31	15	30	10	14	13	11	13	20	6	4	2	5	5	1	3	0	2	0	1	0	2	0	0	1	0	0	1	0	1	0	1	0	1	0	0	0	0	0	0	0	0	0	0	0	0	0	0	1
0.03	south26_active	80	21234	10131	3927	2863	2465	2781	1923	1189	1204	658	420	984	892	397	259	130	248	173	93	291	117	98	122	79	59	68	67	26	62	24	27	64	13	13	25	19	8	17	8	5	6	7	8	4	1	2	2	3	1	1	1	0	1	0	0	0	1	0	0	1	0	0	1	0	0	0	0	0	1	0	0	0	0	0	0	0	0	0	0	0	0	0	0	0
0.03	south27_all	80	38325	17901	7971	5692	4642	4532	3229	2121	2033	1190	881	1683	1352	687	524	352	408	304	209	366	245	170	207	143	101	134	97	49	108	49	45	68	27	33	32	31	12	32	8	17	16	13	15	21	5	1	2	7	4	3	5	0	2	1	1	0	0	1	0	4	0	0	0	0	1	0	1	0	1	0	0	3	1	0	0	0	0	0	0	0	0	0	0	1
0.03	south27_active	80	21330	10195	3944	2852	2526	2688	1862	1170	1180	640	438	1028	859	396	268	152	245	161	102	248	128	90	129	88	54	73	62	27	73	27	24	57	12	18	23	21	6	19	6	5	10	10	10	3	2	0	2	3	2	3	3	0	1	0	0	0	0	1	0	2	0	0	0	0	0	0	0	0	1	0	0	3	1	0	0	0	0	0	0	0	0	0	0	0
0.03	south28_all	80	38194	17964	7897	5737	4610	4640	3183	2100	1952	1185	929	1696	1397	702	512	331	407	307	218	345	239	163	216	140	102	145	102	64	94	54	41	66	25	35	30	33	8	22	9	24	14	10	11	5	6	2	3	10	3	4	5	1	1	2	1	0	0	1	0	6	0	0	0	0	0	0	1	0	0	0	0	3	1	0	0	0	0	0	0	0	0	0	0	0
0.03	south28_active	80	21319	10219	3879	2854	2536	2710	1839	1142	1091	639	439	1064	895	415	273	148	243	151	99	231	136	83	147	83	52	84	67	34	55	29	24	48	14	22	19	23	3	12	3	8	9	8	6	2	3	1	2	5	1	3	3	0	0	1	0	0	0	1	0	2	0	0	0	0	0	0	0	0	0	0	0	3	1	0	0	0	0	0	0	0	0	0	0	0
0.03	south29_all	80	38192	17906	7856	5742	4637	4641	3210	2083	1945	1205	936	1784	1404	699	523	337	379	321	208	371	210	165	226	161	91	133	117	62	96	57	36	53	26	34	29	22	6	20	13	22	15	9	6	5	5	1	6	7	3	8	5	2	1	2	1	0	0	2	1	6	0	1	0	0	0	0	0	0	0	0	0	3	1	0	0	0	0	0	0	0	0	0	0	0
0.03	south29_active	80	21290	10162	3893	2836	2526	2678	1823	1123	1061	671	449	1160	899	405	273	162	229	165	96	239	120	90	149	95	42	78	82	30	60	32	21	36	16	20	18	14	3	14	3	7	11	6	5	2	2	1	5	3	3	7	4	1	0	1	0	0	0	1	0	2	0	0	0	0	0	0	0	0	0	0	0	3	1	0	0	0	0	0	0	0	0	0	0	0
0.03	south30_all	80	37971	18084	7900	5769	4602	4687	3251	2114	1909	1196	943	1799	1468	742	531	342	396	292	201	372	201	155	223	152	97	137	135	64	101	66	35	52	26	25	31	21	10	19	14	18	18	10	6	4	3	2	8	7	3	5	3	2	1	1	1	3	0	1	1	4	0	1	0	0	0	0	0	0	0	0	0	0	0	0	0	0	0	0	0	0	0	0	0	0
0.03	south30_active	80	21005	10323	3893	2886	2470	2761	1853	1143	1031	660	458	1145	968	429	290	171	235	149	89	240	124	78	147	92	42	93	77	31	69	37	19	35	16	13	18	15	4	15	3	7	12	7	5	3	1	2	5	4	3	4	3	1	0	1	1	3	0	0	0	2	0	0	0	0	0	0	0	0	0	0	0	0	0	0	0	0	0	0	0	0	0	0	0	0
0.03	south31_all	80	38149	18100	7855	5567	4515	4687	3243	2188	2158	1242	908	1560	1444	732	493	375	409	300	206	360	173	190	188	149	98	145	97	46	76	53	32	72	28	23	22	23	18	21	13	14	11	8	7	7	4	5	2	10	3	3	0	2	3	2	4	2	2	2	0	1	1	0	1	0	7	0	0	0	0	0	0	0	0	0	1	0	0	0	0	0	0	0	0	0
0.03	south31_active	80	21197	10355	3865	2829	2474	2786	1906	1221	1243	677	431	986	923	424	271	180	213	166	95	240	99	107	127	90	46	87	62	21	44	33	16	27	8	12	17	4	11	11	5	6	6	4	5	3	2	3	1	4	1	1	0	2	0	1	3	1	2	1	0	0	0	0	0	0	0	0	0	0	0	0	0	0	0	0	0	0	0	0	0	0	0	0	0	0
0.03	south32_all	80	38286	17918	7919	5640	4511	4793	3255	2102	2127	1245	908	1628	1384	759	497	370	395	302	208	357	162	204	215	156	99	143	85	40	63	55	35	70	23	32	24	31	19	19	6	12	13	7	6	12	3	6	2	12	2	3	1	3	2	2	5	2	2	2	0	1	2	2	1	0	0	0	0	1	0	0	1	0	0	0	1	0	0	0	0	0	0	0	0	0
0.03	south32_active	80	21239	10109	3886	2828	2458	2898	1885	1150	1251	675	430	1048	857	432	273	172	206	171	92	239	84	118	145	91	51	91	52	22	34	32	18	27	9	16	18	10	12	11	3	6	6	5	5	3	2	3	1	7	2	1	1	2	0	1	3	1	2	1	0	0	0	2	0	0	0	0	0	0	0	0	1	0	0	0	0	0	0	0	0	0	0	0	0	0
0.03	south33_all	80	38023	17808	7961	5627	4428	4967	3220	2072	2064	1245	950	1574	1406	746	507	353	402	302	200	327	203	185	214	164	101	147	76	56	90	50	39	68	22	28	26	27	22	14	9	13	21	10	5	21	5	1	3	12	3	1	1	3	3	1	5	2	2	1	3	4	2	2	1	1	0	0	1	1	0	3	1	0	0	0	1	0	0	0	0	0	0	0	0	0
0.03	south33_active	80	21043	10035	3880	2824	2391	3021	1872	1139	1196	639	454	1000	918	425	272	162	213	152	74	221	105	102	135	89	58	105	38	29	66	28	19	19	11	13	16	12	16	9	4	6	5	6	3	10	3	0	1	7	2	0	1	1	1	0	3	1	2	1	1	3	0	2	0	1	0	0	0	0	0	0	1	0	0	0	0	0	0	0	0	0	0	0	0	0
0.03	south34_all	80	37009	17163	7907	5554	4395	4811	3101	2001	2041	1198	914	1563	1358	712	524	345	394	290	204	272	200	172	211	171	117	119	64	62	95	59	42	65	22	28	27	30	18	14	10	15	18	8	2	19	4	1	5	10	3	3	3	3	2	1	4	1	2	2	4	5	2	2	4	1	0	0	1	1	0	3	1	0	0	0	0	0	0	0	0	0	0	0	0	0
0.03	south34_active	80	20352	9514	3810	2778	2382	2861	1749	1084	1185	578	432	1004	878	394	291	157	221	144	83	178	102	85	132	102	68	80	22	34	65	35	20	29	12	14	15	16	15	7	5	7	4	4	1	8	3	0	1	8	2	2	1	1	1	0	3	1	2	1	1	3	0	2	0	1	0	0	0	0	0	0	1	0	0	0	0	0	0	0	0	0	0	0	0	0
0.03	south35_all	80	35935	16596	7723	5477	4244	4577	3040	1967	1997	1178	881	1474	1335	725	539	336	403	274	214	273	224	168	180	167	112	106	78	60	107	53	38	66	31	29	26	33	12	19	12	19	18	6	10	26	4	0	7	5	2	4	3	2	4	0	1	1	0	1	4	5	1	2	5	1	0	0	1	1	0	3	0	0	0	0	0	0	0	0	0	1	0	0	0	0
0.03	south35_active	80	19632	9207	3636	2716	2298	2687	1708	1070	1151	539	399	959	861	420	302	158	203	127	101	171	120	92	102	103	68	70	34	33	77	32	16	31	15	18	14	21	10	7	7	10	5	3	2	15	3	0	2	3	1	2	0	1	2	0	1	1	0	0	1	3	0	2	1	1	0	0	0	0	0	0	0	0	0	0	0	0	0	0	0	0	0	0	0	0
0.03	south36_all	80	34927	16299	7583	5280	4213	4360	2952	1969	1888	1162	843	1374	1326	694	509	343	391	259	210	286	213	170	165	153	97	104	74	59	102	51	36	67	36	41	28	29	10	24	13	18	7	5	9	18	3	2	6	5	0	4	6	1	3	0	1	1	0	1	2	2	1	0	5	0	1	1	0	0	0	0	0	0	0	0	0	0	0	0	0	1	0	0	0	0
0.03	south36_active	80	18814	8933	3498	2625	2245	2543	1661	1055	1076	544	369	894	810	405	288	161	208	128	111	178	113	89	92	101	56	58	38	33	65	30	20	40	13	30	13	16	9	10	7	9	6	1	2	11	2	0	2	3	0	3	1	1	2	0	1	1	0	0	0	0	0	0	1	0	1	1	0	0	0	0	0	0	0	0	0	0	0	0	0	0	0	0	0	0
0.03	south37_all	80	35286	16300	7548	5319	4336	4217	2991	2043	1946	1126	842	1454	1395	728	505	370	376	264	208	293	219	178	189	145	86	95	97	56	104	53	38	67	29	49	35	25	12	30	16	14	6	10	12	17	2	3	5	10	1	2	4	0	4	0	1	0	0	0	1	1	1	0	1	0	1	1	0	0	0	0	0	0	0	0	0	0	0	0	0	1	0	0	0	0
0.03	south37_active	80	19097	8825	3506	2646	2285	2521	1702	1118	1134	548	395	941	844	439	269	169	202	138	99	173	121	97	117	98	51	54	51	33	56	33	18	41	6	32	17	13	8	16	6	9	4	6	3	10	0	0	1	9	1	1	1	0	3	0	1	0	0	0	1	0	1	0	1	0	1	1	0	0	0	0	0	0	0	0	0	0	0	0	0	0	0	0	0	0
0.03	south38_all	80	36095	16906	7745	5508	4508	4393	2920	2101	1934	1148	860	1540	1446	743	496	366	361	272	210	285	229	195	177	154	79	88	102	60	80	58	37	57	24	57	35	23	13	18	14	10	8	10	6	13	4	6	4	10	3	3	4	0	3	1	1	0	1	0	2	1	1	0	0	0	1	1	0	0	0	0	0	0	0	0	0	0	0	0	0	0	0	0	0	0
0.03	south38_active	80	19588	9230	3614	2804	2404	2629	1700	1170	1128	566	423	1005	842	448	277	171	202	149	95	168	120	111	108	103	48	47	56	30	43	33	19	31	6	40	12	11	7	14	6	4	4	5	3	4	1	0	0	9	2	1	1	0	3	1	1	0	1	0	1	0	1	0	0	0	1	1	0	0	0	0	0	0	0	0	0	0	0	0	0	0	0	0	0	0
0.03	south39_all	80	37214	17270	7839	5720	4635	4493	3143	2163	1941	1153	804	1561	1491	745	531	364	389	299	218	302	234	182	220	141	94	79	106	69	83	61	37	52	16	63	39	21	15	26	10	9	12	9	7	13	3	7	3	12	3	1	2	1	3	4	0	1	1	0	2	0	1	0	0	0	1	0	0	0	0	0	0	0	0	0	0	0	0	0	0	0	0	0	0	0
0.03	south39_active	80	20439	9523	3754	2917	2472	2708	1800	1187	1108	586	390	1000	898	458	300	168	220	177	93	170	121	104	146	83	62	43	58	37	43	39	21	22	6	40	15	11	9	14	4	5	5	6	4	6	1	1	0	12	2	0	1	0	2	2	0	0	1	0	1	0	1	0	0	0	1	0	0	0	0	0	0	0	0	0	0	0	0	0	0	0	0	0	0	0
0.03	south40_all	80	38048	17790	7986	5902	4585	4753	3185	2199	2005	1217	839	1558	1542	725	552	365	370	293	219	317	224	172	195	144	102	120	123	63	80	65	37	53	18	58	36	19	13	31	11	10	18	4	7	10	4	6	7	9	4	2	0	2	3	4	1	1	1	0	2	1	0	0	0	0	0	0	0	0	0	0	0	0	0	0	0	0	0	0	0	0	0	0	0	0
0.03	south40_active	80	21078	9950	3864	3021	2420	2853	1819	1220	1158	632	400	976	954	422	322	170	215	166	102	189	111	93	123	81	65	66	68	28	46	40	20	34	8	34	21	11	9	17	8	7	10	3	4	3	1	1	0	9	3	1	0	1	2	2	0	0	1	0	1	0	0	0	0	0	0	0	0	0	0	0	0	0	0	0	0	0	0	0	0	0	0	0	0	0
