label	Group	numOtus	Otu0	Otu1	Otu2	Otu3	Otu4	Otu5	Otu6	Otu7	Otu8	Otu9	Otu10	Otu11	Otu12	Otu13	Otu14	Otu15	Otu16	Otu17	Otu18	Otu19	Otu20	Otu21	Otu22	Otu23	Otu24	Otu25	Otu26	Otu27	Otu28	Otu29	Otu30	Otu31	Otu32	Otu33	Otu34	Otu35	Otu36	Otu37	Otu38	Otu39	Otu40	Otu41	Otu42	Otu43	Otu44	Otu45	Otu46	Otu47	Otu48	Otu49	Otu50	Otu51	Otu52	Otu53	Otu54	Otu55	Otu56	Otu57	Otu58	Otu59	Otu60	Otu61	Otu62	Otu63	Otu64	Otu65	Otu66	Otu67	Otu68	Otu69	Otu70	Otu71	Otu72	Otu73	Otu74	Otu75	Otu76	Otu77	Otu78	Otu79	Otu80	Otu81	Otu82	Otu83	Otu84	Otu85	Otu86	Otu87	Otu88	Otu89	Otu90	Otu91	Otu92	Otu93	Otu94	Otu95	Otu96	Otu97	Otu98	Otu99	Otu100	Otu101	Otu102	Otu103	Otu104	Otu105	Otu106	Otu107	Otu108	Otu109	Otu110	Otu111	Otu112	Otu113	Otu114	Otu115	Otu116	Otu117	Otu118	Otu119	Otu120	Otu121	Otu122	Otu123	Otu124	Otu125	Otu126	Otu127	Otu128	Otu129	Otu130	Otu131	Otu132	Otu133	Otu134	Otu135	Otu136	Otu137	Otu138	Otu139	Otu140	Otu141	Otu142	Otu143	Otu144	Otu145	Otu146	Otu147	Otu148	Otu149	Otu150	Otu151	Otu152	Otu153	Otu154	Otu155	Otu156	Otu157	Otu158	Otu159	Otu160	Otu161	Otu162	Otu163	Otu164	Otu165	Otu166	Otu167	Otu168	Otu169	Otu170	Otu171	Otu172	Otu173	Otu174	Otu175	Otu176	Otu177	Otu178	Otu179	Otu180	Otu181	Otu182	Otu183	Otu184	Otu185	Otu186	Otu187	Otu188	Otu189	Otu190	Otu191	Otu192	Otu193	Otu194	Otu195	Otu196	Otu197	Otu198
0.03	north1_all	80	7705	3270	1507	1096	926	756	1155	816	792	747	289	443	391	332	202	188	311	314	172	469	145	178	146	277	88	79	73	97	84	60	55	52	47	79	43	41	100	34	60	41	66	50	38	31	29	69	21	17	26	23	17	21	17	22	15	24	7	18	5	53	9	27	26	22	7	8	11	9	7	8	11	8	2	12	7	7	30	2	37	7	0	1	6	4	8	7	2	3	5	2	4	4	1	5	1	4	1	0	5	0	4	2	4	1	13	0	5	0	10	5	2	0	1	1	0	1	1	4	2	1	1	0	0	0	0	0	6	0	1	3	1	0	0	2	0	0	1	0	0	0	0	1	0	0	0	0	0	0	0	0	0	0	0	0	0	0	0	0	0	0	1	0	0	0	0	1	0	0	0	0	0	0	0	0	1	0	0	0	0	0	0	0	0	0	1	0	0	0	0	0	0	0	1	0	0	0	0	0	0
0.03	north1_active	80	5730	2196	452	345	513	386	943	626	640	605	70	332	295	247	63	89	259	251	111	435	75	125	91	236	21	39	35	62	49	11	19	26	27	59	21	25	86	15	45	31	56	38	32	9	9	63	4	6	15	10	10	16	5	2	9	15	2	3	2	45	5	24	24	21	2	4	7	1	6	4	7	6	1	10	5	1	30	2	36	6	0	1	5	2	6	3	1	2	2	0	0	4	0	5	0	3	0	0	4	0	3	1	3	1	12	0	3	0	8	5	0	0	0	0	0	0	1	1	0	1	1	0	0	0	0	0	6	0	1	2	1	0	0	0	0	0	1	0	0	0	0	1	0	0	0	0	0	0	0	0	0	0	0	0	0	0	0	0	0	0	1	0	0	0	0	1	0	0	0	0	0	0	0	0	1	0	0	0	0	0	0	0	0	0	0	0	0	0	0	0	0	0	0	0	0	0	0	0	0
0.03	north2_all	80	7729	3226	1457	1092	925	743	1129	818	765	736	302	470	410	318	213	202	350	280	168	412	139	197	132	269	82	93	68	103	85	56	57	54	48	73	45	40	105	29	44	46	62	48	55	36	30	60	22	22	30	23	15	21	10	20	12	23	8	21	8	50	11	21	41	30	3	9	12	10	8	7	8	5	3	17	5	7	24	6	32	15	0	2	4	4	9	5	4	3	5	2	4	5	3	5	1	3	1	1	3	0	4	1	8	1	8	0	4	0	8	8	1	0	2	1	0	1	0	4	2	1	1	0	1	0	0	0	4	0	1	3	1	0	0	1	0	0	1	0	0	0	0	2	0	0	0	0	0	0	1	0	0	0	0	0	0	0	0	0	0	0	1	0	0	1	0	1	0	0	0	0	0	0	0	0	1	0	0	0	0	0	0	0	0	0	0	0	0	0	0	0	0	0	1	0	0	0	0	0	0
0.03	north2_active	80	5728	2192	424	352	505	384	921	636	608	603	85	368	308	233	58	102	289	216	109	371	72	143	84	226	23	50	33	66	45	12	20	24	27	55	18	26	89	13	34	31	50	37	46	8	6	53	3	9	17	10	9	17	3	1	7	16	3	5	3	41	5	18	38	29	0	5	9	2	7	2	4	3	1	15	4	0	23	5	31	13	0	2	3	2	8	0	1	2	2	0	0	5	1	5	0	2	0	1	2	0	3	1	7	1	7	0	3	0	7	8	0	0	1	0	0	0	0	1	0	1	1	0	0	0	0	0	4	0	1	2	1	0	0	0	0	0	1	0	0	0	0	2	0	0	0	0	0	0	1	0	0	0	0	0	0	0	0	0	0	0	1	0	0	1	0	1	0	0	0	0	0	0	0	0	1	0	0	0	0	0	0	0	0	0	0	0	0	0	0	0	0	0	0	0	0	0	0	0	0
0.03	north3_all	80	7648	3313	1436	1064	918	747	1134	855	748	744	314	527	418	351	228	215	378	273	157	435	133	188	140	302	72	88	60	96	70	58	57	58	52	60	49	41	87	37	47	43	43	35	60	34	28	58	20	27	38	25	19	13	10	16	7	23	12	15	10	51	19	20	51	37	5	7	11	10	7	11	6	10	4	18	3	5	20	7	32	13	0	2	2	4	11	5	4	6	8	1	2	6	3	17	2	3	0	11	2	0	4	2	8	1	4	2	6	1	13	4	1	0	2	1	1	2	0	4	2	0	0	0	1	0	0	2	4	0	0	0	1	0	0	1	0	0	0	0	0	0	0	3	0	0	0	0	1	0	1	0	0	0	0	1	0	0	0	0	3	0	0	0	0	1	0	0	0	0	1	0	0	1	0	0	1	0	0	0	0	0	0	0	0	0	0	0	0	0	0	0	0	0	1	0	0	0	0	0	0
0.03	north3_active	80	5668	2263	410	365	498	395	924	651	595	616	80	412	324	258	64	114	315	209	103	389	71	141	94	257	21	51	29	57	42	15	23	25	29	38	21	25	68	16	33	27	33	24	50	9	6	49	3	9	23	13	13	10	3	1	3	17	8	3	4	43	8	17	48	33	1	3	8	3	6	3	2	4	1	15	1	0	19	6	30	12	0	2	2	2	8	0	1	4	6	0	0	5	1	16	0	0	0	11	1	0	3	2	7	0	3	1	5	1	12	4	0	0	1	0	0	1	0	1	0	0	0	0	0	0	0	1	4	0	0	0	1	0	0	0	0	0	0	0	0	0	0	3	0	0	0	0	1	0	1	0	0	0	0	0	0	0	0	0	3	0	0	0	0	1	0	0	0	0	1	0	0	1	0	0	1	0	0	0	0	0	0	0	0	0	0	0	0	0	0	0	0	0	0	0	0	0	0	0	0
0.03	north4_all	80	7725	3338	1467	1093	927	729	1098	829	780	691	323	497	403	343	212	210	393	284	161	424	133	179	138	310	83	88	62	82	78	65	52	60	48	73	48	41	66	34	56	43	40	45	67	32	31	60	23	30	37	20	24	17	11	16	10	14	14	19	10	32	17	21	45	27	6	9	7	11	8	10	4	11	3	17	5	5	18	9	25	13	1	4	6	3	8	4	4	4	9	2	2	7	3	15	2	3	0	12	1	0	1	1	8	1	23	3	4	1	5	4	0	1	2	2	1	1	0	3	0	0	0	0	1	0	0	2	0	0	0	0	0	0	0	0	0	2	0	0	0	2	0	5	1	0	0	0	2	0	1	0	0	0	1	1	0	0	0	0	3	0	0	0	0	1	0	0	0	0	1	0	0	1	1	0	1	0	0	0	0	0	0	0	0	0	0	0	0	0	0	0	0	0	0	0	0	0	0	0	0
0.03	north4_active	80	5704	2299	419	360	499	376	894	625	613	562	98	382	315	264	60	109	330	224	103	385	63	134	97	265	22	57	21	52	47	18	22	31	18	52	20	27	52	13	39	24	32	33	57	9	10	54	3	12	21	10	15	10	3	1	6	10	11	6	5	25	7	18	42	22	1	2	3	2	7	3	2	5	0	13	3	0	14	6	23	12	0	4	6	2	4	0	1	2	8	1	1	6	1	14	0	0	0	11	1	0	1	1	7	0	22	1	4	1	5	4	0	1	1	0	0	1	0	2	0	0	0	0	0	0	0	1	0	0	0	0	0	0	0	0	0	2	0	0	0	0	0	5	1	0	0	0	2	0	1	0	0	0	1	0	0	0	0	0	3	0	0	0	0	1	0	0	0	0	1	0	0	1	1	0	1	0	0	0	0	0	0	0	0	0	0	0	0	0	0	0	0	0	0	0	0	0	0	0	0
0.03	north5_all	80	7754	3419	1482	1078	942	734	1112	843	728	684	318	462	396	338	209	221	391	291	177	462	120	174	142	309	79	89	70	70	76	71	58	66	44	81	59	45	76	33	56	36	49	63	63	25	24	101	26	29	33	22	26	23	11	13	18	19	15	13	10	32	20	24	39	18	6	7	12	10	14	9	7	10	11	17	10	8	9	6	15	5	2	7	23	0	12	4	3	5	9	3	2	9	2	18	1	4	1	13	1	1	1	2	5	1	21	3	3	3	6	4	0	2	1	2	1	1	0	3	0	0	0	1	1	0	0	2	0	0	0	1	0	1	0	0	0	2	0	1	0	2	1	4	1	0	0	0	2	0	0	0	0	0	1	1	0	0	0	0	3	0	0	0	0	1	0	0	0	0	1	0	0	1	1	0	0	0	0	0	0	0	0	0	0	0	0	0	0	0	0	0	0	0	0	0	0	0	0	0	0
0.03	north5_active	80	5744	2356	423	320	505	380	909	628	581	542	103	346	313	254	71	111	332	232	107	417	53	127	98	267	16	61	28	44	40	18	28	32	13	59	31	28	56	16	41	18	42	47	50	7	8	97	4	11	22	11	16	13	2	1	10	15	12	4	4	28	10	22	37	14	2	3	5	2	9	2	6	4	7	13	8	0	5	4	14	4	0	7	22	0	8	1	3	3	8	2	2	7	0	17	0	0	0	12	1	0	1	1	4	0	21	1	3	1	5	4	0	2	1	0	0	1	0	3	0	0	0	1	0	0	0	1	0	0	0	1	0	0	0	0	0	2	0	1	0	0	1	4	1	0	0	0	2	0	0	0	0	0	1	0	0	0	0	0	3	0	0	0	0	1	0	0	0	0	1	0	0	1	1	0	0	0	0	0	0	0	0	0	0	0	0	0	0	0	0	0	0	0	0	0	0	0	0	0	0
0.03	north6_all	80	7846	3457	1468	1072	981	725	1069	771	692	615	326	448	382	356	203	192	365	288	191	413	124	174	130	256	87	83	78	76	82	69	54	66	56	90	64	47	79	33	58	37	48	74	55	23	28	104	22	28	28	14	24	25	16	12	17	22	9	12	10	31	16	30	40	15	7	6	17	14	10	4	13	9	11	15	11	7	8	5	12	4	2	6	26	0	8	5	5	2	4	4	3	9	0	5	1	2	2	13	1	1	2	13	5	0	23	1	0	3	3	1	0	2	0	2	0	1	0	3	0	2	0	1	0	0	0	1	0	0	1	1	3	1	0	0	0	2	0	1	0	2	1	5	1	0	0	0	1	0	0	0	0	0	1	1	0	0	0	0	0	0	0	0	0	1	0	0	0	0	0	0	0	1	1	0	0	0	0	0	0	0	0	0	1	0	0	0	0	0	0	0	0	0	0	0	0	0	0	0	0
0.03	north6_active	80	5765	2378	419	312	540	376	862	571	529	493	116	345	295	265	77	93	303	231	110	368	61	129	86	221	17	55	32	42	39	15	24	33	19	72	31	33	59	15	45	19	43	55	42	9	9	101	4	11	15	5	16	15	5	0	11	17	6	4	4	29	10	28	38	12	4	2	8	3	6	1	11	4	9	12	8	1	4	2	10	4	0	6	25	0	7	1	5	2	4	3	3	7	0	4	0	0	0	12	1	0	1	11	4	0	23	0	0	1	2	1	0	2	0	0	0	1	0	3	0	2	0	1	0	0	0	0	0	0	0	1	3	0	0	0	0	2	0	1	0	0	1	5	1	0	0	0	1	0	0	0	0	0	1	0	0	0	0	0	0	0	0	0	0	0	0	0	0	0	0	0	0	1	1	0	0	0	0	0	0	0	0	0	1	0	0	0	0	0	0	0	0	0	0	0	0	0	0	0	0
0.03	north7_all	80	7810	3447	1462	1064	1013	754	1099	782	659	609	324	494	422	392	204	197	376	280	181	463	123	167	117	283	88	93	75	86	77	62	60	62	61	98	68	51	96	32	64	39	47	75	40	22	21	92	20	31	28	15	17	32	15	8	14	21	9	6	12	42	11	31	37	18	6	5	16	13	11	4	14	7	15	20	14	7	7	3	11	3	2	6	25	1	9	5	9	2	2	3	2	6	0	14	1	4	2	5	0	1	1	13	6	2	2	2	0	3	3	3	2	2	0	1	0	0	0	2	1	2	1	1	0	0	0	0	0	0	1	1	3	1	0	0	0	2	0	1	0	0	1	1	0	0	0	0	1	0	0	0	0	0	1	1	0	0	0	0	0	2	0	0	0	1	0	0	0	0	0	0	0	0	1	0	0	0	0	0	0	0	0	0	1	0	0	0	0	0	0	0	0	0	0	0	0	0	0	0	0
0.03	north7_active	80	5717	2405	414	307	576	386	865	582	510	490	117	389	329	289	78	100	312	221	106	421	57	123	76	253	24	60	30	56	35	10	25	32	21	79	35	33	75	15	45	21	44	59	29	8	3	89	2	11	14	3	7	23	4	1	9	14	4	2	6	37	6	28	35	16	3	1	9	3	4	1	12	4	12	18	12	2	6	0	8	1	0	6	24	1	8	3	7	2	2	2	2	5	0	13	1	1	0	5	0	0	0	11	4	1	2	0	0	0	2	2	0	2	0	0	0	0	0	2	0	2	0	1	0	0	0	0	0	0	0	1	3	0	0	0	0	2	0	1	0	0	1	1	0	0	0	0	0	0	0	0	0	0	1	0	0	0	0	0	0	2	0	0	0	0	0	0	0	0	0	0	0	0	1	0	0	0	0	0	0	0	0	0	1	0	0	0	0	0	0	0	0	0	0	0	0	0	0	0	0
0.03	north8_all	80	7691	3444	1446	1076	1027	781	1083	814	673	621	306	503	446	400	213	224	362	269	175	445	121	167	99	263	80	102	75	84	71	51	60	64	61	94	55	63	105	35	62	45	46	82	47	20	23	58	20	28	24	16	15	39	19	12	11	15	13	6	15	47	8	21	28	15	12	9	10	7	10	5	12	3	15	27	8	6	5	7	15	13	2	4	12	2	9	7	6	2	2	3	2	4	3	14	1	4	1	4	0	1	1	13	7	2	6	2	4	3	4	3	2	1	0	2	0	0	0	2	2	2	1	1	2	0	1	0	1	0	1	1	3	1	0	0	0	1	0	1	2	1	1	1	0	0	0	0	1	0	0	0	0	0	0	1	0	0	0	0	0	2	1	0	0	1	0	0	0	0	0	0	0	0	0	0	0	0	0	0	0	0	0	0	1	1	0	0	0	0	0	0	1	0	0	0	0	0	0	0	0
0.03	north8_active	80	5616	2435	422	341	584	395	845	611	506	500	111	401	344	297	69	123	296	216	106	399	57	120	63	237	19	61	32	54	34	7	22	34	24	77	27	41	85	16	45	30	39	61	37	7	4	55	7	12	10	4	9	32	5	3	8	9	5	2	8	42	4	19	27	14	4	1	6	2	3	2	11	2	12	25	6	2	5	4	11	9	0	4	12	2	9	6	4	2	1	2	1	4	0	13	1	1	0	4	0	0	0	11	4	1	6	0	4	0	2	2	0	1	0	0	0	0	0	2	1	2	0	0	1	0	0	0	1	0	0	1	3	1	0	0	0	0	0	1	0	0	1	1	0	0	0	0	0	0	0	0	0	0	0	0	0	0	0	0	0	2	0	0	0	0	0	0	0	0	0	0	0	0	0	0	0	0	0	0	0	0	0	0	1	0	0	0	0	0	0	0	1	0	0	0	0	0	0	0	0
0.03	north9_all	80	7639	3367	1454	1077	1048	788	1115	804	682	652	294	485	444	391	199	226	354	262	184	465	113	164	97	255	78	100	72	96	74	50	59	59	67	96	45	60	91	30	52	45	52	67	56	18	25	59	20	27	26	15	15	38	18	9	10	13	11	6	17	51	5	15	20	22	14	12	5	5	9	4	13	3	9	26	11	6	6	8	13	14	2	4	9	2	7	8	5	2	4	4	2	3	6	16	1	3	4	5	1	2	0	0	6	2	5	3	4	3	3	3	2	1	1	2	0	1	0	1	3	0	1	1	3	0	1	0	2	0	0	0	1	1	0	0	0	1	0	0	2	1	0	1	0	1	0	0	1	0	0	0	0	0	0	0	0	0	1	0	0	2	1	0	0	0	0	0	0	0	0	0	0	0	0	0	0	0	0	0	0	0	0	0	0	1	0	0	0	0	0	0	1	0	0	0	0	0	0	0	0
0.03	north9_active	80	5573	2373	406	343	614	404	879	596	525	520	96	377	347	296	56	127	285	207	122	427	50	125	62	224	20	62	29	57	41	8	22	30	24	67	20	41	76	14	35	35	42	48	40	7	3	53	9	11	10	4	7	33	3	3	5	9	4	2	10	46	2	12	20	20	2	1	1	0	1	2	12	3	6	25	8	2	5	5	11	10	0	4	9	2	7	8	3	1	2	2	1	3	0	15	1	1	2	4	0	0	0	0	4	1	5	1	4	0	2	2	0	1	0	0	0	1	0	1	1	0	0	0	1	0	0	0	2	0	0	0	0	1	0	0	0	0	0	0	0	0	0	1	0	1	0	0	0	0	0	0	0	0	0	0	0	0	0	0	0	2	0	0	0	0	0	0	0	0	0	0	0	0	0	0	0	0	0	0	0	0	0	0	0	0	0	0	0	0	0	0	1	0	0	0	0	0	0	0	0
0.03	north10_all	80	7655	3331	1476	1106	1019	746	1112	826	706	696	293	452	442	354	196	223	365	251	199	449	99	149	103	240	75	97	77	91	73	57	58	55	54	94	50	55	91	31	50	56	56	70	47	22	20	74	22	27	28	16	15	32	16	12	12	17	12	10	16	38	6	15	18	19	13	14	4	8	11	3	10	6	9	35	16	7	6	7	11	14	1	7	10	3	4	10	1	2	5	3	1	3	6	11	1	3	3	1	2	2	0	1	6	0	6	1	4	2	3	0	3	2	2	1	0	1	0	0	4	0	1	1	3	0	1	0	2	0	0	0	1	1	0	0	0	1	0	0	2	1	0	0	0	1	0	0	1	0	0	0	0	0	0	0	0	0	1	0	1	2	1	0	0	0	0	0	0	0	0	0	0	0	0	0	0	0	0	0	0	0	0	0	0	1	0	0	0	0	0	0	1	0	0	0	0	0	0	0	0
0.03	north10_active	80	5619	2339	423	360	585	385	880	633	550	544	98	346	337	268	46	118	292	196	132	406	44	120	66	205	20	57	35	55	39	11	27	25	20	65	27	37	80	15	37	45	42	53	35	7	4	64	9	13	10	7	7	28	2	2	4	13	6	3	10	34	2	12	18	17	1	2	2	2	4	2	7	4	7	35	13	1	5	5	8	12	0	6	9	2	4	10	0	1	2	1	0	3	0	11	0	1	2	0	1	0	0	1	4	0	6	1	4	0	2	0	1	1	1	0	0	1	0	0	1	0	0	0	1	0	0	0	2	0	0	0	0	1	0	0	0	0	0	0	0	0	0	0	0	1	0	0	0	0	0	0	0	0	0	0	0	0	0	0	1	2	0	0	0	0	0	0	0	0	0	0	0	0	0	0	0	0	0	0	0	0	0	0	0	0	0	0	0	0	0	0	1	0	0	0	0	0	0	0	0
0.03	north11_all	80	7405	3411	1466	1116	1035	803	1127	797	739	691	337	514	422	386	164	214	289	202	172	452	139	163	132	279	87	110	84	98	77	62	54	54	45	80	45	58	102	33	52	52	59	51	33	24	26	53	19	28	18	15	19	36	15	22	16	8	16	13	10	38	8	14	34	21	16	10	8	7	7	7	14	8	9	6	4	3	16	2	7	2	4	8	2	2	8	14	4	4	11	2	4	11	3	5	4	1	3	8	7	1	0	6	4	0	3	3	0	3	1	4	0	11	0	0	1	5	1	4	1	3	2	7	1	0	0	1	5	0	0	0	0	0	0	0	0	0	0	0	1	2	1	0	0	0	0	0	0	0	0	0	0	0	0	0	2	1	0	4	0	1	1	0	1	0	0	0	0	1	0	0	8	0	0	0	0	0	0	0	0	1	0	0	0	0	0	0	0	0	0	0	0	0	0	0	0	0	0	0	0
0.03	north11_active	80	5401	2318	428	369	599	399	925	597	582	545	116	396	331	300	49	124	227	139	121	413	67	118	81	240	20	67	38	51	47	16	21	27	26	60	22	35	89	12	39	30	44	43	24	10	11	44	7	15	10	8	9	22	1	9	11	6	13	6	5	36	4	13	32	18	3	3	2	4	4	3	10	5	5	4	2	0	14	1	3	2	1	8	0	1	7	12	2	3	10	0	2	11	0	5	0	0	1	7	7	1	0	5	4	0	3	1	0	2	1	4	0	11	0	0	0	2	0	3	0	3	0	7	1	0	0	1	5	0	0	0	0	0	0	0	0	0	0	0	1	1	1	0	0	0	0	0	0	0	0	0	0	0	0	0	2	1	0	4	0	1	0	0	0	0	0	0	0	0	0	0	8	0	0	0	0	0	0	0	0	0	0	0	0	0	0	0	0	0	0	0	0	0	0	0	0	0	0	0	0
0.03	north12_all	80	7487	3294	1422	1071	1032	796	1092	802	721	674	316	480	406	399	149	203	296	238	175	439	141	152	100	285	90	95	86	90	86	58	55	61	47	96	48	50	114	32	54	49	46	53	47	23	23	50	20	27	16	22	19	38	14	22	24	10	9	11	13	62	7	13	28	16	16	8	5	5	5	9	14	7	9	17	6	5	9	4	4	5	4	5	4	3	8	18	3	4	9	1	1	11	3	4	2	0	1	7	4	1	1	8	4	2	13	2	2	3	1	4	1	11	3	0	2	4	1	5	1	3	3	7	0	0	1	2	5	0	0	0	0	0	0	0	1	0	0	2	1	1	0	0	0	1	0	0	0	0	0	0	0	0	0	0	2	1	0	4	0	0	4	0	1	0	0	0	0	1	0	0	3	0	0	0	1	0	0	0	0	1	0	0	0	0	0	0	0	0	1	0	0	2	0	0	0	1	0	0	0
0.03	north12_active	80	5455	2277	410	366	595	392	882	601	562	531	101	376	326	310	35	120	239	170	123	400	67	109	62	256	20	50	39	51	47	15	19	30	22	76	20	24	100	12	38	28	32	45	39	8	10	40	5	13	7	10	10	24	2	8	14	7	8	7	7	60	2	11	26	14	3	1	1	3	3	3	9	6	6	14	2	0	7	4	2	2	1	4	2	1	8	16	1	4	9	0	1	11	0	4	0	0	0	6	4	1	0	7	4	0	13	1	1	2	0	4	0	11	2	0	1	1	0	3	0	3	0	7	0	0	1	2	5	0	0	0	0	0	0	0	0	0	0	1	1	0	0	0	0	0	0	0	0	0	0	0	0	0	0	0	2	1	0	4	0	0	3	0	0	0	0	0	0	0	0	0	3	0	0	0	0	0	0	0	0	0	0	0	0	0	0	0	0	0	1	0	0	2	0	0	0	1	0	0	0
0.03	north13_all	80	7473	3319	1386	1083	993	779	1040	824	680	599	327	472	384	386	147	214	321	243	181	435	135	165	106	247	87	82	76	97	84	63	55	65	48	98	42	42	93	33	48	45	60	66	51	20	18	64	20	30	20	27	24	33	18	21	29	10	5	12	16	52	13	28	30	19	13	7	7	4	4	8	9	9	6	17	9	4	13	6	7	7	3	8	12	5	9	13	2	5	10	1	4	5	2	2	3	1	1	6	8	2	1	6	4	3	16	1	5	1	1	3	2	0	3	0	1	2	0	4	1	3	2	3	1	0	1	3	1	0	0	0	0	0	0	0	1	2	0	2	1	1	0	0	0	1	0	0	0	0	0	0	0	0	0	0	2	2	0	0	0	0	3	0	0	0	0	0	0	1	0	0	3	0	0	0	1	0	1	0	0	0	0	0	0	0	0	0	0	0	1	0	0	2	0	0	0	1	0	0	0
0.03	north13_active	80	5469	2280	384	353	566	382	844	636	530	463	93	373	306	307	38	118	257	190	126	402	59	122	69	219	21	39	33	55	47	21	21	29	26	81	15	20	78	13	30	28	43	54	44	6	7	55	6	12	11	11	13	21	5	8	21	8	4	7	10	51	6	26	29	19	1	1	3	1	1	3	4	6	5	14	4	0	11	6	6	3	0	7	10	2	8	11	1	5	10	0	2	5	0	2	0	0	1	5	7	2	0	5	4	1	16	1	4	0	0	3	0	0	2	0	1	1	0	3	0	3	0	2	0	0	1	3	1	0	0	0	0	0	0	0	0	2	0	1	1	0	0	0	0	0	0	0	0	0	0	0	0	0	0	0	2	2	0	0	0	0	3	0	0	0	0	0	0	0	0	0	3	0	0	0	0	0	0	0	0	0	0	0	0	0	0	0	0	0	1	0	0	2	0	0	0	1	0	0	0
0.03	north14_all	80	7630	3358	1403	1048	957	705	1070	786	654	640	310	442	415	389	150	202	342	253	192	436	127	169	108	232	97	80	85	87	79	61	57	63	55	87	39	43	70	32	60	47	61	65	57	18	9	73	20	23	21	24	20	33	20	19	27	6	4	15	13	54	12	35	27	30	10	7	11	5	7	9	14	8	8	18	10	5	5	9	7	7	2	11	17	4	6	6	2	4	8	3	6	3	2	3	3	1	1	4	8	1	1	3	4	3	16	1	5	1	1	0	3	0	3	0	1	2	0	1	1	2	1	3	2	0	1	3	3	0	7	1	0	0	0	0	2	2	0	3	0	0	0	0	0	1	0	1	0	0	0	0	0	0	0	0	2	2	0	0	0	0	3	0	0	0	0	0	0	1	0	0	2	0	0	0	1	0	1	0	0	0	0	0	0	0	0	0	0	0	1	0	0	2	0	1	0	1	0	0	0
0.03	north14_active	80	5617	2299	407	341	536	339	862	607	514	492	82	333	322	297	40	110	274	200	137	398	64	130	76	209	25	35	38	53	49	21	22	25	28	67	15	24	59	13	40	29	45	53	49	5	2	64	6	7	11	9	12	21	4	6	20	4	4	7	7	52	6	33	25	29	2	2	6	2	4	3	8	6	7	17	4	0	5	9	7	3	1	10	15	2	5	5	1	4	8	1	3	3	0	3	0	0	1	4	7	1	0	3	4	1	16	1	4	0	0	0	0	0	2	0	1	1	0	0	0	2	0	2	1	0	1	3	3	0	7	1	0	0	0	0	0	2	0	2	0	0	0	0	0	0	0	0	0	0	0	0	0	0	0	0	2	2	0	0	0	0	3	0	0	0	0	0	0	0	0	0	2	0	0	0	0	0	0	0	0	0	0	0	0	0	0	0	0	0	1	0	0	2	0	1	0	1	0	0	0
0.03	north15_all	80	7483	3455	1431	1030	988	677	1061	766	668	644	314	431	420	404	172	205	341	243	187	393	119	163	126	237	91	77	74	86	87	67	61	66	50	80	39	59	77	41	53	54	55	61	53	20	10	64	17	21	19	24	21	20	17	19	21	9	8	16	12	23	15	44	30	26	9	5	11	7	9	9	15	6	3	21	10	5	5	9	11	4	4	12	29	4	7	0	3	1	3	3	6	3	0	7	4	2	1	8	6	2	1	1	1	1	20	1	6	1	1	3	2	0	0	0	0	1	0	1	1	2	0	3	2	1	1	1	3	0	7	1	0	0	0	0	1	3	0	2	0	0	0	0	0	0	0	1	0	0	0	0	0	0	1	0	0	3	0	0	0	0	0	0	0	0	0	0	0	0	0	0	2	0	0	0	0	0	1	0	0	0	0	0	0	0	0	0	0	0	1	0	0	2	0	1	0	0	0	1	0
0.03	north15_active	80	5507	2376	413	318	543	329	848	599	527	495	95	314	325	312	49	110	278	192	129	359	62	122	91	217	20	39	33	49	51	15	24	28	25	58	11	41	65	18	40	28	38	48	45	4	3	54	7	8	11	8	13	11	3	4	14	7	6	7	4	21	8	41	26	25	3	2	6	2	5	5	9	4	3	20	6	1	5	8	11	3	1	11	26	2	5	0	1	1	2	1	3	3	0	7	0	1	1	8	4	1	0	1	1	1	20	1	5	0	0	3	0	0	0	0	0	1	0	1	0	2	0	2	1	0	1	1	3	0	7	1	0	0	0	0	0	3	0	2	0	0	0	0	0	0	0	0	0	0	0	0	0	0	1	0	0	2	0	0	0	0	0	0	0	0	0	0	0	0	0	0	2	0	0	0	0	0	0	0	0	0	0	0	0	0	0	0	0	0	1	0	0	2	0	1	0	0	0	1	0
0.03	north16_all	80	7353	3368	1451	1043	989	691	1060	770	690	659	298	480	444	404	184	198	287	227	185	439	121	151	126	237	87	89	65	88	71	67	60	70	46	71	47	68	79	40	51	51	43	55	62	24	15	62	17	22	14	26	20	22	15	15	14	13	10	14	12	29	13	54	26	28	9	4	11	7	11	9	18	6	6	23	9	3	2	7	9	4	5	10	33	3	4	1	2	1	2	3	3	1	0	7	3	2	0	6	2	2	2	4	1	0	4	1	2	0	0	3	2	2	0	0	0	2	0	1	0	1	0	2	3	1	1	1	2	0	7	1	0	0	0	0	1	1	0	1	1	0	1	0	0	0	0	1	0	0	0	0	0	0	1	0	0	1	0	0	0	0	0	0	0	0	0	0	0	0	0	0	0	4	0	0	0	0	1	0	0	0	0	0	0	0	0	0	0	0	0	0	0	0	0	1	0	0	0	1	0
0.03	north16_active	80	5330	2247	413	318	532	332	861	610	539	493	99	362	332	305	54	101	227	175	124	397	52	111	81	217	16	50	30	47	37	12	25	38	20	40	16	48	69	17	42	24	29	41	45	3	5	49	7	8	7	6	11	14	3	3	7	9	7	5	2	27	6	53	23	26	3	2	7	3	7	6	13	5	6	22	6	1	2	5	7	4	1	10	30	2	2	0	0	1	1	1	2	1	0	7	0	1	0	6	0	1	0	4	1	0	4	1	2	0	0	3	0	2	0	0	0	0	0	1	0	0	0	2	2	0	1	1	2	0	7	1	0	0	0	0	0	1	0	1	0	0	0	0	0	0	0	0	0	0	0	0	0	0	1	0	0	0	0	0	0	0	0	0	0	0	0	0	0	0	0	0	0	4	0	0	0	0	0	0	0	0	0	0	0	0	0	0	0	0	0	0	0	0	0	1	0	0	0	1	0
0.03	north17_all	80	7019	3159	1455	1050	970	700	972	714	640	580	293	457	394	410	182	188	283	231	175	388	123	148	133	240	78	98	63	91	81	64	51	69	42	57	47	60	81	42	47	46	49	63	50	20	18	61	14	24	8	27	17	14	15	13	17	16	10	6	12	35	9	43	25	18	11	7	10	6	11	10	12	5	7	22	6	4	4	8	9	4	6	8	23	4	2	5	4	3	3	2	4	1	1	11	3	1	3	5	3	3	3	5	1	0	5	0	4	0	0	3	2	4	1	0	0	2	0	1	0	1	0	0	3	1	1	0	2	0	0	1	0	0	0	0	0	1	0	0	1	0	1	1	0	0	0	0	0	0	0	0	0	0	1	0	0	1	0	0	0	0	0	0	0	0	0	0	0	0	0	0	0	4	0	0	0	0	0	0	0	0	0	0	0	0	0	0	0	0	0	0	0	0	0	0	0	0	0	1	0
0.03	north17_active	80	4869	2060	382	310	506	328	759	523	471	422	87	339	295	299	48	87	221	175	112	340	53	107	84	219	14	65	24	46	42	14	19	41	12	34	22	40	73	18	35	23	37	52	33	2	6	48	7	8	5	4	8	8	5	2	10	10	5	2	2	33	4	42	22	16	4	1	7	1	5	8	9	3	5	18	5	1	2	5	7	4	3	7	20	3	1	2	2	0	2	1	1	0	0	11	0	1	1	5	2	0	0	4	1	0	5	0	1	0	0	3	0	4	0	0	0	0	0	1	0	0	0	0	3	0	1	0	2	0	0	1	0	0	0	0	0	1	0	0	0	0	0	0	0	0	0	0	0	0	0	0	0	0	1	0	0	0	0	0	0	0	0	0	0	0	0	0	0	0	0	0	0	4	0	0	0	0	0	0	0	0	0	0	0	0	0	0	0	0	0	0	0	0	0	0	0	0	0	1	0
0.03	north18_all	80	6798	2963	1485	1036	903	671	938	676	645	585	284	422	387	371	189	182	275	233	168	378	117	145	124	219	71	87	64	88	68	64	52	62	46	63	51	52	72	36	37	43	49	54	50	25	29	56	17	25	11	25	17	20	19	10	18	18	9	8	12	35	9	39	26	18	10	7	6	3	10	6	13	5	9	32	5	4	9	7	7	3	6	3	13	4	4	7	4	6	2	2	2	2	1	11	4	1	4	2	3	3	4	5	2	2	1	0	4	1	4	1	2	5	2	0	1	2	1	0	1	1	0	2	3	1	1	0	0	0	0	1	0	0	0	1	0	0	0	0	1	0	1	1	1	0	0	0	0	0	0	0	0	0	1	0	1	1	0	0	0	0	0	0	0	0	0	0	0	0	0	0	1	4	0	0	0	0	0	0	1	0	0	0	0	0	0	0	0	1	0	0	0	0	0	0	0	0	0	0	0
0.03	north18_active	80	4544	1833	366	284	455	310	724	486	466	420	82	311	289	265	52	89	205	170	99	329	41	108	66	190	12	53	24	41	35	13	13	37	12	39	22	33	64	16	24	19	30	33	30	3	8	43	6	7	9	4	6	14	6	2	14	7	4	4	3	32	4	36	24	15	2	1	4	1	4	5	11	3	6	28	4	3	6	3	4	3	3	2	12	2	3	4	2	3	2	1	0	0	0	11	0	1	2	2	3	1	1	4	2	1	1	0	1	1	4	0	1	5	0	0	0	0	1	0	0	0	0	1	3	0	1	0	0	0	0	0	0	0	0	0	0	0	0	0	0	0	0	0	0	0	0	0	0	0	0	0	0	0	1	0	1	0	0	0	0	0	0	0	0	0	0	0	0	0	0	0	1	4	0	0	0	0	0	0	1	0	0	0	0	0	0	0	0	1	0	0	0	0	0	0	0	0	0	0	0
0.03	north19_all	80	6788	2978	1492	1054	912	684	936	691	671	549	282	471	390	380	187	202	317	212	165	386	124	138	122	226	70	85	74	81	65	73	50	51	54	76	52	50	67	33	40	37	65	62	47	28	36	52	22	26	13	29	17	25	14	13	20	21	11	5	11	38	11	47	30	17	9	6	5	5	7	6	4	6	8	19	2	7	10	5	12	2	4	5	9	6	4	8	4	6	6	3	3	6	4	7	3	2	4	1	3	4	2	4	2	4	5	0	3	1	4	5	3	5	2	1	1	0	1	0	1	2	0	4	3	1	1	0	0	2	1	1	0	0	0	1	0	6	0	0	1	0	1	1	3	0	0	0	0	0	0	0	0	0	0	0	1	0	0	0	0	0	0	0	0	0	0	0	0	0	0	0	3	0	0	0	0	0	1	0	1	0	0	0	0	0	0	0	0	1	0	0	0	0	0	0	0	0	0	0	0
0.03	north19_active	80	4561	1854	370	283	461	313	712	507	480	382	75	361	291	281	47	105	246	152	95	341	53	102	64	194	12	51	27	40	37	13	13	32	17	56	26	33	59	10	28	20	45	41	28	5	14	44	7	7	10	7	7	15	5	5	14	11	3	2	2	36	5	43	28	15	2	1	2	2	2	4	4	2	5	15	2	2	7	3	10	2	3	3	8	3	4	6	2	3	6	2	1	3	0	7	0	2	2	1	3	2	1	2	2	2	5	0	0	1	4	2	2	5	0	0	0	0	1	0	0	1	0	2	3	0	1	0	0	2	1	0	0	0	0	0	0	6	0	0	0	0	0	0	2	0	0	0	0	0	0	0	0	0	0	0	1	0	0	0	0	0	0	0	0	0	0	0	0	0	0	0	3	0	0	0	0	0	1	0	1	0	0	0	0	0	0	0	0	1	0	0	0	0	0	0	0	0	0	0	0
0.03	north20_all	80	7086	3073	1552	1050	913	661	1000	718	670	608	308	479	454	373	209	211	336	222	165	371	125	133	122	237	66	74	78	84	56	62	58	63	50	105	53	46	77	31	42	30	57	55	41	29	48	72	23	24	16	25	24	31	13	14	16	22	14	11	13	31	11	56	32	18	9	3	6	4	8	2	7	8	10	27	5	7	10	3	10	8	4	8	8	5	6	4	2	5	8	2	3	5	4	0	2	3	2	3	3	4	3	8	3	6	4	0	0	2	7	6	3	1	1	1	1	0	1	1	2	1	0	5	1	1	0	0	0	2	1	1	2	0	0	1	0	6	0	1	0	0	0	0	4	0	0	0	0	0	0	0	1	0	0	0	1	0	0	0	0	1	0	1	0	0	0	0	0	0	0	0	3	0	0	0	0	0	1	0	1	0	1	0	0	0	0	0	0	1	0	0	0	0	0	0	0	0	0	0	0
0.03	north20_active	80	4995	1999	389	292	511	322	772	533	488	446	91	372	343	293	67	117	256	165	106	331	59	96	64	208	16	43	30	52	31	10	17	39	18	77	23	30	68	7	30	18	39	33	25	6	15	68	5	7	11	9	14	24	6	6	10	13	5	5	2	26	4	52	29	14	4	2	2	1	1	0	5	3	8	24	5	2	7	1	9	7	2	6	8	2	5	4	0	3	8	1	1	3	0	0	0	2	1	3	1	3	1	6	2	4	4	0	0	1	6	3	2	1	0	0	0	0	1	1	0	1	0	2	1	0	0	0	0	2	1	0	2	0	0	0	0	6	0	0	0	0	0	0	3	0	0	0	0	0	0	0	0	0	0	0	1	0	0	0	0	1	0	0	0	0	0	0	0	0	0	0	3	0	0	0	0	0	1	0	1	0	0	0	0	0	0	0	0	1	0	0	0	0	0	0	0	0	0	0	0
0.03	south21_all	80	7622	3492	1395	1054	968	740	1128	840	764	726	332	497	399	396	197	190	318	248	189	424	131	173	114	339	84	115	70	94	66	57	53	57	72	85	51	47	110	37	50	35	81	69	27	27	17	81	18	29	14	14	15	11	13	19	17	14	20	11	18	33	11	18	15	23	9	5	9	5	10	9	10	8	10	24	14	7	25	6	22	7	4	3	1	5	11	2	2	3	12	4	6	1	2	3	4	2	3	6	3	0	0	16	1	6	3	1	2	1	1	6	0	3	4	2	0	0	0	1	2	3	0	2	0	0	1	2	2	2	0	3	0	0	0	0	0	0	0	1	1	0	1	1	1	0	0	0	1	0	0	0	0	0	0	1	0	0	0	0	1	0	0	0	0	0	1	0	0	0	0	0	0	0	0	0	0	0	1	0	0	0	0	1	1	0	0	0	0	0	0	0	0	0	0	0	1	0	0	0	0
0.03	south21_active	80	5593	2375	411	331	548	378	916	651	606	582	110	374	298	312	70	88	256	191	127	383	62	129	76	312	19	65	33	64	33	15	23	31	34	69	31	28	105	12	39	16	73	52	21	8	7	74	5	13	6	3	4	8	4	3	12	6	5	2	7	29	6	16	13	21	0	0	7	2	6	7	9	6	7	22	10	1	24	3	18	5	0	3	1	0	9	0	0	1	12	0	0	1	0	0	2	0	0	6	3	0	0	16	1	5	3	0	2	0	1	5	0	3	0	0	0	0	0	1	1	1	0	2	0	0	0	2	2	1	0	3	0	0	0	0	0	0	0	1	0	0	1	1	0	0	0	0	0	0	0	0	0	0	0	0	0	0	0	0	1	0	0	0	0	0	1	0	0	0	0	0	0	0	0	0	0	0	0	0	0	0	0	1	1	0	0	0	0	0	0	0	0	0	0	0	0	0	0	0	0
0.03	south22_all	80	7608	3479	1442	1052	936	742	1119	806	747	744	337	491	424	369	185	193	335	255	189	490	124	165	124	359	90	97	81	77	74	53	46	66	66	68	49	48	121	44	48	39	90	66	32	20	22	73	17	24	15	18	15	13	11	14	15	16	21	14	19	36	14	9	21	23	11	6	8	8	12	4	11	7	13	22	8	8	21	14	21	4	2	2	2	4	10	5	3	4	12	6	6	1	3	3	3	0	2	7	3	3	0	17	1	5	2	2	1	0	6	6	2	3	3	2	1	0	1	0	1	2	0	2	1	0	1	1	2	1	0	2	0	0	0	1	0	0	0	1	2	0	1	1	1	0	0	0	1	0	0	0	0	0	0	1	0	0	0	0	0	0	0	0	0	0	0	0	0	0	2	0	0	0	0	0	0	1	1	0	0	0	0	1	1	0	0	0	0	0	0	0	0	0	0	0	0	0	0	0	0
0.03	south22_active	80	5592	2330	427	347	535	387	884	620	581	599	109	379	331	282	65	92	265	196	133	447	55	127	76	326	24	58	38	50	42	13	20	38	35	54	28	29	114	15	35	18	80	55	23	6	10	68	3	11	8	1	6	10	6	2	10	8	4	4	10	33	7	8	20	20	0	1	3	3	9	2	7	5	10	20	7	2	19	7	18	2	0	1	2	0	8	3	1	1	12	2	1	1	0	0	0	0	0	7	3	0	0	16	1	5	2	0	1	0	6	5	2	3	0	0	0	0	1	0	1	1	0	1	1	0	0	1	2	0	0	2	0	0	0	0	0	0	0	1	1	0	1	1	0	0	0	0	0	0	0	0	0	0	0	0	0	0	0	0	0	0	0	0	0	0	0	0	0	0	2	0	0	0	0	0	0	0	0	0	0	0	0	1	1	0	0	0	0	0	0	0	0	0	0	0	0	0	0	0	0
0.03	south23_all	80	7724	3362	1448	1019	956	718	1112	836	783	682	335	508	442	385	177	183	340	258	193	484	120	165	119	341	93	104	101	80	79	51	53	56	64	51	47	52	99	46	52	45	100	66	35	18	25	72	13	27	14	19	14	27	8	13	13	18	19	14	22	21	13	10	31	21	11	5	10	7	11	1	10	7	14	27	6	9	16	12	26	6	0	5	6	4	8	6	5	2	13	8	5	5	3	2	2	1	3	3	1	5	0	9	0	0	14	2	3	0	6	4	2	2	1	3	1	0	1	0	0	1	0	1	1	0	1	4	2	1	0	2	0	0	0	1	0	0	0	2	2	0	1	1	0	0	0	0	0	0	0	0	0	0	0	0	0	0	0	0	2	0	0	0	0	0	0	0	0	0	2	0	0	0	0	0	0	1	1	0	0	0	0	1	1	0	0	0	0	0	0	0	0	0	0	0	0	0	0	0	0
0.03	south23_active	80	5672	2266	425	334	533	381	867	650	618	536	109	390	353	306	53	94	277	196	130	438	53	120	76	306	23	60	53	49	49	13	20	34	30	39	29	28	87	13	34	26	89	53	26	7	11	65	6	10	7	3	7	24	4	4	11	12	6	5	10	18	9	8	30	18	1	1	6	2	9	0	6	4	9	25	5	3	15	7	24	3	0	3	6	0	6	5	3	1	13	3	1	4	0	0	0	0	1	3	1	0	0	8	0	0	14	0	3	0	6	4	2	2	0	0	0	0	1	0	0	0	0	0	1	0	0	3	2	0	0	2	0	0	0	0	0	0	0	0	1	0	1	1	0	0	0	0	0	0	0	0	0	0	0	0	0	0	0	0	2	0	0	0	0	0	0	0	0	0	2	0	0	0	0	0	0	0	0	0	0	0	0	1	1	0	0	0	0	0	0	0	0	0	0	0	0	0	0	0	0
0.03	south24_all	80	7732	3383	1459	1042	924	752	1110	785	789	714	332	482	469	397	177	198	342	270	186	470	131	144	132	319	90	105	99	76	73	55	61	59	52	57	44	58	110	49	53	58	96	54	37	22	22	60	13	22	17	16	16	31	10	14	13	16	17	15	19	30	10	17	27	27	13	6	13	7	17	4	9	8	10	24	10	9	7	9	21	2	0	8	18	4	9	9	6	2	4	7	3	6	3	2	2	2	2	1	0	5	2	8	0	0	15	1	4	1	5	0	2	2	0	2	1	0	1	2	0	0	0	1	2	0	0	3	2	0	0	2	0	0	0	2	0	2	0	3	2	0	1	1	0	0	0	0	0	0	0	0	0	0	0	0	0	0	0	0	2	0	0	0	0	0	0	0	0	0	2	0	0	0	0	0	0	1	0	0	1	0	0	0	0	0	0	0	0	0	0	0	0	0	0	0	0	0	0	0	0
0.03	south24_active	80	5662	2292	423	339	513	398	868	593	629	561	111	362	391	305	56	109	284	200	126	421	60	105	77	285	18	65	54	40	45	11	24	33	24	47	22	32	94	15	35	35	82	40	28	8	9	54	5	6	13	5	7	27	4	5	9	11	10	5	9	26	6	14	26	25	1	2	7	2	12	1	6	5	6	23	8	3	6	5	20	1	0	6	17	0	8	6	3	0	4	3	1	5	1	0	1	1	2	1	0	0	1	7	0	0	15	0	4	1	5	0	2	2	0	0	0	0	1	2	0	0	0	0	2	0	0	2	2	0	0	2	0	0	0	0	0	2	0	1	1	0	1	1	0	0	0	0	0	0	0	0	0	0	0	0	0	0	0	0	2	0	0	0	0	0	0	0	0	0	2	0	0	0	0	0	0	0	0	0	0	0	0	0	0	0	0	0	0	0	0	0	0	0	0	0	0	0	0	0	0
0.03	south25_all	80	7717	3269	1421	1033	955	727	1038	732	790	645	304	477	458	376	186	191	364	272	176	480	127	148	126	258	86	112	95	92	81	56	67	52	40	64	44	60	107	44	61	54	66	52	40	29	25	60	16	24	19	17	18	37	13	10	16	14	19	14	15	34	10	23	21	24	12	9	13	8	13	6	4	10	11	21	8	6	3	9	25	4	2	11	18	3	4	8	6	3	2	5	4	6	4	7	3	2	3	1	3	3	2	6	1	0	16	1	3	1	3	1	0	0	0	4	0	0	0	2	0	0	0	0	2	0	1	3	0	1	0	0	0	0	0	2	0	2	0	3	0	0	0	0	0	0	0	0	0	0	0	0	0	0	0	0	0	0	0	0	2	0	0	0	0	0	0	0	0	0	0	0	0	0	0	0	0	1	0	0	1	0	0	0	0	0	0	0	0	0	0	0	0	0	0	0	0	0	0	0	0
0.03	south25_active	80	5623	2237	409	311	528	387	818	532	643	513	95	365	377	290	58	103	305	198	112	431	59	104	78	221	16	65	45	46	53	12	27	32	15	57	18	40	91	12	43	34	52	42	33	9	10	52	6	7	12	8	7	30	4	3	10	12	13	3	9	29	5	17	19	23	3	3	9	0	8	2	3	6	9	19	6	2	3	4	24	3	2	9	16	0	4	4	3	2	2	3	2	5	1	6	1	1	2	1	3	0	1	6	0	0	16	0	3	1	3	1	0	0	0	0	0	0	0	2	0	0	0	0	2	0	0	2	0	0	0	0	0	0	0	0	0	2	0	1	0	0	0	0	0	0	0	0	0	0	0	0	0	0	0	0	0	0	0	0	2	0	0	0	0	0	0	0	0	0	0	0	0	0	0	0	0	0	0	0	0	0	0	0	0	0	0	0	0	0	0	0	0	0	0	0	0	0	0	0	0
0.03	south26_all	80	7682	3228	1422	1076	935	728	1111	741	747	638	296	447	451	366	203	204	348	252	181	515	136	144	130	257	91	117	88	96	85	60	64	56	42	72	44	75	107	40	51	48	69	51	48	29	29	66	17	26	20	19	23	33	17	13	19	12	20	12	15	31	7	23	29	28	12	7	16	8	11	8	3	11	15	20	9	5	13	5	21	3	3	16	28	2	3	7	2	3	3	2	4	8	5	8	2	3	4	2	4	2	2	6	2	1	5	0	2	1	0	1	0	0	1	4	0	0	0	2	1	0	0	2	1	0	1	1	0	1	0	0	5	0	0	1	0	2	1	1	0	0	0	0	0	0	0	1	0	0	0	0	0	0	0	0	0	0	0	0	0	0	0	0	0	0	0	0	0	0	0	0	0	0	0	0	0	0	0	1	1	0	0	0	0	0	0	0	0	0	0	1	0	0	0	0	0	0	0	0	0
0.03	south26_active	80	5588	2179	417	324	511	380	877	527	595	497	90	335	369	283	63	118	284	179	115	478	59	103	82	231	22	71	36	49	58	10	25	31	19	57	17	45	93	11	35	32	52	43	41	8	13	57	4	10	13	8	12	23	5	4	13	10	15	2	10	26	4	18	26	25	3	2	13	1	6	2	1	7	10	19	7	1	13	4	19	2	3	11	24	0	3	2	0	2	3	0	2	7	2	7	1	1	2	2	4	1	1	6	1	1	5	0	2	1	0	1	0	0	0	0	0	0	0	2	0	0	0	2	1	0	0	1	0	0	0	0	5	0	0	0	0	2	1	1	0	0	0	0	0	0	0	1	0	0	0	0	0	0	0	0	0	0	0	0	0	0	0	0	0	0	0	0	0	0	0	0	0	0	0	0	0	0	0	0	0	0	0	0	0	0	0	0	0	0	0	0	0	0	0	0	0	0	0	0	0
0.03	south27_all	80	7726	3191	1423	1090	976	726	1124	739	697	700	278	442	451	335	198	212	333	269	175	527	129	148	134	287	88	105	88	86	79	61	58	57	37	79	44	62	109	34	52	37	65	43	45	26	31	66	21	27	15	21	22	31	16	13	18	16	15	14	13	31	8	24	55	32	7	7	12	8	6	8	5	7	15	15	2	8	19	7	10	4	4	11	21	0	3	5	3	5	3	2	5	6	5	13	3	2	3	2	4	1	2	5	2	2	2	0	2	0	1	3	4	0	2	3	0	0	1	2	2	2	0	2	1	0	1	0	0	1	0	0	5	0	1	0	0	5	1	1	0	0	0	0	0	0	0	1	0	0	0	1	0	0	0	1	1	0	0	0	0	0	0	0	0	0	0	0	0	0	0	0	0	0	0	0	0	0	0	1	0	0	0	0	0	0	0	0	0	0	0	1	0	0	0	0	0	0	2	0	0
0.03	south27_active	80	5582	2158	408	328	542	384	880	540	549	569	83	327	358	254	65	118	269	196	104	492	65	107	82	251	20	61	38	46	53	13	27	29	17	59	20	37	98	11	35	28	50	38	38	5	15	57	6	11	8	7	11	21	5	5	12	13	9	3	12	28	5	20	48	30	2	3	8	2	4	2	3	4	10	14	2	2	18	6	8	3	3	7	16	0	2	1	0	3	2	0	2	6	2	12	1	1	0	2	4	1	2	5	1	1	2	0	2	0	1	2	2	0	0	0	0	0	1	2	0	2	0	2	0	0	0	0	0	0	0	0	5	0	0	0	0	5	1	1	0	0	0	0	0	0	0	1	0	0	0	0	0	0	0	1	1	0	0	0	0	0	0	0	0	0	0	0	0	0	0	0	0	0	0	0	0	0	0	0	0	0	0	0	0	0	0	0	0	0	0	0	0	0	0	0	0	0	0	0	0
0.03	south28_all	80	7667	3253	1393	1060	988	737	1177	802	683	721	269	484	471	317	201	199	310	275	168	449	130	143	133	276	87	105	87	76	74	58	54	55	43	68	41	55	103	37	60	32	64	43	45	28	30	74	21	27	20	20	25	34	18	19	19	16	14	13	11	55	8	40	57	34	4	6	14	8	3	7	13	7	22	19	3	6	20	9	11	3	4	9	27	1	4	3	3	3	5	3	5	6	3	8	1	1	2	2	5	1	2	1	2	2	11	1	1	0	3	3	4	0	2	2	2	1	2	0	2	2	0	2	2	1	0	1	0	0	0	0	7	0	1	0	0	4	1	4	0	1	0	0	1	0	0	1	0	0	0	1	0	0	0	1	1	0	0	0	0	0	0	0	0	0	0	0	0	0	0	0	0	0	0	0	0	0	0	1	0	0	0	0	0	0	0	0	0	0	0	1	0	0	0	0	0	0	2	0	0
0.03	south28_active	80	5565	2201	389	336	556	403	938	609	537	577	78	369	356	233	70	114	242	211	106	420	64	100	86	237	24	67	37	40	51	15	21	29	16	49	19	32	94	13	43	23	50	37	36	7	14	66	7	12	11	6	14	27	4	7	15	11	8	5	9	53	4	38	50	32	1	3	7	4	2	1	12	5	16	18	3	1	18	6	9	2	3	4	22	0	3	0	0	2	3	1	2	6	2	7	0	0	0	2	4	1	1	1	2	1	11	0	1	0	3	2	2	0	0	0	0	1	1	0	0	2	0	2	0	1	0	1	0	0	0	0	7	0	0	0	0	4	1	4	0	1	0	0	1	0	0	1	0	0	0	0	0	0	0	1	1	0	0	0	0	0	0	0	0	0	0	0	0	0	0	0	0	0	0	0	0	0	0	0	0	0	0	0	0	0	0	0	0	0	0	0	0	0	0	0	0	0	0	0	0
0.03	south29_all	80	7641	3222	1400	1058	1031	776	1080	814	675	715	267	467	465	316	211	211	306	284	165	443	127	153	136	259	94	97	87	82	65	50	52	69	43	78	36	56	114	41	63	31	65	50	39	29	26	71	19	23	26	21	20	28	19	16	22	19	14	11	7	60	9	45	52	29	5	6	11	6	5	5	13	3	20	19	6	6	15	10	22	4	5	6	19	2	6	3	6	3	4	4	4	4	3	9	2	1	2	15	2	1	3	1	2	3	14	1	1	0	3	2	4	0	1	2	2	1	2	0	1	2	0	0	6	1	2	1	0	0	1	0	3	0	1	0	0	4	1	4	0	1	0	0	1	1	0	2	0	0	1	1	0	0	0	1	2	0	0	0	0	0	0	0	0	0	0	0	0	0	0	0	0	0	1	0	0	0	0	0	0	0	0	0	0	0	0	1	0	0	0	0	0	0	0	0	0	0	2	0	0
0.03	south29_active	80	5554	2155	374	327	600	417	864	621	519	577	73	354	357	234	73	119	231	222	105	409	61	108	91	219	24	64	43	43	40	14	21	37	19	59	16	35	103	11	41	25	52	45	35	7	8	64	7	10	15	5	13	23	2	5	12	11	8	5	6	57	5	45	47	28	0	3	4	4	4	0	12	1	14	18	6	1	13	7	20	3	3	4	15	0	5	1	2	2	2	2	2	4	2	7	1	0	0	14	1	1	1	1	2	2	13	0	1	0	3	1	2	0	0	0	0	1	1	0	0	2	0	0	3	1	2	1	0	0	1	0	2	0	0	0	0	4	1	4	0	1	0	0	1	0	0	2	0	0	0	0	0	0	0	1	1	0	0	0	0	0	0	0	0	0	0	0	0	0	0	0	0	0	0	0	0	0	0	0	0	0	0	0	0	0	0	0	0	0	0	0	0	0	0	0	0	0	0	0	0
0.03	south30_all	80	7763	3237	1394	1031	1028	799	1084	830	709	662	289	482	438	333	211	190	318	284	174	438	130	172	129	242	84	98	88	79	65	48	54	69	45	93	34	40	90	46	62	35	48	47	38	30	23	81	19	15	32	24	22	26	22	16	20	16	13	9	10	60	11	37	22	15	9	7	12	9	6	6	12	5	17	24	5	4	12	10	24	4	4	4	18	2	5	3	5	4	3	3	3	9	2	10	3	3	1	16	4	1	2	1	2	2	13	1	0	0	3	2	2	0	1	1	3	2	1	1	4	0	0	0	5	1	2	1	0	0	1	0	6	0	0	0	0	1	0	3	0	1	0	0	1	1	0	1	1	0	1	0	0	0	0	0	1	0	0	0	0	1	0	0	0	0	0	0	0	0	0	0	0	0	1	0	0	0	0	0	0	0	0	0	0	0	0	1	0	0	0	0	0	0	0	0	0	0	0	0	0
0.03	south30_active	80	5653	2170	395	312	581	417	886	642	558	523	88	376	326	257	70	89	254	220	112	394	58	121	88	206	19	67	42	42	42	13	21	41	17	77	13	25	78	15	46	26	38	42	34	10	4	76	8	7	18	8	13	20	5	6	11	8	9	4	5	53	5	35	17	15	2	1	4	4	4	1	10	2	14	23	5	0	11	5	22	2	2	3	17	0	4	1	2	3	1	3	1	9	1	9	1	0	0	15	3	1	0	1	2	2	12	0	0	0	2	1	0	0	0	0	1	1	0	0	0	0	0	0	3	1	2	1	0	0	1	0	5	0	0	0	0	1	0	3	0	1	0	0	1	0	0	1	0	0	0	0	0	0	0	0	0	0	0	0	0	1	0	0	0	0	0	0	0	0	0	0	0	0	0	0	0	0	0	0	0	0	0	0	0	0	0	0	0	0	0	0	0	0	0	0	0	0	0	0	0
0.03	south31_all	80	7500	3288	1460	1055	966	721	1186	851	747	713	256	493	432	386	169	212	364	244	194	514	141	182	116	321	83	96	80	89	69	56	62	54	49	72	43	57	95	32	52	34	47	72	35	29	22	53	22	20	22	15	23	18	14	19	29	11	15	9	7	35	9	34	48	10	8	8	7	11	12	9	4	10	16	21	16	5	7	5	14	0	5	9	5	1	3	3	4	2	7	3	2	12	2	2	2	2	3	2	0	2	1	4	0	1	1	1	0	1	3	1	0	6	3	0	0	2	0	0	2	1	1	3	1	0	0	2	1	0	0	0	0	2	3	0	0	6	1	0	0	0	0	2	0	1	1	0	0	0	0	0	0	0	0	1	0	0	0	1	0	0	0	1	0	0	0	0	3	0	0	1	0	0	0	0	0	0	0	0	0	0	0	0	0	0	0	0	2	0	0	0	0	0	0	0	0	0	0	0	0
0.03	south31_active	80	5492	2247	427	333	549	394	955	651	611	573	75	369	319	303	55	117	311	184	131	473	61	145	76	286	22	57	43	55	32	17	29	23	26	59	21	35	78	13	30	23	39	56	24	11	8	43	5	7	15	6	8	10	5	2	18	6	7	3	5	34	5	29	42	9	3	1	7	4	4	4	0	6	14	20	14	0	4	1	12	0	4	4	5	0	2	0	2	2	6	0	0	12	0	2	0	0	3	1	0	1	0	3	0	0	1	0	0	0	3	1	0	6	1	0	0	2	0	0	0	0	0	3	1	0	0	2	1	0	0	0	0	0	0	0	0	6	0	0	0	0	0	2	0	1	1	0	0	0	0	0	0	0	0	0	0	0	0	1	0	0	0	0	0	0	0	0	3	0	0	1	0	0	0	0	0	0	0	0	0	0	0	0	0	0	0	0	2	0	0	0	0	0	0	0	0	0	0	0	0
0.03	south32_all	80	7573	3326	1471	1066	958	728	1110	818	775	711	278	508	413	365	163	239	363	275	201	446	132	173	131	322	79	98	72	92	71	55	53	41	46	67	38	55	89	33	49	30	42	74	44	24	22	63	28	19	26	16	26	20	12	22	27	10	14	11	10	25	4	28	36	13	9	10	8	13	16	7	8	7	17	17	12	6	10	7	8	4	4	9	9	2	3	3	3	4	8	3	2	14	0	3	1	2	3	3	0	1	3	3	1	1	1	1	0	1	3	1	0	7	3	0	0	3	0	0	3	1	0	2	0	0	0	4	0	0	3	1	0	0	3	0	0	7	1	0	0	0	0	2	0	0	1	0	0	0	0	1	0	0	0	1	0	0	0	1	0	0	0	0	0	0	0	0	3	0	0	1	0	0	0	0	0	0	0	0	0	0	0	0	0	0	0	0	2	0	0	0	0	0	0	0	0	0	0	0	0
0.03	south32_active	80	5520	2278	433	349	558	410	890	619	634	557	79	380	312	277	50	143	303	208	126	406	58	141	86	290	18	57	36	54	35	20	25	19	25	54	19	32	76	14	31	22	33	56	29	8	5	54	5	7	17	7	10	11	3	2	16	7	5	4	8	23	1	25	32	8	5	2	8	6	8	3	4	4	15	17	9	0	8	3	6	3	3	8	7	1	3	0	2	2	7	0	0	14	0	3	0	0	3	1	0	0	2	2	1	0	1	0	0	1	3	1	0	7	1	0	0	2	0	0	0	0	0	2	0	0	0	4	0	0	3	0	0	0	0	0	0	7	0	0	0	0	0	2	0	0	1	0	0	0	0	0	0	0	0	0	0	0	0	1	0	0	0	0	0	0	0	0	3	0	0	1	0	0	0	0	0	0	0	0	0	0	0	0	0	0	0	0	2	0	0	0	0	0	0	0	0	0	0	0	0
0.03	south33_all	80	7574	3367	1440	1069	997	756	1067	828	796	664	312	487	402	369	173	243	349	330	173	473	125	168	143	307	87	109	80	98	77	64	46	44	43	64	46	59	102	42	52	33	62	74	43	22	25	54	24	13	23	16	25	22	11	22	28	10	9	8	12	31	7	28	25	13	7	11	11	12	18	8	12	7	17	10	11	6	12	8	4	8	1	19	11	2	5	2	3	5	6	4	3	9	0	4	2	2	3	3	1	1	2	1	3	0	1	0	0	1	3	2	1	11	0	2	0	5	0	0	2	0	0	1	0	0	0	4	0	0	3	1	0	0	3	0	0	7	1	0	1	0	0	2	0	0	1	0	0	0	0	1	0	0	0	0	0	0	0	1	0	0	0	0	0	0	0	0	0	0	0	0	0	0	0	0	0	0	0	0	0	0	0	0	0	0	0	0	2	0	0	0	0	0	0	0	0	0	0	0	0
0.03	south33_active	80	5515	2271	421	354	559	435	845	631	641	513	82	358	317	280	53	137	266	254	107	433	61	131	92	279	18	71	41	59	47	23	22	19	20	51	20	35	86	22	36	25	49	57	30	5	5	46	3	6	13	9	10	13	2	3	20	7	1	3	9	27	0	25	21	8	4	2	11	5	10	3	6	6	14	10	6	0	10	5	3	7	1	18	8	1	4	0	2	3	6	1	0	9	0	3	0	0	1	1	1	0	2	1	1	0	1	0	0	1	3	2	1	11	0	0	0	4	0	0	0	0	0	1	0	0	0	4	0	0	3	0	0	0	0	0	0	7	0	0	0	0	0	2	0	0	1	0	0	0	0	0	0	0	0	0	0	0	0	1	0	0	0	0	0	0	0	0	0	0	0	0	0	0	0	0	0	0	0	0	0	0	0	0	0	0	0	0	2	0	0	0	0	0	0	0	0	0	0	0	0
0.03	south34_all	80	7621	3287	1455	1089	987	798	1034	820	772	622	315	493	430	359	174	226	333	316	152	430	111	152	131	309	76	101	82	80	75	59	49	51	49	65	48	48	123	42	54	37	71	60	44	19	28	64	24	13	27	22	23	19	11	23	17	15	9	4	11	32	9	31	11	21	8	7	14	9	17	7	11	6	13	7	12	4	10	7	13	9	1	18	26	4	7	1	1	5	4	5	3	10	1	3	1	2	4	3	1	0	2	3	6	0	1	2	2	2	9	5	1	12	0	2	0	3	0	0	2	0	0	2	0	0	0	2	4	0	3	1	0	0	1	0	0	1	1	0	1	1	0	2	8	0	0	0	0	0	0	1	0	1	0	0	0	0	0	0	0	0	0	0	0	0	0	0	0	0	0	0	0	0	0	0	0	0	0	0	0	0	0	0	0	0	0	0	0	0	0	0	0	0	0	0	0	0	0	0	0
0.03	south34_active	80	5538	2222	408	361	558	456	816	624	613	475	79	372	341	268	54	119	249	239	96	397	52	110	84	283	17	67	44	50	43	24	18	26	22	48	20	30	106	19	42	26	57	47	33	3	6	60	4	5	18	8	9	12	3	4	13	8	3	2	8	28	1	29	9	16	2	1	14	2	10	1	7	4	10	6	7	0	8	6	13	7	1	16	23	2	5	1	0	1	3	2	0	10	0	2	0	0	1	1	1	0	2	3	4	0	1	1	1	1	8	5	1	12	0	0	0	2	0	0	0	0	0	2	0	0	0	2	4	0	3	0	0	0	0	0	0	1	0	0	0	1	0	2	8	0	0	0	0	0	0	0	0	0	0	0	0	0	0	0	0	0	0	0	0	0	0	0	0	0	0	0	0	0	0	0	0	0	0	0	0	0	0	0	0	0	0	0	0	0	0	0	0	0	0	0	0	0	0	0	0
0.03	south35_all	80	7539	3306	1429	1064	981	788	1097	802	749	637	317	477	429	374	177	238	331	304	170	437	132	145	115	285	89	99	80	85	69	52	55	49	43	71	56	47	143	45	47	40	83	63	30	20	24	91	20	11	31	19	18	21	11	16	19	13	10	5	12	43	9	36	14	24	6	6	11	10	13	7	12	9	8	10	7	5	20	12	16	14	0	21	23	5	10	2	1	6	4	4	1	10	4	2	1	1	3	7	3	1	1	6	6	2	7	2	3	1	6	5	1	6	0	2	0	3	0	1	1	0	0	1	0	0	1	0	4	0	0	2	0	0	1	0	0	1	1	0	1	1	0	2	9	0	0	0	1	0	0	0	0	1	0	0	0	0	1	0	14	0	0	0	0	0	0	0	0	1	0	0	0	0	0	0	0	0	0	0	0	0	0	0	0	0	0	0	0	0	0	0	0	0	0	0	0	0	0	0	1
0.03	south35_active	80	5490	2253	411	341	546	447	885	618	583	488	98	357	351	280	56	116	245	228	109	404	65	103	78	256	22	62	40	55	46	19	18	25	19	52	27	31	124	17	38	23	68	49	23	3	8	84	6	4	22	5	10	14	3	2	15	6	4	3	6	39	2	32	11	20	1	1	10	2	10	2	6	6	6	9	5	0	18	10	15	12	0	18	22	2	8	2	0	2	2	2	0	10	0	0	0	0	0	6	3	1	0	6	4	1	7	1	1	0	5	5	1	5	0	0	0	3	0	1	0	0	0	1	0	0	0	0	4	0	0	1	0	0	0	0	0	1	0	0	0	1	0	2	8	0	0	0	1	0	0	0	0	0	0	0	0	0	1	0	14	0	0	0	0	0	0	0	0	1	0	0	0	0	0	0	0	0	0	0	0	0	0	0	0	0	0	0	0	0	0	0	0	0	0	0	0	0	0	0	0
0.03	south36_all	80	7543	3367	1480	1093	937	772	1061	829	737	643	315	505	457	400	186	227	329	250	167	412	124	145	118	277	81	103	70	86	79	55	56	58	45	74	56	43	142	41	50	42	83	51	30	26	27	90	22	10	33	18	13	22	10	19	22	17	12	8	9	48	8	39	13	22	7	7	11	10	6	5	5	7	2	32	8	3	20	14	13	16	1	16	24	5	9	2	1	4	9	2	0	6	5	11	0	1	1	6	3	1	3	6	4	2	7	2	5	1	6	6	0	3	0	3	0	3	1	1	0	0	1	1	1	0	1	1	4	0	0	2	0	1	1	0	0	0	1	0	1	1	0	2	9	0	0	0	1	2	0	0	0	1	0	0	0	0	1	0	14	0	0	0	0	0	0	0	0	1	0	0	0	0	0	0	0	0	0	0	0	0	0	0	0	1	0	0	0	0	0	0	0	0	0	0	0	0	0	0	1
0.03	south36_active	80	5520	2310	431	329	543	419	867	627	557	500	102	387	367	295	61	108	268	189	108	383	63	105	79	245	25	64	34	56	53	14	19	37	19	53	25	28	126	16	41	19	64	39	19	5	9	84	7	6	24	6	9	16	4	6	15	11	5	2	4	43	4	34	10	19	1	2	10	2	5	3	2	5	2	30	6	1	18	10	12	12	1	12	24	1	7	2	0	1	7	1	0	6	0	10	0	0	0	5	3	1	0	6	4	1	7	1	3	0	5	6	0	2	0	1	0	3	0	1	0	0	0	1	1	0	0	0	4	0	0	1	0	1	0	0	0	0	0	0	0	1	0	2	8	0	0	0	1	2	0	0	0	0	0	0	0	0	1	0	14	0	0	0	0	0	0	0	0	1	0	0	0	0	0	0	0	0	0	0	0	0	0	0	0	0	0	0	0	0	0	0	0	0	0	0	0	0	0	0	0
0.03	south37_all	80	7484	3420	1492	1074	929	801	1113	818	713	651	314	494	456	400	199	228	335	247	172	394	121	174	123	239	79	100	70	93	84	56	69	64	37	72	56	43	141	37	52	39	59	60	38	37	23	81	20	14	32	16	17	19	15	24	18	16	12	11	16	40	6	32	14	19	4	8	7	11	6	9	4	11	11	41	5	3	17	11	15	14	2	12	8	3	7	3	2	3	13	0	1	5	6	11	0	1	1	6	4	1	4	4	6	2	8	2	3	1	7	2	0	3	0	3	0	1	1	1	0	1	1	3	2	0	2	1	4	0	0	2	0	1	0	1	0	0	2	0	1	0	0	0	9	0	1	0	1	2	0	0	1	0	0	0	0	0	1	0	14	0	0	0	0	0	0	0	2	1	0	0	0	0	0	0	0	0	0	0	0	1	0	0	0	1	0	0	0	0	0	0	0	0	0	0	0	0	0	0	1
0.03	south37_active	80	5452	2332	429	319	516	421	896	594	543	514	106	379	368	304	68	117	279	175	114	358	59	127	83	202	21	54	33	60	52	13	25	38	13	54	29	29	127	19	41	20	40	49	22	7	7	74	7	10	23	7	8	14	6	10	12	9	5	4	7	36	5	28	10	16	1	4	6	2	3	4	1	7	9	39	5	1	17	7	14	10	1	9	8	1	7	2	1	2	11	0	0	5	0	10	0	0	0	6	4	1	1	3	5	1	8	2	2	0	6	2	0	2	0	1	0	1	0	1	0	1	0	3	1	0	1	0	4	0	0	1	0	1	0	1	0	0	1	0	0	0	0	0	8	0	1	0	1	2	0	0	1	0	0	0	0	0	1	0	14	0	0	0	0	0	0	0	2	1	0	0	0	0	0	0	0	0	0	0	0	1	0	0	0	0	0	0	0	0	0	0	0	0	0	0	0	0	0	0	0
0.03	south38_all	80	7373	3415	1480	1052	940	741	1147	879	757	593	297	503	454	432	217	221	343	266	181	420	112	167	135	243	75	110	75	92	101	62	67	72	45	78	49	53	119	36	59	28	51	54	39	30	31	97	23	18	25	15	17	22	15	20	14	14	13	11	15	50	8	27	17	12	4	10	7	10	7	11	7	7	12	42	15	4	14	7	8	12	2	6	4	3	5	2	3	1	12	0	3	3	2	11	3	4	1	3	4	2	4	1	2	1	6	1	6	0	2	2	1	3	0	3	0	0	2	3	0	1	1	3	3	0	2	1	1	0	0	1	0	1	0	1	0	0	2	0	1	0	0	1	0	0	4	0	0	2	0	0	1	0	0	0	0	2	1	0	14	0	0	0	0	0	0	0	2	0	0	0	0	0	0	0	0	0	0	0	0	1	0	0	0	1	0	0	0	0	0	0	0	0	0	0	0	0	0	0	0
0.03	south38_active	80	5347	2339	417	329	532	391	923	649	600	482	101	389	355	320	69	124	291	203	121	390	62	122	90	211	19	66	38	56	61	12	23	41	20	47	22	33	107	20	48	11	31	44	27	8	9	93	4	8	18	10	5	17	6	9	9	10	7	4	7	44	5	25	15	8	2	4	6	3	4	6	6	3	10	40	14	1	13	4	8	9	1	5	4	1	5	1	2	1	11	0	0	3	0	11	1	0	0	3	4	1	1	0	1	0	6	1	4	0	2	2	0	2	0	1	0	0	0	2	0	1	0	3	2	0	1	0	1	0	0	1	0	1	0	1	0	0	1	0	0	0	0	1	0	0	4	0	0	2	0	0	1	0	0	0	0	2	1	0	14	0	0	0	0	0	0	0	2	0	0	0	0	0	0	0	0	0	0	0	0	1	0	0	0	0	0	0	0	0	0	0	0	0	0	0	0	0	0	0	0
0.03	south39_all	80	7363	3488	1477	1036	944	723	1136	885	746	619	300	483	433	396	216	198	324	280	167	434	99	167	144	286	73	94	82	93	94	64	65	55	47	80	49	53	120	40	57	33	44	59	42	25	29	78	31	20	20	18	18	28	17	14	24	13	12	10	11	54	9	25	30	19	6	9	9	8	5	12	9	7	13	24	20	6	16	5	7	7	4	1	4	5	4	5	5	1	10	0	6	5	1	5	3	4	1	2	1	1	3	1	2	0	6	1	3	1	2	0	1	2	0	1	1	0	1	4	0	1	1	4	2	0	1	1	1	0	0	0	0	0	0	1	0	0	1	0	1	0	3	1	0	0	4	0	0	0	1	0	1	0	0	0	0	2	0	1	0	2	0	0	0	0	0	0	2	0	0	0	0	0	0	1	0	0	0	0	0	1	0	0	0	1	0	0	0	0	0	0	0	0	0	0	0	0	0	0	0
0.03	south39_active	80	5314	2393	407	352	543	368	900	656	597	507	101	364	328	287	66	108	263	205	116	405	54	121	100	245	15	56	37	52	56	16	25	26	19	52	22	32	110	20	46	16	30	50	28	6	9	75	7	5	13	11	8	22	7	7	13	8	8	4	5	45	3	22	28	12	2	3	7	2	3	5	6	3	10	23	13	1	15	4	7	6	1	1	3	1	3	2	3	1	9	0	1	4	0	5	1	0	0	2	1	0	1	0	1	0	6	1	2	1	2	0	0	2	0	0	0	0	0	1	0	1	0	4	1	0	1	0	1	0	0	0	0	0	0	1	0	0	1	0	0	0	3	1	0	0	4	0	0	0	1	0	1	0	0	0	0	2	0	1	0	2	0	0	0	0	0	0	2	0	0	0	0	0	0	1	0	0	0	0	0	1	0	0	0	0	0	0	0	0	0	0	0	0	0	0	0	0	0	0	0
0.03	south40_all	80	7459	3521	1456	996	968	708	1136	853	746	703	309	477	480	387	213	207	331	264	180	428	89	167	164	287	85	90	77	80	92	66	52	50	50	93	53	54	115	44	54	39	44	47	38	20	28	97	32	24	24	18	19	29	18	11	31	9	10	10	10	47	12	33	33	24	8	6	10	5	2	11	13	6	9	14	21	8	17	1	7	8	4	1	6	7	3	6	7	1	11	1	7	4	1	3	3	3	2	4	0	2	2	0	1	0	7	2	3	1	5	8	1	3	0	0	1	0	1	6	1	0	0	2	2	1	1	0	6	0	0	0	0	0	0	0	0	0	0	0	1	0	3	2	0	1	3	0	0	0	1	0	0	0	0	0	0	2	0	1	0	2	0	0	0	0	0	0	2	0	0	0	0	0	0	1	0	0	0	0	0	1	0	0	0	0	0	0	0	0	0	0	0	0	0	0	0	0	0	0	0
0.03	south40_active	80	5447	2459	422	339	549	356	908	652	591	586	105	365	374	276	65	114	271	188	118	401	45	119	117	237	17	52	35	38	54	19	20	23	21	59	24	37	106	22	41	19	33	40	25	7	8	92	10	5	13	10	11	23	9	1	17	6	8	4	3	39	3	31	31	16	2	0	5	1	2	6	11	3	6	13	13	1	15	1	6	7	0	1	4	1	2	2	4	1	9	0	1	3	0	3	1	0	1	3	0	0	0	0	1	0	7	1	2	1	5	8	0	3	0	0	0	0	0	2	0	0	0	2	1	0	1	0	6	0	0	0	0	0	0	0	0	0	0	0	0	0	3	2	0	1	3	0	0	0	1	0	0	0	0	0	0	2	0	1	0	2	0	0	0	0	0	0	2	0	0	0	0	0	0	1	0	0	0	0	0	1	0	0	0	0	0	0	0	0	0	0	0	0	0	0	0	0	0	0	0
