label	Group	numOtus	Otu0	Otu1	Otu2	Otu3	Otu4	Otu5	Otu6	Otu7	Otu8	Otu9	Otu10	Otu11	Otu12	Otu13	Otu14	Otu15	Otu16	Otu17	Otu18	Otu19	Otu20	Otu21	Otu22	Otu23	Otu24	Otu25	Otu26	Otu27	Otu28	Otu29	Otu30	Otu31	Otu32	Otu33	Otu34	Otu35	Otu36	Otu37	Otu38	Otu39	Otu40	Otu41	Otu42	Otu43	Otu44	Otu45	Otu46	Otu47
0.03	north1_all	80	13949	4187	1800	1526	1446	848	385	256	307	229	264	91	137	89	69	44	50	26	27	21	19	26	8	10	4	5	6	4	7	3	0	2	0	2	0	0	0	0	0	0	1	0	0	0	0	0	0	0
0.03	north1_active	80	8715	2466	925	841	892	527	198	104	205	129	143	48	91	50	53	20	25	15	21	14	14	22	5	8	1	4	3	1	3	3	0	1	0	0	0	0	0	0	0	0	0	0	0	0	0	0	0	0
0.03	north2_all	80	13777	4181	1844	1499	1418	847	396	259	288	251	268	93	133	80	68	39	34	24	29	16	25	25	8	9	2	2	7	3	7	3	2	2	0	1	1	0	0	0	0	0	0	0	0	0	0	0	0	0
0.03	north2_active	80	8608	2461	959	872	857	540	207	109	189	147	143	48	75	40	48	22	17	15	19	10	18	23	5	8	1	1	4	2	3	3	0	1	0	0	1	0	0	0	0	0	0	0	0	0	0	0	0	0
0.03	north3_all	80	13766	4234	1792	1479	1443	834	384	249	322	263	251	97	142	81	59	37	41	26	37	16	28	30	10	5	4	5	7	1	6	2	3	1	0	1	2	2	0	0	0	0	0	0	0	0	0	0	0	0
0.03	north3_active	80	8587	2480	908	846	870	517	193	100	203	154	153	53	86	43	36	22	28	15	22	10	20	25	5	3	1	2	4	1	3	2	0	0	0	0	2	2	0	0	0	0	0	0	0	0	0	0	0	0
0.03	north4_all	80	13829	4234	1750	1487	1437	844	377	253	316	287	255	97	129	77	53	41	45	23	35	9	32	31	12	4	7	5	6	3	8	1	3	2	0	0	2	3	0	0	0	0	0	0	0	0	0	0	0	0
0.03	north4_active	80	8665	2477	913	837	897	526	197	106	199	180	168	54	85	42	27	27	34	13	18	5	18	27	4	1	2	1	3	2	5	1	0	2	0	0	2	2	0	0	0	0	0	0	0	0	0	0	0	0
0.03	north5_all	80	13940	4224	1708	1533	1390	791	350	256	325	263	266	104	119	78	73	39	56	24	43	8	35	36	14	4	9	8	5	3	9	0	3	2	1	0	2	3	0	1	0	0	0	0	0	0	0	0	0	0
0.03	north5_active	80	8802	2480	904	856	876	452	181	113	205	163	182	57	80	36	39	21	42	15	25	5	15	27	7	0	4	3	3	2	6	0	1	2	0	0	2	2	0	1	0	0	0	0	0	0	0	0	0	0
0.03	north6_all	80	14069	4128	1746	1473	1383	827	360	247	328	243	295	104	127	87	89	43	51	21	35	6	26	27	12	4	8	9	8	2	11	1	3	4	1	0	0	2	0	1	0	0	0	0	0	0	0	0	0	0
0.03	north6_active	80	8933	2423	921	831	871	497	192	125	204	144	184	59	81	42	53	28	30	15	20	1	11	21	7	2	5	6	5	1	9	1	1	2	0	0	0	1	0	1	0	0	0	0	0	0	0	0	0	0
0.03	north7_all	80	13906	4181	1785	1479	1432	804	362	231	301	234	280	104	154	94	97	46	46	23	33	10	23	24	12	8	6	10	5	1	7	4	2	2	1	0	0	0	0	1	0	0	0	0	0	1	0	0	0	0
0.03	north7_active	80	8811	2474	921	832	922	494	184	117	171	146	168	60	99	45	57	24	25	17	20	2	14	14	7	5	4	8	4	1	6	2	1	0	0	0	0	0	0	1	0	0	0	0	0	0	0	0	0	0
0.03	north8_all	80	13440	4048	1798	1443	1354	831	363	230	339	238	282	115	162	95	91	46	42	23	24	13	24	19	7	10	3	8	6	0	5	4	3	3	0	0	1	0	0	0	0	0	3	1	0	1	0	0	0	0
0.03	north8_active	80	8373	2396	904	815	853	514	187	118	183	145	169	66	105	55	53	23	20	15	14	4	19	14	4	5	2	7	5	0	5	2	0	1	0	0	1	0	0	0	0	0	0	0	0	0	0	0	0	0
0.03	north9_all	80	12792	3964	1738	1424	1303	777	356	210	332	259	226	116	152	105	83	39	31	22	28	15	34	26	9	9	9	8	5	0	4	5	4	2	0	0	2	0	0	0	1	0	3	1	0	1	0	0	0	0
0.03	north9_active	80	7820	2311	885	802	807	469	176	106	178	166	134	61	95	61	46	17	18	13	15	4	25	19	4	3	8	6	5	0	4	3	2	2	0	0	1	0	0	0	1	0	0	0	0	0	0	0	0	0
0.03	north10_all	80	12111	3920	1715	1389	1199	741	362	225	324	255	210	112	138	90	79	34	35	20	24	15	38	20	9	11	8	3	1	2	2	3	4	2	0	0	2	1	1	0	1	0	3	2	0	0	0	0	0	0
0.03	north10_active	80	7307	2272	865	776	681	437	170	103	171	157	127	52	84	52	43	13	18	11	13	4	26	15	3	4	7	1	1	2	1	2	2	2	0	0	1	1	0	0	1	0	0	1	0	0	0	0	0	0
0.03	north11_all	80	13966	4508	1738	1531	1374	923	373	266	335	247	317	99	172	83	59	36	35	26	22	17	35	22	12	6	6	6	18	5	2	2	0	4	4	0	1	1	0	0	0	0	0	0	0	0	0	0	0	0
0.03	north11_active	80	8828	2608	872	857	870	567	202	133	198	160	213	48	116	57	37	25	22	13	15	8	28	19	8	6	2	5	14	2	2	1	0	0	1	0	0	0	0	0	0	0	0	0	0	0	0	0	0	0
0.03	north12_all	80	14150	4523	1724	1545	1343	930	378	274	308	258	293	101	148	82	66	35	37	20	27	16	35	18	10	5	8	5	13	5	1	3	1	4	4	1	0	0	0	0	0	0	0	0	0	0	0	0	0	0
0.03	north12_active	80	8980	2607	889	862	882	589	199	126	188	167	192	50	102	59	39	24	21	9	21	8	26	14	5	5	4	3	11	2	1	1	1	0	1	0	0	0	0	0	0	0	0	0	0	0	0	0	0	0
0.03	north13_all	80	14184	4472	1760	1496	1346	876	376	267	318	265	277	87	153	79	72	34	47	24	32	15	16	19	9	8	14	12	9	4	0	3	1	4	3	1	0	0	0	0	0	0	0	0	0	0	0	0	0	0
0.03	north13_active	80	9035	2585	931	839	901	557	201	120	200	180	182	38	97	52	49	20	27	11	22	10	12	15	5	7	9	10	7	1	0	2	1	0	1	0	0	0	0	0	0	0	0	0	0	0	0	0	0	0
0.03	north14_all	80	13947	4412	1833	1394	1274	863	378	248	314	287	244	99	151	61	63	44	53	24	29	11	6	15	8	8	16	11	6	6	0	2	2	2	3	1	0	0	0	0	0	0	0	0	0	0	0	0	0	0
0.03	north14_active	80	8920	2557	999	799	827	545	198	114	211	186	160	49	91	35	39	22	28	15	18	6	2	10	2	7	12	10	3	2	0	1	1	0	1	0	0	0	0	0	0	0	0	0	0	0	0	0	0	0
0.03	north15_all	80	13860	4328	1875	1394	1291	836	359	237	324	290	279	117	164	55	65	41	55	22	23	16	11	25	7	11	15	13	4	5	0	1	1	1	2	2	0	0	0	0	0	0	0	0	0	0	0	0	0	0
0.03	north15_active	80	8826	2535	1017	818	809	519	175	107	212	187	183	62	89	32	45	22	29	14	16	9	8	15	2	9	12	12	2	2	0	1	0	0	0	0	0	0	0	0	0	0	0	0	0	0	0	0	0	0
0.03	north16_all	80	13817	4298	1833	1401	1258	796	357	247	339	302	291	141	160	71	50	40	45	22	25	16	10	35	5	6	8	13	4	7	0	2	1	1	1	1	0	0	0	0	0	0	0	0	0	0	0	0	0	4
0.03	north16_active	80	8674	2505	977	828	783	499	167	111	207	179	179	78	95	41	34	23	27	14	19	7	8	23	2	5	6	11	3	3	0	2	0	0	0	0	0	0	0	0	0	0	0	0	0	0	0	0	0	4
0.03	north17_all	80	13943	4382	1810	1389	1314	795	377	251	346	291	310	139	155	85	58	33	43	18	25	13	18	37	7	6	7	5	4	3	0	1	0	0	1	2	0	0	1	0	0	0	0	0	0	0	0	0	0	4
0.03	north17_active	80	8715	2550	937	822	822	505	184	114	202	164	191	75	85	49	38	24	27	9	18	6	14	25	4	5	4	3	3	2	0	1	0	0	0	0	0	0	0	0	0	0	0	0	0	0	0	0	0	4
0.03	north18_all	80	13818	4313	1748	1414	1340	782	377	271	332	276	256	108	162	100	58	38	46	18	27	13	17	22	6	3	10	3	3	3	1	1	0	1	1	1	0	0	1	0	0	0	0	1	0	0	0	0	0	4
0.03	north18_active	80	8600	2503	895	835	842	502	179	117	210	158	157	57	93	63	38	26	30	7	19	7	14	17	5	1	6	2	3	1	0	1	0	1	0	0	0	0	0	0	0	0	0	0	0	0	0	0	0	4
0.03	north19_all	80	13576	4255	1817	1409	1299	833	377	257	350	230	268	92	161	97	62	37	47	18	39	15	20	23	8	10	6	12	4	3	2	2	1	2	1	2	1	1	1	0	0	0	0	1	0	0	0	0	0	0
0.03	north19_active	80	8516	2468	922	821	788	533	177	108	218	121	176	45	95	62	35	26	34	7	25	5	10	17	6	5	4	11	3	2	1	1	0	1	0	0	1	0	0	0	0	0	0	0	0	0	0	0	0	0
0.03	north20_all	80	13527	4290	1821	1421	1316	842	381	255	354	265	276	94	140	84	72	30	32	26	46	13	13	20	8	9	11	13	9	4	4	1	1	4	1	1	1	1	0	3	0	0	0	1	0	0	0	0	0	0
0.03	north20_active	80	8572	2538	920	801	777	497	183	117	229	164	203	45	83	56	38	16	20	16	33	5	5	14	6	4	6	12	7	3	3	0	0	3	0	0	1	0	0	0	0	0	0	0	0	0	0	0	0	0
0.03	south21_all	80	14406	4324	1847	1470	1342	893	355	244	336	295	276	89	172	72	79	52	56	23	23	18	23	29	6	4	17	17	19	1	5	4	1	1	1	1	0	0	1	0	0	0	3	0	1	0	1	0	0	0
0.03	south21_active	80	9181	2497	944	867	810	569	171	117	208	177	173	39	104	46	49	30	38	13	15	11	20	23	3	2	12	15	18	1	4	2	0	1	0	0	0	0	1	0	0	0	3	0	1	0	1	0	0	0
0.03	south22_all	80	14384	4215	1820	1560	1300	914	354	252	351	297	303	100	153	76	84	38	44	24	20	14	17	29	12	4	12	18	13	2	5	5	1	2	2	2	0	0	1	0	0	0	3	0	1	0	1	0	0	0
0.03	south22_active	80	9130	2419	919	912	763	598	174	110	220	204	209	58	86	52	55	19	30	13	12	7	15	18	8	2	6	17	12	2	5	4	0	2	0	1	0	0	1	0	0	0	3	0	1	0	1	0	0	0
0.03	south23_all	80	14174	4257	1793	1598	1302	869	331	226	369	279	341	104	153	80	83	40	31	24	27	15	20	45	11	3	7	19	10	2	4	5	1	1	2	1	0	0	1	0	0	0	0	1	1	0	1	4	1	0
0.03	south23_active	80	8958	2438	890	932	781	553	174	90	243	190	233	59	93	52	52	20	23	12	15	5	18	32	9	2	1	18	4	1	4	4	1	1	0	1	0	0	1	0	0	0	0	0	1	0	1	4	0	0
0.03	south24_all	80	14190	4241	1810	1582	1335	878	343	224	339	292	332	109	151	89	79	40	27	19	29	14	12	38	10	2	7	11	11	9	4	6	1	1	2	1	0	0	0	0	0	0	0	1	0	0	0	4	1	0
0.03	south24_active	80	8966	2470	895	923	802	562	173	101	220	195	227	66	93	53	49	18	21	11	15	4	7	25	7	1	3	10	4	8	4	4	1	1	1	1	0	0	0	0	0	0	0	0	0	0	0	4	0	0
0.03	south25_all	80	14237	4241	1780	1549	1358	851	338	217	332	283	296	114	136	87	70	43	31	21	24	12	19	37	5	3	6	9	12	10	3	2	1	0	1	0	0	0	0	0	0	0	0	1	0	0	0	4	1	0
0.03	south25_active	80	8965	2493	918	910	831	536	184	96	209	183	204	62	91	44	43	17	24	12	14	3	7	27	3	1	4	7	3	7	3	0	1	0	1	0	0	0	0	0	0	0	0	0	0	0	0	4	0	0
0.03	south26_all	80	14160	4173	1807	1464	1391	861	365	208	352	301	251	104	121	99	66	41	36	21	24	15	39	28	8	5	3	4	13	10	2	4	0	0	1	0	0	0	1	2	0	0	0	0	0	0	0	4	0	0
0.03	south26_active	80	8811	2490	942	867	858	526	187	99	205	189	170	48	82	54	44	14	24	13	17	6	24	21	3	2	3	2	7	7	2	0	0	0	1	0	0	0	0	2	0	0	0	0	0	0	0	4	0	0
0.03	south27_all	80	14117	4308	1757	1469	1424	872	403	245	323	288	225	106	112	89	76	43	40	27	25	13	38	23	10	6	2	5	11	9	3	6	0	0	1	0	0	1	1	2	0	0	0	0	0	0	0	0	0	0
0.03	south27_active	80	8744	2542	930	855	881	520	200	103	199	185	123	53	79	47	43	17	25	14	22	7	25	18	5	3	1	3	5	6	2	3	0	0	1	0	0	0	0	2	0	0	0	0	0	0	0	0	0	0
0.03	south28_all	80	13898	4413	1751	1455	1424	808	395	250	305	293	250	107	116	84	74	43	41	24	26	14	44	25	10	7	4	1	9	3	3	6	0	0	2	0	0	1	1	2	0	0	0	0	0	1	0	0	0	0
0.03	south28_active	80	8661	2602	897	848	874	475	191	107	188	191	140	58	82	47	44	16	26	13	19	8	27	19	4	5	3	1	5	2	2	3	0	0	2	0	0	0	0	2	0	0	0	0	0	1	0	0	0	0
0.03	south29_all	80	13744	4405	1742	1509	1407	817	388	265	293	287	277	118	159	80	73	43	47	23	30	14	37	26	7	7	6	2	15	3	5	5	0	0	2	1	1	4	0	0	0	0	0	0	0	1	0	1	0	0
0.03	south29_active	80	8546	2578	890	874	857	489	182	112	168	180	160	69	118	50	45	21	27	12	22	7	20	21	4	5	4	2	8	3	3	3	0	0	2	0	1	1	0	0	0	0	0	0	0	1	0	1	0	0
0.03	south30_all	80	13334	4152	1757	1552	1308	808	370	250	300	255	322	104	160	80	65	41	47	23	42	13	30	27	8	9	10	11	13	4	9	3	0	1	1	1	1	5	1	0	0	0	1	0	0	1	0	1	0	0
0.03	south30_active	80	8275	2420	886	912	797	459	178	114	168	155	231	63	116	47	40	21	28	13	31	5	14	22	4	7	8	11	6	4	7	1	0	1	1	0	1	1	0	0	0	0	0	0	0	1	0	1	0	0
0.03	south31_all	80	13959	4245	1837	1456	1310	792	354	246	317	277	277	114	146	111	84	38	38	30	34	12	38	36	6	11	12	3	9	11	5	0	1	0	0	0	1	1	1	0	0	3	0	1	0	0	0	0	0	0
0.03	south31_active	80	8742	2453	928	858	786	495	162	102	182	171	170	58	70	62	54	27	25	16	28	6	26	29	2	6	8	1	9	5	4	0	0	0	0	0	1	1	0	0	0	3	0	1	0	0	0	0	0	0
0.03	south32_all	80	14130	4278	1860	1426	1256	743	355	242	305	267	289	105	134	98	76	44	38	31	26	11	33	33	7	10	11	5	9	8	2	0	2	0	0	2	2	0	0	0	0	3	0	0	0	0	0	0	0	0
0.03	south32_active	80	8984	2439	969	839	728	466	162	115	166	154	186	51	58	54	45	28	23	16	20	4	17	26	2	5	8	1	7	3	0	0	0	0	0	2	2	0	0	0	0	3	0	0	0	0	0	0	0	0
0.03	south33_all	80	14222	4335	1766	1443	1238	774	375	255	311	279	274	90	127	72	84	48	43	23	17	11	29	24	6	7	11	6	8	8	3	1	3	0	0	2	2	0	0	0	0	2	0	0	0	0	0	0	0	0
0.03	south33_active	80	9058	2532	879	854	746	503	180	125	170	163	191	45	67	41	41	31	28	14	14	4	17	15	3	2	8	1	5	4	1	0	1	0	0	2	2	0	0	0	0	2	0	0	0	0	0	0	0	0
0.03	south34_all	80	14067	4267	1821	1439	1243	827	396	248	326	273	276	93	143	76	76	47	39	22	16	16	29	13	5	9	10	7	11	7	4	3	2	0	0	2	2	0	0	0	0	0	0	0	0	0	0	0	0	0
0.03	south34_active	80	8914	2547	922	828	771	533	200	128	173	159	195	46	89	42	35	26	24	13	12	7	21	4	4	3	9	1	5	4	2	0	1	0	0	2	1	0	0	0	0	0	0	0	0	0	0	0	0	0
0.03	south35_all	80	14041	4278	1781	1433	1303	856	387	277	313	264	258	92	149	83	71	54	39	22	15	13	21	17	3	9	2	6	9	5	4	3	1	0	0	0	1	0	0	0	0	0	0	0	0	0	0	0	0	0
0.03	south35_active	80	8918	2573	918	825	818	549	184	133	170	160	189	47	99	58	32	33	30	13	9	5	15	7	3	4	1	1	4	3	2	0	1	0	0	0	0	0	0	0	0	0	0	0	0	0	0	0	0	0
0.03	south36_all	80	13848	4263	1759	1449	1357	840	362	254	337	248	226	107	156	83	75	48	47	22	21	12	28	15	5	9	3	5	8	4	3	2	1	0	0	0	1	1	0	0	0	0	0	0	0	0	0	0	0	0
0.03	south36_active	80	8703	2554	934	848	819	508	169	127	190	155	147	58	103	56	42	24	35	11	12	6	20	6	2	5	1	2	1	3	2	0	1	0	0	0	0	0	0	0	0	0	0	0	0	0	0	0	0	0
0.03	south37_all	80	14039	4200	1702	1508	1362	809	340	252	358	244	223	107	154	86	72	58	45	17	29	16	26	24	7	10	6	5	8	2	3	2	1	0	2	2	0	1	0	0	0	0	0	0	0	0	0	0	0	0
0.03	south37_active	80	8828	2526	898	871	823	483	168	124	218	147	134	63	96	59	42	34	31	9	13	7	18	16	3	5	3	5	1	2	2	1	1	0	2	0	0	0	0	0	0	0	0	0	0	0	0	0	0	0
0.03	south38_all	80	13876	4214	1744	1517	1410	835	344	249	364	277	252	104	135	65	81	55	55	23	27	16	32	22	8	8	11	16	6	2	2	2	1	0	2	2	0	1	0	0	0	0	0	0	0	0	0	0	0	0
0.03	south38_active	80	8717	2493	895	864	841	499	172	125	216	182	141	60	81	35	53	37	32	12	13	4	23	14	3	3	7	5	1	2	1	1	1	0	2	0	0	0	0	0	0	0	0	0	0	0	0	0	0	0
0.03	south39_all	80	13246	4086	1727	1481	1333	814	333	239	353	270	280	91	148	65	65	48	48	22	32	14	22	22	8	7	13	18	9	0	0	3	1	0	2	2	0	1	0	0	0	0	1	0	0	0	0	0	0	0
0.03	south39_active	80	8273	2385	892	851	829	482	168	116	209	181	172	49	96	33	40	34	26	12	18	3	16	16	5	3	8	5	3	0	0	1	0	0	2	0	0	0	0	0	0	0	0	0	0	0	0	0	0	0
0.03	south40_all	80	12614	3999	1717	1408	1235	789	334	242	324	275	264	87	127	61	65	51	40	21	27	15	19	14	7	3	12	14	8	2	1	2	1	4	2	2	1	1	0	0	0	0	1	0	0	0	0	0	0	0
0.03	south40_active	80	7803	2256	894	803	762	451	163	119	191	191	163	46	78	31	38	32	23	12	14	5	13	9	6	1	7	1	3	1	1	1	0	4	1	0	1	0	0	0	0	0	0	0	0	0	0	0	0	0
