label	Group	numOtus	Otu0	Otu1	Otu2	Otu3	Otu4	Otu5	Otu6	Otu7	Otu8	Otu9	Otu10	Otu11	Otu12	Otu13	Otu14	Otu15	Otu16	Otu17	Otu18	Otu19	Otu20	Otu21	Otu22	Otu23	Otu24	Otu25	Otu26	Otu27	Otu28	Otu29	Otu30	Otu31	Otu32	Otu33	Otu34	Otu35	Otu36	Otu37	Otu38	Otu39	Otu40	Otu41	Otu42	Otu43	Otu44	Otu45	Otu46	Otu47	Otu48	Otu49	Otu50	Otu51	Otu52	Otu53	Otu54	Otu55	Otu56	Otu57	Otu58	Otu59	Otu60	Otu61	Otu62	Otu63	Otu64	Otu65	Otu66	Otu67	Otu68	Otu69	Otu70	Otu71	Otu72	Otu73	Otu74	Otu75	Otu76	Otu77	Otu78	Otu79	Otu80	Otu81	Otu82	Otu83	Otu84	Otu85	Otu86	Otu87	Otu88	Otu89	Otu90	Otu91	Otu92	Otu93	Otu94	Otu95	Otu96	Otu97	Otu98	Otu99	Otu100	Otu101	Otu102	Otu103	Otu104	Otu105	Otu106	Otu107	Otu108	Otu109	Otu110	Otu111	Otu112	Otu113
0.03	north1_all	80	35065	12596	8131	5303	5144	2654	2331	2087	1436	1231	1022	1475	986	1582	1162	608	644	551	460	618	383	332	180	223	155	162	164	113	230	181	83	151	127	67	65	62	47	48	71	40	28	23	45	29	95	19	28	20	19	28	19	12	34	14	13	6	8	10	8	8	5	2	4	4	6	7	2	3	1	2	1	4	2	0	1	1	0	1	0	1	1	0	1	0	0	0	3	0	0	0	0	2	0	0	0	1	0	1	0	0	0	0	0	1	0	0	1	0	0	0	0	0	0	0
0.03	north1_active	80	19768	6415	4102	2514	2885	1215	1113	1103	685	602	446	855	535	1002	754	338	376	300	260	362	243	196	95	126	75	79	77	51	136	120	32	85	87	22	40	26	29	12	52	27	17	12	23	16	68	8	9	7	5	11	9	4	28	7	7	4	5	4	4	7	3	1	2	1	6	2	0	2	0	0	1	3	1	0	1	0	0	0	0	0	1	0	0	0	0	0	2	0	0	0	0	1	0	0	0	0	0	1	0	0	0	0	0	1	0	0	1	0	0	0	0	0	0	0
0.03	north2_all	80	35572	12924	8361	5379	5304	2651	2376	2176	1435	1273	1059	1469	1063	1580	1187	596	685	613	479	681	417	342	185	247	167	177	172	112	234	174	88	150	133	62	64	56	46	50	61	49	23	20	45	33	85	25	29	19	18	27	12	15	36	14	11	9	8	7	9	6	5	3	3	3	7	12	2	1	1	1	1	5	2	0	0	0	0	1	0	1	1	0	1	0	0	0	2	0	0	0	0	2	0	0	0	1	1	1	0	0	0	0	0	1	0	0	1	0	0	0	0	0	0	0
0.03	north2_active	80	20196	6685	4268	2627	3002	1228	1171	1172	700	597	486	857	571	987	784	341	404	328	278	426	262	205	98	140	79	91	87	51	148	118	36	98	100	21	44	26	29	14	43	29	13	10	24	21	59	10	12	10	8	9	6	6	31	6	7	4	3	4	5	4	2	1	1	1	6	7	0	0	0	0	1	3	2	0	0	0	0	0	0	0	1	0	0	0	0	0	2	0	0	0	0	1	0	0	0	0	0	1	0	0	0	0	0	1	0	0	1	0	0	0	0	0	0	0
0.03	north3_all	80	36786	13352	8563	5506	5398	2617	2397	2312	1509	1298	1071	1626	1094	1679	1267	635	743	709	489	705	448	354	208	267	178	203	190	125	207	166	82	172	143	52	74	64	52	54	52	55	35	21	40	25	116	29	32	18	15	20	10	13	35	11	12	10	9	7	6	7	4	3	4	4	10	9	3	1	3	0	2	9	2	0	0	0	0	1	1	0	1	0	0	0	0	0	1	0	0	0	0	0	0	0	0	0	1	0	1	0	0	0	0	0	1	0	0	0	0	0	0	0	1	0
0.03	north3_active	80	21141	6986	4507	2720	3072	1180	1181	1234	735	605	508	950	591	1069	859	387	424	395	285	451	279	212	100	150	79	116	102	56	131	113	29	102	103	22	51	28	32	18	38	26	17	7	23	16	65	15	17	12	6	8	6	5	30	5	6	5	4	3	4	4	2	0	1	1	9	8	1	0	2	0	1	7	2	0	0	0	0	1	1	0	1	0	0	0	0	0	0	0	0	0	0	0	0	0	0	0	0	0	0	0	0	0	0	0	1	0	0	0	0	0	0	0	0	0
0.03	north4_all	80	36972	13438	8549	5489	5383	2621	2405	2306	1521	1254	1098	1574	1138	1569	1396	646	751	726	472	675	463	354	222	274	171	198	185	125	206	172	82	187	139	43	66	68	53	53	78	48	42	19	37	25	86	25	29	21	16	20	7	13	34	5	10	11	5	4	6	6	3	4	4	2	8	9	3	2	3	0	1	7	2	0	0	0	0	1	1	0	1	1	0	0	0	0	1	0	0	1	0	0	0	0	0	0	1	0	1	0	0	0	0	0	1	0	0	0	0	0	0	0	1	0
0.03	north4_active	80	21381	7073	4565	2702	3032	1183	1168	1182	726	584	524	926	637	1004	971	377	436	420	276	427	279	205	108	156	70	105	105	60	137	124	36	114	99	19	40	32	35	19	57	15	20	8	21	17	32	13	21	16	8	10	3	5	29	1	4	6	1	2	3	2	2	0	2	1	7	7	2	0	2	0	0	6	2	0	0	0	0	1	1	0	0	1	0	0	0	0	0	0	0	1	0	0	0	0	0	0	0	0	0	0	0	0	0	0	1	0	0	0	0	0	0	0	0	0
0.03	north5_all	80	37071	13541	8566	5355	5346	2694	2438	2277	1546	1244	1051	1558	1097	1566	1420	671	756	712	430	653	431	369	238	273	176	201	189	134	228	154	91	193	147	46	69	71	53	46	74	42	42	22	28	25	67	19	29	21	12	25	11	10	40	7	9	11	9	5	6	9	3	3	4	3	14	9	3	2	3	1	1	6	1	1	0	1	0	1	2	0	1	2	0	0	1	0	1	0	0	1	0	0	1	0	0	0	0	0	1	0	0	0	0	0	1	0	0	0	0	0	0	0	1	0
0.03	north5_active	80	21414	7093	4635	2609	2993	1232	1164	1214	717	592	480	918	617	1004	971	383	426	434	242	421	257	212	112	147	79	115	106	72	139	94	43	120	98	20	46	37	30	18	46	14	17	8	13	14	24	11	21	15	7	12	5	3	37	4	3	7	3	2	2	5	2	0	3	2	13	7	2	0	2	0	0	6	1	1	0	0	0	1	2	0	0	2	0	0	0	0	0	0	0	1	0	0	0	0	0	0	0	0	0	0	0	0	0	0	1	0	0	0	0	0	0	0	0	0
0.03	north6_all	80	37052	13476	8519	5319	5386	2712	2450	2267	1547	1289	1012	1511	1074	1627	1345	701	742	684	468	656	432	360	240	259	160	193	181	140	231	151	101	188	136	66	72	80	44	49	87	45	36	23	36	30	65	24	24	19	15	23	13	9	41	7	5	13	8	3	10	10	3	4	4	2	10	2	2	2	4	2	1	1	1	1	0	1	0	1	1	0	2	2	0	0	1	0	0	0	0	1	0	1	1	1	0	1	0	0	0	0	0	0	0	0	1	0	0	0	0	0	0	0	0	0
0.03	north6_active	80	21427	7015	4545	2617	3034	1246	1175	1207	703	600	479	879	623	1101	885	379	438	418	257	399	276	206	117	136	82	108	110	75	131	91	47	137	96	26	49	44	24	23	57	23	11	10	22	13	25	17	15	11	11	7	4	4	34	4	1	6	4	1	3	5	2	3	3	2	10	0	1	0	3	1	0	1	1	1	0	0	0	1	1	0	1	2	0	0	0	0	0	0	0	1	0	0	0	0	0	1	0	0	0	0	0	0	0	0	1	0	0	0	0	0	0	0	0	0
0.03	north7_all	80	37119	13437	8605	5291	5447	2686	2404	2295	1547	1329	973	1453	1083	1559	1381	714	754	659	470	700	373	385	246	247	154	187	188	138	231	147	106	189	145	72	63	75	40	36	75	49	32	25	35	28	56	19	20	19	14	17	18	9	30	11	7	13	9	5	10	11	1	4	12	1	10	0	1	1	2	2	1	0	0	1	0	2	1	2	7	0	2	1	0	1	1	0	1	0	0	1	0	1	1	1	0	1	0	0	0	0	0	0	0	0	0	0	0	0	0	0	0	0	0	0
0.03	north7_active	80	21467	6900	4591	2603	3105	1248	1152	1232	712	589	472	829	619	1100	885	384	468	410	260	435	233	218	114	124	74	104	114	71	133	89	50	134	96	22	48	42	21	19	42	29	10	7	22	10	37	10	11	7	10	7	6	7	24	7	1	5	5	1	4	5	0	3	6	1	9	0	0	0	1	1	0	0	0	1	0	0	0	0	6	0	1	1	0	0	0	0	0	0	0	1	0	0	0	0	0	1	0	0	0	0	0	0	0	0	0	0	0	0	0	0	0	0	0	0
0.03	north8_all	80	37256	13311	8541	5319	5414	2619	2424	2253	1495	1315	987	1448	1069	1585	1404	749	732	674	472	684	375	358	237	249	143	184	200	132	237	140	102	183	143	75	83	82	33	34	65	63	29	30	44	25	60	22	16	18	14	10	14	9	23	10	6	12	6	7	10	12	1	3	14	3	1	4	2	1	2	4	2	1	3	1	1	2	2	2	6	0	1	0	0	1	0	0	1	0	1	0	0	1	0	1	0	1	0	0	1	0	0	0	0	0	0	0	0	0	0	0	0	0	0	0
0.03	north8_active	80	21545	6825	4484	2688	3145	1223	1131	1229	700	582	482	828	573	1071	895	387	453	405	266	420	217	206	103	118	71	93	124	65	144	73	48	123	95	28	63	46	17	15	29	40	8	11	26	10	37	12	7	9	8	4	4	6	17	6	3	5	3	1	4	5	1	3	5	2	0	4	1	0	1	3	1	0	2	1	1	1	0	0	5	0	1	0	0	0	0	0	0	0	0	0	0	0	0	0	0	1	0	0	1	0	0	0	0	0	0	0	0	0	0	0	0	0	0	0
0.03	north9_all	80	37387	13243	8599	5387	5468	2662	2459	2280	1521	1306	954	1480	1102	1565	1415	740	708	694	503	708	389	383	237	248	143	181	193	136	244	132	96	173	150	70	70	72	49	35	58	52	27	30	48	21	62	19	16	19	12	17	17	9	20	11	11	11	7	6	6	13	2	2	18	3	1	4	1	2	1	5	3	1	5	0	1	3	2	2	7	0	1	1	0	1	0	0	1	0	1	0	0	0	0	0	0	1	0	0	1	0	0	0	0	0	0	0	0	0	0	1	0	0	0	0
0.03	north9_active	80	21607	6832	4488	2713	3140	1190	1194	1243	705	585	486	867	602	1021	909	381	395	426	295	442	219	213	106	122	69	101	113	68	150	60	44	102	96	27	43	37	25	15	23	32	9	12	26	7	41	12	6	11	6	4	8	6	17	7	7	5	7	1	2	6	1	0	5	2	0	4	1	1	1	3	1	0	4	0	1	1	0	0	6	0	1	1	0	0	0	0	0	0	0	0	0	0	0	0	0	1	0	0	1	0	0	0	0	0	0	0	0	0	0	0	0	0	0	0
0.03	north10_all	80	37559	13228	8671	5396	5428	2641	2523	2298	1531	1285	990	1448	1091	1727	1509	728	740	685	477	662	412	367	238	252	133	171	178	162	223	143	98	172	159	71	68	73	56	29	57	44	29	26	44	19	55	15	23	18	14	30	14	9	28	13	16	8	5	9	5	9	2	4	11	4	3	6	1	3	2	6	3	5	7	1	1	2	1	1	1	0	0	1	0	0	0	0	1	0	1	0	0	0	0	0	0	0	0	0	1	0	0	0	0	0	0	0	2	0	0	1	1	0	0	0
0.03	north10_active	80	21769	6858	4523	2668	3138	1196	1219	1280	722	580	486	846	591	1092	924	358	393	412	272	399	240	213	108	124	62	86	94	87	147	64	48	99	109	32	34	34	27	13	24	25	12	14	21	6	37	6	10	10	9	8	9	3	23	6	9	5	5	2	2	5	1	1	4	2	1	5	1	2	1	4	1	4	4	1	1	1	0	0	1	0	0	1	0	0	0	0	0	0	0	0	0	0	0	0	0	0	0	0	1	0	0	0	0	0	0	0	2	0	0	0	0	0	0	0
0.03	north11_all	80	33305	12612	7906	4939	4890	2738	2191	2058	1461	1151	1013	1330	977	1429	1197	655	667	552	397	662	370	367	223	237	153	169	159	149	224	139	76	95	111	53	91	56	53	41	61	51	38	27	37	26	33	23	22	16	15	24	8	8	11	5	13	3	8	8	7	8	2	7	3	5	3	7	4	3	2	1	0	2	2	1	2	0	1	2	1	0	2	0	0	4	0	1	2	0	0	1	0	0	0	2	0	1	0	1	0	0	0	1	0	0	0	0	0	0	0	0	0	0	0	0
0.03	north11_active	80	18275	6156	3963	2338	2725	1278	1037	1049	647	477	448	777	474	892	761	349	385	329	218	411	203	213	94	121	84	83	80	71	140	76	38	54	68	28	52	27	24	17	38	29	17	14	16	14	29	14	8	10	8	9	5	3	5	4	4	2	5	5	4	4	0	3	2	3	1	2	1	2	0	1	0	1	2	0	1	0	1	1	0	0	0	0	0	1	0	1	2	0	0	0	0	0	0	0	0	0	0	0	0	0	0	1	0	0	0	0	0	0	0	0	0	0	0	0
0.03	north12_all	80	34556	12887	8103	5192	5035	2778	2251	2152	1498	1186	1030	1415	1014	1452	1341	642	669	634	397	704	392	361	218	247	141	209	157	159	200	151	73	128	119	58	93	62	52	41	49	58	37	27	37	28	48	24	18	18	11	36	8	10	12	7	13	5	8	9	5	7	1	8	2	6	3	7	5	3	2	2	1	0	0	3	1	0	1	1	0	0	0	0	0	4	0	1	0	0	0	1	0	0	0	2	0	1	0	1	0	0	0	0	1	0	0	0	0	0	0	0	0	0	0	0
0.03	north12_active	80	19310	6297	4182	2494	2860	1261	1074	1144	665	530	464	825	498	913	883	347	388	367	204	419	222	207	100	115	75	109	82	85	136	81	36	86	79	31	52	27	20	19	29	35	18	14	23	15	41	14	10	12	6	18	5	6	5	5	2	3	6	5	3	4	0	3	2	3	0	2	1	1	0	1	0	0	0	1	1	0	1	0	0	0	0	0	0	1	0	1	0	0	0	1	0	0	0	0	0	0	0	0	0	0	0	0	0	0	0	0	0	0	0	0	0	0	0	0
0.03	north13_all	80	35997	13260	8308	5287	5096	2796	2369	2216	1521	1249	1076	1483	1077	1477	1469	673	709	661	403	671	416	323	218	250	165	226	159	160	204	156	79	187	120	67	92	64	49	36	57	61	32	35	48	28	49	25	13	22	8	38	9	10	9	6	11	9	9	9	4	5	1	6	3	7	5	7	4	4	2	2	1	0	1	3	1	0	0	1	1	0	0	0	0	4	0	2	0	0	0	1	0	0	0	0	0	1	0	0	0	0	0	0	1	0	0	0	0	0	0	0	0	0	0	0
0.03	north13_active	80	20420	6579	4290	2589	2928	1233	1179	1173	680	576	500	893	569	934	973	378	414	375	216	389	245	180	107	112	87	122	83	88	133	85	33	129	80	30	50	28	18	18	31	34	14	13	25	14	39	15	7	17	3	21	6	6	5	4	4	4	6	5	3	1	0	3	2	4	2	3	0	1	0	1	0	0	1	2	0	0	0	0	0	0	0	0	0	1	0	1	0	0	0	1	0	0	0	0	0	0	0	0	0	0	0	0	0	0	0	0	0	0	0	0	0	0	0	0
0.03	north14_all	80	37339	13441	8557	5483	5275	2807	2483	2209	1550	1289	1101	1517	1113	1515	1596	693	694	677	473	612	427	327	210	267	162	220	179	155	227	160	72	213	115	70	95	61	46	42	56	52	25	36	46	26	63	25	14	29	11	43	9	12	19	5	12	7	9	5	6	5	1	2	9	8	5	8	3	4	1	1	1	1	1	5	2	1	0	0	2	0	0	0	0	3	0	1	0	0	0	1	0	0	0	0	0	1	0	0	0	0	0	0	1	0	0	0	0	0	0	0	0	1	0	0
0.03	north14_active	80	21423	6842	4532	2734	3011	1195	1252	1191	705	628	537	896	618	955	1018	384	406	391	262	344	246	184	111	127	81	120	101	85	152	84	31	150	74	27	56	30	17	24	30	30	14	14	26	8	33	16	9	24	4	22	6	8	11	2	6	3	5	2	2	2	0	0	7	4	3	3	0	0	0	0	0	1	1	4	1	0	0	0	0	0	0	0	0	0	0	0	0	0	0	1	0	0	0	0	0	0	0	0	0	0	0	0	0	0	0	0	0	0	0	0	0	1	0	0
0.03	north15_all	80	37122	13422	8508	5452	5333	2745	2490	2245	1510	1321	1098	1485	1173	1544	1560	729	651	606	483	625	405	308	202	268	171	185	168	138	212	133	80	215	88	63	99	54	46	50	61	46	23	31	56	27	58	20	11	41	11	34	13	12	35	5	14	7	9	4	7	4	2	1	11	5	5	26	1	3	4	0	3	1	1	4	2	1	0	1	2	1	0	0	0	1	0	3	1	1	0	0	0	0	0	0	0	0	0	0	1	0	0	0	0	0	0	0	0	0	0	0	0	1	0	0
0.03	north15_active	80	21246	6943	4481	2717	2985	1169	1270	1184	685	644	548	865	637	989	996	396	381	343	276	367	235	178	98	130	84	101	99	73	139	63	34	138	58	24	61	25	14	26	37	26	9	11	33	8	28	12	6	31	5	22	8	6	28	2	6	3	3	2	3	2	0	1	9	2	3	21	0	0	3	0	1	1	1	3	1	0	0	1	0	1	0	0	0	0	0	2	1	0	0	0	0	0	0	0	0	0	0	0	0	0	0	0	0	0	0	0	0	0	0	0	0	1	0	0
0.03	north16_all	80	37283	13324	8627	5476	5458	2697	2516	2213	1527	1274	1094	1470	1142	1600	1504	763	646	587	529	618	405	320	216	245	172	173	161	128	206	120	86	191	113	71	86	48	46	51	45	45	27	29	53	28	56	16	14	36	15	37	12	7	36	10	12	6	8	4	8	5	2	2	11	2	5	19	0	1	5	0	3	2	0	2	1	1	0	1	1	1	0	0	0	1	0	4	1	1	0	0	0	0	0	0	4	0	0	0	1	0	0	0	0	0	0	0	0	0	0	0	0	1	0	0
0.03	north16_active	80	21441	6952	4587	2713	3032	1192	1310	1199	728	629	539	846	643	988	935	419	377	343	306	365	230	192	97	122	83	98	105	70	137	67	42	118	71	33	55	18	16	25	26	22	8	12	26	8	21	7	8	26	7	24	6	2	28	5	7	2	3	3	4	2	0	1	9	1	3	18	0	0	4	0	1	1	0	2	1	0	0	1	0	1	0	0	0	0	0	3	1	0	0	0	0	0	0	0	0	0	0	0	0	0	0	0	0	0	0	0	0	0	0	0	0	1	0	0
0.03	north17_all	80	37255	13367	8541	5451	5448	2744	2471	2230	1550	1262	1074	1452	1095	1522	1450	750	720	645	508	661	391	319	222	236	159	173	163	138	191	124	98	177	132	67	73	58	43	49	58	51	25	29	62	25	57	20	13	31	13	33	13	8	33	9	8	6	8	6	5	4	3	3	6	0	3	23	0	2	7	1	3	3	2	2	0	3	0	1	0	1	0	0	1	1	0	3	2	1	1	0	0	0	0	0	4	0	0	0	1	0	0	0	0	0	0	0	0	0	0	0	0	0	0	0
0.03	north17_active	80	21483	6924	4538	2703	3077	1246	1273	1193	743	613	513	820	612	912	936	402	427	393	284	392	218	188	104	123	72	104	104	76	118	79	49	112	84	36	42	25	16	23	36	23	9	15	28	6	21	9	5	17	5	21	8	2	29	6	4	3	4	5	3	2	0	2	4	0	0	23	0	2	4	0	1	0	2	1	0	2	0	1	0	1	0	0	0	0	0	3	2	0	0	0	0	0	0	0	0	0	0	0	0	0	0	0	0	0	0	0	0	0	0	0	0	0	0	0
0.03	north18_all	80	37416	13500	8571	5389	5486	2740	2423	2220	1586	1222	1078	1450	1049	1548	1445	763	807	689	518	652	377	344	256	217	160	179	188	130	198	127	98	183	129	71	74	60	39	39	64	52	37	27	60	19	81	18	10	25	12	30	9	8	13	11	11	6	7	3	3	4	2	5	3	2	3	7	0	2	5	3	1	4	2	1	0	2	0	0	0	0	0	0	1	0	0	1	2	1	1	1	0	0	0	0	4	0	0	0	1	0	0	0	0	0	0	0	0	0	0	0	0	0	0	0
0.03	north18_active	80	21599	6953	4567	2654	3131	1246	1217	1207	761	579	522	843	577	925	909	413	490	409	290	398	197	210	128	114	69	112	117	71	109	79	50	116	74	39	39	24	18	17	38	21	15	13	27	6	26	9	3	12	5	23	6	2	9	9	7	3	4	3	1	2	0	2	1	0	1	6	0	2	2	1	0	1	2	0	0	2	0	0	0	0	0	0	0	0	0	1	2	0	0	1	0	0	0	0	0	0	0	0	0	0	0	0	0	0	0	0	0	0	0	0	0	0	0	0
0.03	north19_all	80	37003	13565	8456	5401	5410	2754	2394	2221	1602	1184	1063	1489	1074	1595	1395	682	819	661	523	635	386	377	261	225	156	188	223	147	235	127	89	202	151	58	109	61	42	36	80	45	37	28	56	18	83	22	10	23	9	27	7	8	10	7	11	5	8	3	4	3	3	3	3	12	4	9	0	2	3	5	0	3	2	1	0	2	1	0	2	0	0	2	1	0	0	0	1	0	1	1	3	1	1	0	4	0	0	0	1	0	0	0	0	0	0	0	0	0	0	0	0	0	0	0
0.03	north19_active	80	21262	6994	4519	2705	3126	1255	1130	1203	781	546	508	874	582	977	873	355	500	407	291	402	206	228	139	118	62	117	136	79	121	79	45	126	97	29	70	30	20	14	52	16	18	12	28	7	23	12	2	12	4	19	5	3	9	7	7	3	6	3	0	2	1	1	0	9	1	8	0	2	1	3	0	1	2	0	0	2	1	0	1	0	0	0	0	0	0	0	1	0	0	1	3	1	0	0	0	0	0	0	0	0	0	0	0	0	0	0	0	0	0	0	0	0	0	0
0.03	north20_all	80	36638	13451	8424	5356	5379	2731	2357	2229	1572	1192	1063	1549	1076	1561	1415	736	781	624	486	620	432	372	243	233	173	181	198	147	224	137	102	183	150	55	121	50	44	38	81	41	40	26	49	20	78	20	13	29	11	28	8	6	14	5	11	5	7	1	4	3	5	4	3	12	7	4	0	1	3	4	1	3	0	2	0	0	1	0	2	3	0	2	0	1	0	0	0	0	0	1	3	1	1	0	0	0	0	1	1	0	0	0	0	0	0	0	0	0	0	0	0	1	0	0
0.03	north20_active	80	20959	6925	4465	2662	3180	1221	1083	1205	755	539	522	937	574	952	929	392	497	362	268	391	255	220	131	120	77	98	111	79	115	76	48	102	104	22	81	26	21	15	57	13	19	8	28	9	27	13	5	14	6	21	6	2	8	5	7	2	6	1	0	2	3	2	0	9	1	3	0	1	3	3	0	2	0	1	0	0	1	0	1	2	0	0	0	1	0	0	0	0	0	1	3	1	0	0	0	0	0	1	0	0	0	0	0	0	0	0	0	0	0	0	0	0	0	0
0.03	south21_all	80	31852	14639	8618	4677	3549	3582	2797	2047	2679	1254	1482	1074	1401	927	1128	560	570	651	386	435	321	220	402	374	217	150	250	104	87	92	72	124	91	59	66	64	82	84	44	51	35	37	40	33	32	25	23	15	18	13	11	19	13	14	3	13	10	8	7	5	6	4	9	4	6	4	4	0	1	2	1	4	5	0	2	6	1	1	4	0	4	0	1	1	0	1	0	0	0	0	3	0	0	0	0	0	0	0	0	0	0	1	0	0	0	0	0	0	0	0	0	0	0	0
0.03	south21_active	80	17492	7935	4592	2110	1680	1992	1429	1028	1585	579	822	549	841	510	745	290	314	401	200	251	158	97	239	246	107	82	135	51	37	38	39	69	50	29	32	37	48	55	31	36	19	21	17	19	23	16	14	6	7	6	4	13	3	7	2	5	7	4	5	3	2	2	9	3	3	2	2	0	0	1	1	2	3	0	2	3	0	1	4	0	2	0	1	0	0	0	0	0	0	0	2	0	0	0	0	0	0	0	0	0	0	0	0	0	0	0	0	0	0	0	0	0	0	0
0.03	south22_all	80	32547	14666	8651	4740	3569	3522	2906	2114	2702	1257	1477	1068	1424	967	1138	554	556	652	394	485	297	228	389	392	208	135	217	97	78	89	68	123	97	54	72	74	94	74	50	51	36	31	44	34	30	24	18	18	20	13	15	17	14	15	5	12	7	8	8	8	7	5	10	7	5	2	2	4	1	3	0	4	4	1	1	7	2	2	0	0	4	0	0	0	1	0	0	0	0	0	2	0	0	0	0	0	0	0	0	0	0	1	0	0	0	0	0	0	0	0	0	0	0	0
0.03	south22_active	80	18117	7923	4617	2114	1666	1955	1492	1075	1676	594	819	542	855	525	707	273	299	414	201	254	145	114	233	276	110	71	115	50	39	45	37	61	56	27	32	44	48	50	31	36	20	18	18	21	18	12	8	7	8	7	4	13	4	10	4	5	4	5	7	3	2	5	10	6	2	1	0	2	0	2	0	2	2	0	1	3	0	2	0	0	2	0	0	0	0	0	0	0	0	0	2	0	0	0	0	0	0	0	0	0	0	0	0	0	0	0	0	0	0	0	0	0	0	0
0.03	south23_all	80	33686	15295	9016	4845	3514	3691	2960	2238	2739	1269	1521	1070	1565	962	1167	577	569	648	414	502	309	235	414	369	204	122	266	90	88	120	75	119	101	50	78	68	99	81	59	69	41	26	36	32	28	26	25	20	17	20	13	13	14	12	4	16	6	7	6	3	6	5	11	6	4	4	2	6	1	5	1	3	3	1	1	3	3	2	1	8	4	0	0	0	1	1	1	0	0	0	2	0	0	0	0	0	0	0	0	0	0	1	0	0	1	0	1	0	0	0	0	0	0	0
0.03	south23_active	80	18853	8546	4913	2152	1610	2024	1560	1148	1706	618	862	552	919	506	728	289	321	426	204	274	161	118	254	249	102	56	159	43	50	67	39	64	58	32	39	38	58	58	35	46	29	18	11	18	16	17	8	10	8	8	6	9	5	7	3	10	4	5	4	0	3	5	11	4	2	2	2	3	0	5	0	3	1	0	1	0	2	2	0	8	2	0	0	0	0	0	0	0	0	0	2	0	0	0	0	0	0	0	0	0	0	0	0	0	0	0	0	0	0	0	0	0	0	0
0.03	south24_all	80	35279	15925	9238	4959	3448	3904	3094	2295	2981	1298	1558	1148	1727	1046	1200	623	577	683	426	530	329	228	441	359	204	120	250	99	95	125	85	112	116	50	77	55	90	55	51	68	39	20	37	38	30	30	20	23	18	20	16	16	9	13	8	17	6	9	9	3	5	4	3	7	2	3	2	6	0	8	1	2	2	1	0	2	3	2	1	8	0	1	0	0	1	1	1	1	1	0	1	0	0	0	0	0	0	0	0	0	0	0	0	0	1	0	1	2	0	0	0	0	0	0
0.03	south24_active	80	20063	8994	5012	2289	1548	2116	1681	1200	1838	620	882	627	1035	548	705	306	319	442	209	290	187	108	285	231	103	57	158	47	48	78	45	57	75	27	37	31	51	38	32	43	31	11	15	21	13	14	8	14	10	6	7	10	4	11	3	11	3	7	8	0	3	4	3	4	1	2	2	3	0	6	0	2	1	0	0	0	2	2	0	8	0	0	0	0	0	0	0	1	1	0	1	0	0	0	0	0	0	0	0	0	0	0	0	0	0	0	0	2	0	0	0	0	0	0
0.03	south25_all	80	36404	16698	9599	5040	3368	4088	3093	2347	3031	1272	1586	1171	1808	1067	1252	622	632	690	417	588	358	242	455	353	234	121	258	116	110	137	88	110	133	47	77	66	87	77	58	72	50	24	35	29	29	31	20	25	12	23	13	19	10	13	10	14	5	9	14	1	6	3	2	5	2	2	2	2	1	9	1	1	3	2	0	1	2	0	1	8	0	1	1	0	2	1	1	1	1	1	0	0	0	0	0	0	0	0	0	2	0	0	0	0	1	0	1	2	0	0	0	0	0	0
0.03	south25_active	80	20843	9600	5311	2337	1500	2245	1750	1250	1847	596	904	642	1093	565	759	317	344	429	206	342	213	116	304	228	116	56	157	56	60	89	45	66	91	24	37	37	54	60	42	45	40	15	12	17	8	13	8	19	8	7	8	15	6	10	3	10	2	6	13	0	4	2	2	1	1	1	2	1	0	7	0	1	1	0	0	0	2	0	0	8	0	0	0	0	2	0	0	1	1	1	0	0	0	0	0	0	0	0	0	2	0	0	0	0	0	0	0	2	0	0	0	0	0	0
0.03	south26_all	80	36625	16823	9639	4945	3339	4095	3043	2246	2971	1292	1606	1209	1735	1171	1281	621	646	713	408	561	363	219	475	336	225	120	247	123	107	112	84	123	127	52	75	75	85	80	65	60	63	25	26	26	37	30	17	24	12	18	14	25	12	14	10	12	6	9	12	1	8	2	1	4	3	0	0	5	1	6	0	2	1	2	0	0	11	0	3	0	0	2	1	0	3	0	0	1	1	1	0	0	0	0	0	0	0	0	0	2	0	0	0	0	1	0	0	2	0	0	0	0	0	0
0.03	south26_active	80	20908	9566	5432	2358	1505	2251	1713	1175	1789	596	906	682	1046	647	779	326	349	428	205	344	212	109	299	219	110	56	149	61	55	69	38	80	89	22	35	45	52	56	49	39	47	16	12	14	16	12	7	15	8	7	9	19	5	10	3	8	2	5	10	1	5	0	1	0	1	0	0	4	0	4	0	2	0	0	0	0	11	0	3	0	0	0	0	0	3	0	0	1	1	1	0	0	0	0	0	0	0	0	0	2	0	0	0	0	0	0	0	2	0	0	0	0	0	0
0.03	south27_all	80	36566	16904	9734	4944	3393	4075	3063	2236	2947	1265	1622	1205	1696	1189	1349	589	666	706	386	589	338	222	465	342	222	129	220	122	107	111	75	135	113	61	73	85	77	97	59	65	65	24	24	16	37	30	18	24	16	11	18	23	13	16	8	8	6	7	14	1	11	3	2	3	4	3	4	8	1	4	2	2	2	2	0	0	11	0	3	0	0	1	1	0	3	1	0	0	2	1	0	0	1	0	0	0	0	0	0	2	0	0	0	0	0	0	0	0	0	0	0	0	0	0
0.03	south27_active	80	20914	9622	5491	2306	1550	2259	1713	1165	1841	595	935	646	999	682	859	309	370	396	193	362	194	116	300	230	121	64	131	61	56	61	35	86	73	25	37	52	48	69	45	45	43	13	5	10	19	15	6	14	9	4	11	18	5	12	2	6	2	4	12	1	8	1	1	0	1	3	4	7	0	3	2	2	1	0	0	0	11	0	3	0	0	0	0	0	3	1	0	0	2	1	0	0	0	0	0	0	0	0	0	2	0	0	0	0	0	0	0	0	0	0	0	0	0	0
0.03	south28_all	80	36392	16799	9765	4861	3464	3986	3038	2244	2929	1287	1627	1247	1707	1155	1429	577	671	712	390	552	328	231	458	371	229	145	293	121	99	97	78	145	104	67	76	88	88	117	64	55	75	30	24	21	28	33	22	24	12	4	21	24	14	9	7	8	5	11	9	6	12	9	2	2	6	4	4	9	1	1	2	2	3	1	1	0	18	0	3	0	0	1	1	0	1	1	1	0	1	0	0	0	1	0	0	0	0	0	0	0	0	1	0	0	1	0	0	0	2	0	0	0	0	0
0.03	south28_active	80	20818	9501	5524	2311	1587	2234	1716	1162	1855	630	944	688	1069	667	905	322	389	407	200	349	179	116	274	224	118	70	199	59	51	56	38	90	67	26	43	51	65	83	50	39	50	17	7	11	18	16	7	15	4	2	12	20	6	6	1	6	3	5	7	2	9	4	1	0	2	3	4	7	0	1	2	2	3	0	0	0	11	0	3	0	0	0	0	0	1	1	0	0	1	0	0	0	0	0	0	0	0	0	0	0	0	1	0	0	1	0	0	0	2	0	0	0	0	0
0.03	south29_all	80	36946	16805	9716	4928	3430	3914	3063	2245	3150	1313	1597	1197	1665	1013	1433	552	619	708	395	578	317	243	447	369	240	145	306	124	96	86	69	138	140	66	71	77	101	105	56	56	67	27	37	18	41	44	19	28	15	3	18	8	10	10	6	11	5	10	10	7	12	9	4	1	5	5	8	6	1	1	2	1	3	2	1	0	18	2	0	0	0	1	0	0	1	1	2	0	1	0	0	0	2	0	0	0	0	0	0	0	0	1	0	0	1	0	0	0	2	0	0	0	0	0
0.03	south29_active	80	21253	9563	5501	2354	1515	2176	1729	1177	1999	655	903	659	1051	580	920	303	354	435	213	354	165	116	292	229	126	74	209	60	44	44	38	86	95	30	47	41	79	77	42	40	48	13	18	8	26	29	8	17	5	2	10	6	4	7	1	6	3	4	9	3	9	4	3	0	2	4	5	4	0	1	2	1	3	0	0	0	11	1	0	0	0	0	0	0	1	1	1	0	1	0	0	0	1	0	0	0	0	0	0	0	0	1	0	0	1	0	0	0	2	0	0	0	0	0
0.03	south30_all	80	37390	16814	9704	4965	3445	3843	3163	2250	3288	1322	1608	1214	1734	1024	1500	573	596	687	383	532	341	241	422	405	268	143	352	112	88	85	75	126	175	63	61	82	101	96	49	55	62	25	36	21	43	46	11	36	14	3	14	13	8	18	8	14	3	11	9	8	10	9	4	3	2	2	7	3	3	2	3	5	4	1	2	2	7	2	0	0	0	0	0	1	0	1	2	0	2	0	0	0	1	1	0	0	0	0	0	0	0	1	0	0	1	0	0	0	2	0	0	0	0	2
0.03	south30_active	80	21538	9537	5536	2384	1516	2115	1830	1165	2078	669	921	663	1151	596	957	317	342	462	196	311	169	114	265	258	144	74	229	56	45	43	41	81	106	28	40	37	72	73	34	36	37	10	23	11	24	30	5	26	6	2	5	11	5	10	3	5	2	5	8	2	5	4	2	0	1	1	4	2	1	1	3	4	3	0	0	2	0	1	0	0	0	0	0	1	0	0	1	0	1	0	0	0	1	1	0	0	0	0	0	0	0	1	0	0	1	0	0	0	2	0	0	0	0	2
0.03	south31_all	80	33484	14932	9027	4799	3562	3683	2749	2052	2776	1149	1538	1104	1624	915	1083	596	552	624	348	541	304	219	394	366	204	145	287	116	112	95	91	148	107	61	64	71	66	92	55	44	39	30	62	24	21	26	12	21	13	14	10	13	8	17	5	13	10	4	6	9	4	7	10	4	6	3	5	3	0	2	3	2	1	0	0	1	1	1	0	0	0	0	0	0	1	0	1	1	0	1	0	0	0	1	0	0	0	0	0	0	0	0	1	0	0	1	0	0	0	0	0	0	0	0
0.03	south31_active	80	18399	7998	4848	2154	1655	1979	1484	1010	1687	507	873	605	971	544	678	312	300	377	164	291	166	105	204	220	100	69	163	51	46	38	46	93	54	26	39	38	30	50	32	27	13	10	40	12	9	14	5	12	7	6	4	8	5	12	3	8	7	0	2	6	1	4	7	1	1	3	2	0	0	1	3	2	1	0	0	1	0	1	0	0	0	0	0	0	1	0	1	1	0	1	0	0	0	1	0	0	0	0	0	0	0	0	1	0	0	0	0	0	0	0	0	0	0	0
0.03	south32_all	80	33873	15424	9145	4837	3517	3784	2852	2088	2766	1176	1506	1095	1639	959	1171	611	572	662	339	548	311	230	440	396	205	157	272	100	101	84	86	168	109	61	59	66	65	93	45	55	44	28	64	16	23	25	14	25	13	11	8	16	6	19	5	11	12	4	17	8	8	5	10	4	5	5	4	2	0	2	3	1	3	0	0	4	0	1	0	0	0	0	0	0	1	0	1	1	0	2	0	0	0	1	0	0	0	0	0	0	0	0	1	0	0	1	0	0	0	0	0	0	0	0
0.03	south32_active	80	18822	8446	4949	2216	1598	2076	1552	1059	1632	543	812	609	1027	586	718	328	324	416	160	317	164	110	272	248	100	69	138	46	47	40	47	119	58	28	32	37	41	53	27	34	18	8	41	8	13	11	4	13	6	7	3	10	4	16	4	6	8	0	10	4	4	3	7	2	1	4	2	0	0	1	3	1	2	0	0	4	0	1	0	0	0	0	0	0	1	0	1	1	0	2	0	0	0	1	0	0	0	0	0	0	0	0	1	0	0	0	0	0	0	0	0	0	0	0
0.03	south33_all	80	35166	16099	9273	4863	3457	3920	2973	2158	2989	1254	1491	1104	1853	982	1316	619	582	702	364	514	336	246	411	399	227	153	266	96	101	87	90	177	106	62	58	67	61	84	51	65	41	38	63	18	21	27	11	28	19	12	8	17	8	21	3	7	13	4	18	6	6	4	9	3	5	4	3	1	4	4	2	1	7	0	0	4	1	1	1	2	0	0	0	0	1	2	1	0	0	2	0	0	0	1	0	0	0	0	0	0	0	0	1	0	0	0	0	0	0	0	0	0	0	0
0.03	south33_active	80	19842	9112	5125	2214	1552	2213	1633	1102	1795	586	819	609	1228	589	801	329	329	451	191	318	181	122	269	243	102	69	149	45	50	38	50	125	54	36	34	38	36	55	34	38	23	14	45	10	10	16	4	13	9	6	3	9	4	15	2	4	10	0	10	5	4	2	6	1	1	3	0	0	0	3	2	1	5	0	0	4	0	1	1	0	0	0	0	0	1	2	1	0	0	2	0	0	0	1	0	0	0	0	0	0	0	0	1	0	0	0	0	0	0	0	0	0	0	0
0.03	south34_all	80	36385	16547	9482	5078	3473	3982	3015	2238	3027	1297	1532	1177	1856	1030	1398	625	602	706	400	585	356	249	455	399	249	148	230	111	90	91	96	164	109	60	54	70	67	79	47	61	30	39	49	19	20	27	12	19	23	12	11	17	9	15	3	7	12	2	22	6	6	4	3	2	1	3	5	2	5	3	4	1	8	1	1	4	1	0	1	2	0	0	0	2	1	2	1	0	1	1	1	0	0	1	0	0	0	0	0	0	0	0	1	0	0	0	0	0	0	0	0	0	0	0
0.03	south34_active	80	20819	9494	5319	2340	1539	2290	1678	1171	1845	609	843	636	1224	586	846	340	360	443	208	375	203	115	300	244	119	70	126	55	38	40	51	107	56	32	26	45	36	49	23	35	21	18	30	11	10	14	6	8	11	8	9	8	5	10	2	2	9	0	13	4	4	2	2	1	0	2	1	1	1	2	3	1	6	0	0	4	0	0	1	0	0	0	0	2	1	2	1	0	0	1	0	0	0	1	0	0	0	0	0	0	0	0	1	0	0	0	0	0	0	0	0	0	0	0
0.03	south35_all	80	36533	16561	9550	5059	3404	3884	3045	2301	3017	1332	1566	1230	1958	1058	1345	594	542	696	408	538	331	270	439	385	226	137	235	110	102	107	76	147	112	60	61	73	83	86	61	56	41	33	41	20	13	23	13	24	24	12	15	11	12	14	2	7	6	1	11	7	7	4	2	3	0	3	5	2	6	2	3	0	7	1	3	1	2	0	2	2	0	1	0	2	0	3	0	2	1	0	1	0	0	0	0	0	0	0	0	0	1	0	1	0	0	0	0	0	0	0	0	0	0	0
0.03	south35_active	80	21036	9499	5426	2310	1488	2236	1728	1220	1887	611	900	659	1262	605	802	325	316	430	219	333	188	115	273	245	112	68	127	52	46	45	37	93	62	34	30	45	50	50	33	27	22	18	27	10	8	11	8	14	11	8	11	4	5	8	1	3	4	0	8	4	6	2	1	1	0	2	1	2	2	2	2	0	6	0	1	1	0	0	2	0	0	1	0	2	0	3	0	0	0	0	0	0	0	0	0	0	0	0	0	0	0	0	1	0	0	0	0	0	0	0	0	0	0	0
0.03	south36_all	80	36479	16403	9586	5072	3379	3973	3070	2374	3034	1274	1631	1270	1966	1041	1322	609	579	707	421	587	328	251	450	355	249	132	242	112	92	106	73	144	112	62	67	63	92	83	73	53	50	33	37	30	18	21	14	15	25	10	12	12	11	12	6	10	7	1	6	7	3	3	0	2	0	3	4	2	3	0	3	7	3	1	3	1	1	0	3	1	1	1	0	2	1	3	2	2	1	0	1	0	0	1	0	0	0	0	1	0	1	0	1	0	0	0	0	0	0	0	0	0	0	0
0.03	south36_active	80	20975	9385	5426	2354	1517	2305	1710	1265	1889	596	939	706	1254	594	773	318	339	420	218	357	196	111	282	208	142	60	158	48	44	40	35	91	67	32	31	37	61	54	35	26	24	19	19	15	9	11	10	10	11	7	8	4	6	7	3	5	4	0	5	3	3	1	0	1	0	2	1	2	2	0	2	5	3	0	1	1	0	0	2	0	0	1	0	2	0	3	1	0	0	0	0	0	0	0	0	0	0	0	1	0	0	0	1	0	0	0	0	0	0	0	0	0	0	0
0.03	south37_all	80	36409	16382	9742	4988	3409	3998	3102	2326	3158	1272	1657	1225	1876	1074	1311	598	581	730	438	560	346	252	438	400	243	124	298	114	93	120	67	139	112	66	62	63	103	79	89	52	51	25	28	35	16	23	20	14	20	14	12	13	11	10	6	11	8	3	4	8	8	2	5	3	0	5	3	3	1	0	1	7	2	1	2	0	3	1	3	0	1	1	0	0	1	1	3	2	1	0	1	0	0	1	0	0	0	0	1	1	1	0	0	0	0	0	0	0	0	0	0	0	0	0
0.03	south37_active	80	20836	9328	5466	2335	1568	2301	1718	1237	1900	581	933	688	1187	596	827	307	337	447	229	331	192	117	264	244	141	58	198	50	50	47	31	85	69	34	25	30	78	46	47	23	21	12	15	14	7	12	13	10	6	7	4	5	4	2	4	6	2	2	3	3	6	1	4	2	0	4	0	3	1	0	0	5	2	0	1	0	0	0	2	0	0	1	0	0	0	1	1	0	0	0	0	0	0	0	0	0	0	0	1	0	0	0	0	0	0	0	0	0	0	0	0	0	0	0
0.03	south38_all	80	36863	16314	9751	5001	3403	4042	3049	2315	3215	1251	1720	1228	1868	1065	1270	594	601	717	446	587	362	233	413	449	242	134	311	107	94	118	83	166	122	70	63	52	113	98	91	51	52	27	27	35	21	26	23	20	17	15	9	12	6	19	7	10	10	6	3	6	9	0	10	4	2	3	2	2	2	1	0	7	1	0	2	0	3	1	3	0	1	1	0	1	1	1	3	0	0	0	0	1	0	1	0	0	0	0	1	1	0	0	1	0	0	0	0	0	0	0	0	0	0	0
0.03	south38_active	80	21234	9264	5413	2395	1566	2305	1688	1257	1919	592	961	704	1220	609	801	306	337	455	244	344	196	116	254	263	144	67	228	48	52	55	39	117	71	37	29	24	74	61	52	25	26	13	14	14	9	19	12	13	3	8	1	6	3	10	4	6	2	2	2	0	4	0	8	2	2	3	0	1	1	0	0	5	1	0	1	0	0	0	2	0	0	1	0	1	0	1	1	0	0	0	0	0	0	0	0	0	0	0	1	0	0	0	0	0	0	0	0	0	0	0	0	0	0	0
0.03	south39_all	80	37079	16403	9710	5019	3444	4002	3036	2239	3228	1283	1784	1184	1779	1036	1247	621	585	711	448	597	379	228	453	485	225	139	327	109	97	112	85	153	122	64	61	56	122	100	65	60	40	21	43	29	29	27	25	26	16	15	6	9	7	18	9	9	8	5	5	4	11	1	14	6	3	3	2	3	1	1	0	4	1	0	2	1	6	1	2	0	5	1	1	1	0	1	2	0	0	0	1	2	0	1	0	0	1	0	1	1	0	0	1	0	0	0	0	0	0	0	0	0	0	0
0.03	south39_active	80	21492	9342	5379	2374	1588	2231	1726	1205	1930	601	1006	660	1158	600	810	338	325	463	235	331	215	113	287	269	126	68	224	45	43	56	38	102	73	29	33	26	70	58	38	31	26	10	25	13	16	17	11	19	4	7	1	5	3	10	4	5	1	2	2	0	6	0	11	3	3	3	1	1	0	0	0	3	1	0	2	0	2	0	1	0	5	1	1	1	0	1	1	0	0	0	0	0	0	0	0	0	0	0	1	0	0	0	0	0	0	0	0	0	0	0	0	0	0	0
0.03	south40_all	80	37167	16512	9634	5029	3358	3947	3017	2263	3226	1256	1729	1191	1895	1041	1192	599	574	699	436	586	366	220	453	470	216	141	313	108	96	114	103	139	114	66	75	59	109	97	69	63	49	19	46	19	29	27	19	29	14	10	6	15	6	22	6	7	9	4	4	4	10	1	12	5	3	3	3	4	1	1	1	2	1	1	2	1	6	0	1	1	5	1	1	2	0	1	1	0	0	0	1	2	0	0	0	0	1	0	0	0	0	1	1	0	0	0	0	0	0	0	0	0	0	0
0.03	south40_active	80	21386	9339	5354	2363	1512	2174	1705	1215	1977	600	1003	675	1227	614	779	349	305	460	242	352	202	109	288	273	111	68	205	44	39	63	50	97	72	24	39	27	57	62	42	30	32	7	29	8	16	17	7	20	6	7	1	13	3	15	1	4	3	1	1	1	7	0	9	2	3	2	1	2	0	0	0	1	1	0	2	0	3	0	1	0	5	1	1	2	0	1	0	0	0	0	0	0	0	0	0	0	0	0	0	0	0	1	0	0	0	0	0	0	0	0	0	0	0	0
