label	Group	numOtus	Otu0	Otu1	Otu2	Otu3	Otu4	Otu5	Otu6	Otu7	Otu8	Otu9	Otu10	Otu11	Otu12	Otu13	Otu14	Otu15	Otu16	Otu17	Otu18	Otu19	Otu20	Otu21	Otu22	Otu23	Otu24	Otu25	Otu26	Otu27	Otu28	Otu29	Otu30	Otu31	Otu32	Otu33	Otu34	Otu35	Otu36	Otu37	Otu38	Otu39	Otu40	Otu41	Otu42	Otu43	Otu44	Otu45	Otu46	Otu47	Otu48	Otu49	Otu50	Otu51	Otu52	Otu53	Otu54	Otu55	Otu56	Otu57	Otu58	Otu59	Otu60	Otu61	Otu62	Otu63	Otu64	Otu65	Otu66	Otu67	Otu68	Otu69	Otu70	Otu71	Otu72	Otu73	Otu74	Otu75	Otu76	Otu77	Otu78	Otu79	Otu80	Otu81	Otu82	Otu83	Otu84	Otu85	Otu86	Otu87	Otu88	Otu89	Otu90	Otu91	Otu92	Otu93	Otu94	Otu95	Otu96	Otu97	Otu98	Otu99	Otu100	Otu101	Otu102	Otu103	Otu104	Otu105	Otu106	Otu107	Otu108	Otu109	Otu110	Otu111	Otu112	Otu113	Otu114	Otu115	Otu116	Otu117	Otu118	Otu119	Otu120	Otu121	Otu122	Otu123	Otu124	Otu125	Otu126	Otu127	Otu128	Otu129	Otu130	Otu131	Otu132	Otu133	Otu134	Otu135	Otu136	Otu137	Otu138	Otu139	Otu140	Otu141	Otu142	Otu143	Otu144	Otu145	Otu146	Otu147	Otu148	Otu149	Otu150	Otu151	Otu152	Otu153	Otu154	Otu155	Otu156	Otu157	Otu158	Otu159	Otu160	Otu161	Otu162	Otu163	Otu164	Otu165
0.03	north1_all	80	3739	1618	1036	799	681	480	1251	1084	1262	256	225	467	309	418	160	124	115	158	102	92	190	90	79	53	57	59	67	84	117	197	32	108	33	37	37	23	55	38	30	22	33	22	17	15	44	15	22	24	17	16	9	38	5	8	4	7	9	8	14	8	5	3	7	2	9	4	4	1	1	5	5	4	2	2	5	1	2	2	2	0	3	1	1	2	2	3	2	1	6	1	2	1	1	0	1	0	0	3	0	1	4	0	5	1	8	0	0	3	1	0	0	0	0	5	0	1	1	1	0	1	1	0	1	0	0	0	1	0	0	0	1	0	1	0	0	0	0	0	0	0	0	0	1	0	0	0	0	0	0	0	0	0	0	0	0	0	0	0	0	1	0	0	0	0	0	0
0.03	north1_active	80	1569	507	366	185	359	146	1115	969	1178	94	117	397	235	361	98	52	49	109	50	28	154	51	60	12	28	30	39	68	99	188	11	96	16	10	16	15	46	29	17	12	24	7	6	4	32	11	18	23	11	3	2	34	1	3	1	1	4	1	11	5	4	1	4	0	6	2	0	0	0	1	2	1	1	2	5	0	1	0	1	0	2	1	1	1	1	1	2	0	6	1	0	0	1	0	0	0	0	2	0	1	2	0	4	1	8	0	0	3	1	0	0	0	0	5	0	0	0	0	0	1	0	0	1	0	0	0	1	0	0	0	1	0	0	0	0	0	0	0	0	0	0	0	0	0	0	0	0	0	0	0	0	0	0	0	0	0	0	0	0	0	0	0	0	0	0	0
0.03	north2_all	80	3784	1608	1050	803	696	479	1201	1010	1297	254	217	461	298	428	160	135	115	153	97	91	175	81	77	66	56	53	62	84	140	204	36	104	33	34	30	30	64	41	34	18	33	30	14	13	44	12	28	22	18	16	6	49	6	12	8	9	9	9	15	7	6	4	9	2	5	7	8	1	2	5	5	3	1	2	5	1	2	1	2	0	2	0	1	2	3	2	1	1	1	0	1	1	8	0	1	0	0	2	1	1	1	0	4	1	1	0	1	0	1	0	0	0	0	0	0	1	0	1	3	0	1	0	1	0	0	0	1	0	0	0	1	1	0	0	0	0	0	0	0	0	0	0	0	0	0	0	0	0	0	0	0	0	0	0	0	0	0	3	0	1	0	0	0	0	0	0
0.03	north2_active	80	1571	482	362	182	367	140	1055	906	1213	97	121	385	228	362	94	58	47	101	41	16	141	49	55	13	29	23	37	68	124	196	14	92	16	10	17	17	53	32	20	11	23	8	6	2	34	9	23	21	11	3	2	47	2	5	3	1	5	1	13	4	4	2	7	0	3	4	1	0	1	2	2	1	1	2	5	0	1	0	1	0	2	0	1	1	2	1	1	0	0	0	0	0	8	0	0	0	0	1	0	1	0	0	4	1	1	0	1	0	1	0	0	0	0	0	0	1	0	0	3	0	0	0	1	0	0	0	1	0	0	0	1	0	0	0	0	0	0	0	0	0	0	0	0	0	0	0	0	0	0	0	0	0	0	0	0	0	0	3	0	0	0	0	0	0	0	0
0.03	north3_all	80	3794	1660	1056	804	722	480	1213	1083	1189	238	241	470	300	404	154	136	104	167	84	79	148	95	83	65	54	48	55	80	129	206	31	117	32	24	31	32	73	47	25	20	34	23	17	13	36	8	29	30	15	16	7	42	7	16	6	8	9	9	11	7	4	9	7	2	6	6	6	3	4	5	4	3	3	6	4	2	1	1	3	0	3	0	2	1	2	2	1	1	1	0	0	1	8	0	1	0	0	1	2	1	0	0	0	0	0	0	1	0	1	0	0	0	0	0	0	1	0	0	3	0	1	0	0	0	0	0	0	0	0	0	0	1	0	0	0	1	0	0	0	0	0	0	0	0	0	0	0	0	0	0	0	0	0	0	0	0	0	3	0	1	0	0	0	0	0	0
0.03	north3_active	80	1561	467	350	190	367	145	1058	983	1098	91	141	389	232	341	91	67	39	120	34	12	120	61	50	11	28	23	29	64	111	198	13	108	17	9	18	18	66	38	14	10	25	8	8	5	26	6	24	30	9	4	2	41	3	7	2	1	5	1	9	6	2	4	5	0	3	3	2	1	2	1	1	2	2	5	4	0	1	0	1	0	2	0	2	1	1	1	1	0	0	0	0	0	8	0	0	0	0	0	0	1	0	0	0	0	0	0	1	0	1	0	0	0	0	0	0	1	0	0	3	0	0	0	0	0	0	0	0	0	0	0	0	0	0	0	0	0	0	0	0	0	0	0	0	0	0	0	0	0	0	0	0	0	0	0	0	0	0	3	0	0	0	0	0	0	0	0
0.03	north4_all	80	3755	1635	1106	781	724	482	1253	1043	1328	223	232	466	297	372	158	130	92	156	77	79	150	81	86	64	52	54	57	85	134	183	38	135	28	28	29	33	79	53	29	19	33	25	15	10	29	13	37	35	15	14	10	39	6	15	6	10	9	9	11	7	3	9	9	2	6	3	5	4	5	5	3	2	5	7	1	1	1	2	7	0	1	1	2	2	5	0	0	0	1	1	0	1	7	0	1	0	1	0	2	1	0	0	0	0	0	1	1	0	0	0	0	1	0	2	0	1	0	0	3	0	0	1	0	1	0	0	0	0	0	0	0	1	0	0	2	1	0	0	0	0	2	0	0	0	0	0	0	0	1	0	0	0	0	0	0	0	0	3	0	0	1	0	0	0	0	0
0.03	north4_active	80	1548	449	373	201	357	144	1099	932	1225	83	125	376	224	293	88	72	30	112	30	15	123	59	52	10	29	28	29	73	119	172	16	126	16	9	21	20	71	42	19	9	23	12	6	4	20	7	33	34	8	3	4	37	3	9	2	3	7	1	9	5	0	4	5	0	4	2	2	1	2	1	0	2	2	5	1	0	0	0	6	0	0	0	2	2	3	0	0	0	0	0	0	0	7	0	0	0	1	0	0	0	0	0	0	0	0	1	1	0	0	0	0	1	0	2	0	1	0	0	3	0	0	0	0	0	0	0	0	0	0	0	0	0	0	0	2	0	0	0	0	0	2	0	0	0	0	0	0	0	0	0	0	0	0	0	0	0	0	3	0	0	1	0	0	0	0	0
0.03	north5_all	80	3753	1675	1121	759	710	489	1285	1111	1246	224	230	479	324	361	182	135	94	159	91	73	164	88	81	63	47	52	65	86	107	204	40	153	25	25	37	28	99	53	31	21	29	22	13	12	44	18	35	36	14	14	10	37	9	10	6	7	8	7	14	5	3	10	7	2	10	1	6	3	5	4	1	1	4	8	4	1	4	4	6	1	2	1	2	3	5	0	0	1	1	1	0	0	1	0	0	0	2	1	2	1	1	0	0	0	0	1	1	7	1	1	0	1	0	2	0	1	0	0	3	0	0	1	0	1	0	0	0	0	0	0	0	0	1	0	2	1	0	0	0	0	2	0	0	0	0	0	0	0	1	0	1	0	0	0	0	0	0	0	0	0	1	0	0	0	0	1
0.03	north5_active	80	1596	461	381	199	349	148	1137	1002	1136	81	124	390	255	290	105	74	39	110	41	21	137	57	47	14	28	31	30	75	90	193	18	141	14	5	24	18	91	43	21	11	21	12	6	9	36	9	29	32	8	3	2	33	4	8	4	2	6	1	11	4	1	4	4	0	4	1	3	1	3	0	0	1	1	6	4	0	1	1	5	1	1	0	1	3	3	0	0	0	1	0	0	0	0	0	0	0	1	0	0	0	0	0	0	0	0	1	1	7	1	1	0	1	0	2	0	1	0	0	3	0	0	0	0	0	0	0	0	0	0	0	0	0	0	0	2	0	0	0	0	0	2	0	0	0	0	0	0	0	0	0	1	0	0	0	0	0	0	0	0	0	1	0	0	0	0	1
0.03	north6_all	80	3706	1696	1103	781	678	482	1333	1126	1347	242	221	441	325	340	183	135	111	161	99	62	162	69	94	54	49	51	69	86	125	164	40	115	22	35	40	27	118	49	32	19	20	19	11	14	41	19	43	42	15	9	12	47	7	10	7	10	10	8	16	5	4	5	8	3	7	5	1	3	5	4	1	2	8	7	4	2	4	4	6	4	2	1	1	3	3	0	1	1	1	1	1	0	1	1	0	0	4	1	1	1	1	0	1	0	0	2	0	7	1	1	0	1	0	2	1	0	0	0	0	0	1	1	0	1	0	0	0	0	0	0	0	0	1	0	2	0	0	0	0	0	2	1	0	0	0	0	0	0	1	0	1	0	0	0	0	0	0	0	1	0	1	0	0	0	0	1
0.03	north6_active	80	1591	465	384	206	344	144	1188	1008	1234	88	116	359	252	270	108	68	49	111	45	22	138	44	64	14	22	32	34	72	109	154	15	100	16	9	20	17	109	38	22	11	15	13	4	8	34	7	37	37	8	3	5	41	3	6	6	2	5	1	12	4	1	1	5	1	2	5	1	2	3	0	1	2	5	6	4	1	1	1	5	4	2	0	0	3	2	0	1	0	1	0	0	0	0	1	0	0	3	0	0	0	0	0	1	0	0	1	0	7	1	1	0	1	0	2	1	0	0	0	0	0	1	0	0	0	0	0	0	0	0	0	0	0	0	0	2	0	0	0	0	0	2	0	0	0	0	0	0	0	0	0	1	0	0	0	0	0	0	0	0	0	1	0	0	0	0	1
0.03	north7_all	80	3679	1685	1059	779	676	489	1344	1074	1432	234	229	420	299	344	195	147	133	172	109	67	184	71	92	65	67	44	57	81	107	189	39	104	27	31	43	26	98	69	40	17	24	13	10	17	38	18	36	44	18	9	11	51	6	10	9	9	8	4	18	3	5	8	8	1	6	6	3	5	4	2	2	1	4	3	7	1	5	4	6	5	3	1	1	2	2	0	2	1	1	1	2	0	5	1	1	0	4	1	0	1	2	0	8	1	1	2	0	10	1	1	0	1	0	2	1	0	0	0	0	0	1	0	0	0	0	0	0	0	0	1	0	0	1	0	2	0	0	0	0	0	0	1	0	0	0	0	0	1	0	0	1	0	0	0	0	0	0	0	1	0	1	0	0	0	0	1
0.03	north7_active	80	1576	501	372	203	359	145	1202	954	1335	91	119	337	224	282	121	68	62	114	52	28	155	41	60	16	34	30	29	65	89	177	13	91	20	6	20	18	89	59	28	9	19	8	4	8	32	8	31	35	13	2	5	45	2	5	9	0	3	0	15	2	2	1	6	1	0	6	2	5	2	0	2	1	4	3	5	1	1	2	5	5	3	1	0	1	1	0	1	0	1	1	0	0	4	1	1	0	3	0	0	0	1	0	8	1	1	1	0	10	1	1	0	1	0	2	1	0	0	0	0	0	1	0	0	0	0	0	0	0	0	0	0	0	0	0	2	0	0	0	0	0	0	0	0	0	0	0	0	0	0	0	1	0	0	0	0	0	0	0	0	0	1	0	0	0	0	1
0.03	north8_all	80	3741	1688	1060	787	672	479	1336	1044	1440	253	247	438	321	345	179	123	136	164	96	75	187	79	83	61	64	45	54	74	97	180	34	120	27	27	32	38	108	59	27	19	26	11	11	19	34	14	35	49	18	11	10	51	7	12	9	7	8	4	14	3	5	12	5	4	6	7	3	9	3	1	2	2	4	2	8	2	4	4	1	6	4	2	3	2	1	0	2	0	0	1	2	0	6	2	1	0	3	1	0	0	1	0	11	6	1	1	0	3	1	0	0	0	0	0	1	0	0	0	0	0	1	0	0	0	0	0	0	0	0	1	0	0	0	0	0	0	0	0	0	0	0	1	0	0	0	0	1	1	0	0	1	0	0	1	0	0	0	0	1	0	0	0	0	0	0	1
0.03	north8_active	80	1582	498	350	192	362	132	1206	907	1352	102	128	365	243	288	115	56	65	106	48	35	155	49	53	15	35	26	34	56	79	167	14	103	20	5	11	23	97	51	19	8	20	7	3	6	29	6	31	43	13	2	6	42	1	6	8	0	1	0	13	2	3	3	4	2	2	6	1	9	1	0	2	1	4	2	6	1	1	2	0	6	4	2	2	1	1	0	1	0	0	1	0	0	5	2	1	0	3	0	0	0	1	0	10	6	1	0	0	3	1	0	0	0	0	0	1	0	0	0	0	0	1	0	0	0	0	0	0	0	0	0	0	0	0	0	0	0	0	0	0	0	0	0	0	0	0	0	0	0	0	0	1	0	0	1	0	0	0	0	0	0	0	0	0	0	0	1
0.03	north9_all	80	3743	1677	1094	807	668	477	1328	1064	1474	250	253	468	321	351	179	127	128	179	109	88	205	90	87	59	73	46	44	87	99	176	39	125	31	20	34	39	80	69	25	23	27	10	13	12	25	14	52	52	19	10	8	32	4	17	9	7	5	6	25	3	4	12	4	5	4	5	4	8	4	4	1	2	3	5	8	2	2	2	1	2	2	2	3	2	2	1	2	1	0	1	1	1	7	2	1	0	1	0	0	0	1	0	11	7	1	1	1	4	0	0	0	1	0	0	1	0	0	0	0	0	1	0	0	0	0	1	0	0	0	1	0	0	0	0	0	1	0	0	0	1	0	0	0	0	0	0	2	1	0	0	0	0	0	1	0	0	0	0	1	0	0	0	0	0	0	0
0.03	north9_active	80	1566	493	349	184	356	127	1183	930	1382	104	126	400	247	297	112	61	58	110	47	39	171	54	55	13	42	21	27	69	72	161	14	107	18	2	18	21	73	60	15	11	20	5	4	3	18	9	48	48	14	3	4	25	2	8	8	1	1	1	23	2	3	4	3	1	2	3	1	8	2	0	1	1	0	5	5	1	0	1	0	2	2	2	2	0	1	1	1	0	0	1	0	0	7	2	1	0	1	0	0	0	1	0	10	7	1	1	1	4	0	0	0	1	0	0	1	0	0	0	0	0	1	0	0	0	0	1	0	0	0	0	0	0	0	0	0	0	0	0	0	1	0	0	0	0	0	0	0	0	0	0	0	0	0	1	0	0	0	0	0	0	0	0	0	0	0	0
0.03	north10_all	80	3780	1696	1113	817	672	476	1285	1197	1544	265	272	479	291	380	175	112	118	181	95	88	199	97	89	59	69	52	44	109	112	192	37	143	31	16	34	43	105	45	21	20	23	17	14	14	29	18	38	49	19	9	6	62	5	15	4	5	8	8	21	4	4	15	5	5	3	6	4	4	4	4	1	1	5	8	7	1	0	2	2	3	1	3	3	2	1	1	0	1	3	1	0	1	3	2	1	0	3	0	0	0	1	0	4	6	0	3	1	1	0	1	0	1	0	3	0	0	2	0	0	1	0	0	0	0	0	1	0	0	0	1	0	0	0	0	1	1	0	0	0	1	0	0	0	0	0	0	2	0	0	0	0	0	0	1	0	0	0	0	0	0	0	0	0	0	0	0
0.03	north10_active	80	1593	513	353	204	351	127	1148	1079	1455	106	131	421	226	331	111	52	40	116	41	32	158	58	51	13	42	18	28	92	84	173	16	128	13	2	15	25	90	39	12	8	17	9	3	2	21	10	34	45	10	3	2	54	2	10	3	2	5	2	20	3	4	7	3	1	2	4	1	4	2	0	1	0	2	8	6	0	0	1	0	3	1	3	2	1	0	1	0	0	3	1	0	0	3	2	1	0	3	0	0	0	1	0	3	6	0	3	1	1	0	1	0	1	0	3	0	0	2	0	0	1	0	0	0	0	0	1	0	0	0	0	0	0	0	0	1	0	0	0	0	1	0	0	0	0	0	0	0	0	0	0	0	0	0	1	0	0	0	0	0	0	0	0	0	0	0	0
0.03	north11_all	80	3706	1688	1144	779	711	467	1447	1067	1290	266	290	469	262	326	195	129	104	150	109	82	168	87	83	54	66	41	50	80	105	217	40	127	31	20	36	33	83	49	39	28	18	28	16	15	30	14	21	47	14	13	9	28	7	8	7	9	18	3	11	6	6	4	3	5	7	5	0	4	4	0	4	7	1	8	3	0	2	5	4	4	7	7	3	1	3	3	0	3	2	1	1	0	0	1	1	1	1	0	0	4	1	5	0	0	0	4	6	0	0	0	0	0	0	0	0	0	0	0	0	1	0	0	0	0	0	0	1	0	1	0	0	0	0	0	0	0	0	0	0	0	0	0	0	1	0	0	0	0	0	0	0	0	1	0	0	0	2	0	0	0	0	0	0	0	0	0
0.03	north11_active	80	1535	511	378	179	375	136	1298	970	1212	112	134	396	177	272	120	55	43	101	48	31	128	51	46	15	33	20	24	61	95	208	14	118	15	7	20	25	73	42	25	8	8	10	4	5	26	5	17	44	8	4	2	27	2	3	5	2	11	0	10	5	3	2	0	2	3	3	0	2	3	0	4	6	1	7	1	0	0	1	3	4	6	5	1	0	1	0	0	0	2	0	0	0	0	1	1	0	1	0	0	4	1	4	0	0	0	3	5	0	0	0	0	0	0	0	0	0	0	0	0	1	0	0	0	0	0	0	0	0	0	0	0	0	0	0	0	0	0	0	0	0	0	0	0	1	0	0	0	0	0	0	0	0	1	0	0	0	1	0	0	0	0	0	0	0	0	0
0.03	north12_all	80	3693	1707	1153	745	677	485	1493	1122	1183	279	287	502	270	362	183	115	108	182	114	75	177	86	74	57	62	38	49	80	107	193	44	158	30	16	42	33	74	27	35	28	26	23	18	12	19	13	30	43	26	12	12	24	9	8	7	7	13	7	26	8	5	4	4	4	1	1	0	2	2	1	6	3	1	7	4	0	4	3	4	8	7	6	2	1	3	3	0	3	2	0	2	3	1	0	1	2	1	0	0	2	0	0	0	0	0	4	6	2	0	0	3	0	0	0	0	0	0	0	2	0	0	0	0	0	0	0	1	0	1	0	0	0	0	0	0	0	0	0	0	0	0	0	0	1	0	0	0	0	0	0	0	0	1	0	0	0	2	0	0	0	0	0	0	0	0	0
0.03	north12_active	80	1561	519	385	179	347	138	1321	1027	1109	117	136	422	192	306	99	53	43	133	58	29	141	50	38	9	34	17	26	63	96	181	17	147	14	7	28	20	64	20	22	7	15	11	4	4	15	7	28	42	14	4	2	24	4	2	6	2	8	0	24	6	3	1	1	2	1	1	0	2	2	0	6	3	1	6	1	0	1	1	3	8	6	4	1	0	1	0	0	0	2	0	0	0	1	0	1	0	1	0	0	2	0	0	0	0	0	3	5	2	0	0	3	0	0	0	0	0	0	0	2	0	0	0	0	0	0	0	0	0	0	0	0	0	0	0	0	0	0	0	0	0	0	0	0	1	0	0	0	0	0	0	0	0	1	0	0	0	1	0	0	0	0	0	0	0	0	0
0.03	north13_all	80	3654	1697	1118	722	655	486	1439	1122	1226	288	268	488	277	357	173	134	118	168	113	71	199	76	80	57	55	50	58	82	101	214	44	146	36	14	33	30	68	34	29	25	21	22	20	13	27	8	31	46	20	11	11	23	10	9	4	8	12	11	30	8	4	5	2	3	1	2	1	5	2	2	6	2	1	4	6	2	4	2	4	13	1	0	3	1	7	3	4	3	2	1	2	3	1	2	0	2	0	0	0	2	0	0	0	3	0	2	6	2	0	0	6	0	0	0	0	0	0	0	2	0	1	0	0	0	0	1	2	0	2	0	0	0	0	0	0	0	0	0	0	0	0	0	1	0	0	0	0	0	0	0	0	1	0	0	0	0	1	0	0	0	0	0	0	0	0	0
0.03	north13_active	80	1544	504	346	176	352	138	1269	1030	1153	113	137	401	206	288	94	66	48	119	59	25	166	37	45	12	31	24	38	68	89	197	19	136	16	3	22	17	58	25	17	8	13	14	4	4	17	4	29	44	12	4	3	23	4	4	3	2	6	1	27	5	2	2	2	2	0	2	0	4	2	0	6	2	1	3	4	2	1	1	3	12	0	0	1	0	6	1	4	0	2	1	0	0	1	2	0	0	0	0	0	2	0	0	0	3	0	2	5	2	0	0	6	0	0	0	0	0	0	0	2	0	1	0	0	0	0	1	0	0	0	0	0	0	0	0	0	0	0	0	0	0	0	0	1	0	0	0	0	0	0	0	0	0	0	0	0	0	0	0	0	0	0	0	0	0	0	0
0.03	north14_all	80	3687	1693	1084	696	661	455	1403	1180	1212	275	266	457	275	398	171	138	125	178	111	73	204	87	83	56	50	57	64	79	107	209	36	110	30	26	26	39	71	34	30	19	25	24	15	10	30	14	28	24	24	12	13	42	12	10	3	10	17	11	30	6	3	6	3	1	4	3	1	5	1	4	6	2	1	1	9	5	3	1	3	11	1	1	3	0	6	2	5	1	0	1	1	4	1	2	0	1	0	2	0	4	1	0	2	3	0	2	1	4	0	1	6	0	0	0	0	0	0	0	10	0	1	0	0	1	0	1	1	0	1	0	0	0	0	0	0	0	0	0	0	0	0	0	1	0	0	0	0	0	0	0	0	1	0	0	0	0	1	0	0	0	0	0	0	0	0	0
0.03	north14_active	80	1606	492	351	176	370	120	1236	1084	1134	101	134	375	197	326	98	68	44	132	63	24	172	45	52	11	24	28	43	64	93	190	17	101	13	6	19	26	65	26	19	4	16	15	4	3	23	11	26	22	16	6	4	41	4	3	3	1	7	1	27	3	2	2	2	0	0	3	0	4	1	1	6	1	0	1	8	4	1	0	2	9	0	0	2	0	5	1	4	0	0	1	0	0	1	2	0	0	0	2	0	4	1	0	2	3	0	2	0	4	0	1	6	0	0	0	0	0	0	0	10	0	1	0	0	0	0	1	0	0	0	0	0	0	0	0	0	0	0	0	0	0	0	0	1	0	0	0	0	0	0	0	0	0	0	0	0	0	0	0	0	0	0	0	0	0	0	0
0.03	north15_all	80	3728	1703	1059	706	655	430	1334	1188	1262	269	248	492	291	359	171	148	131	164	108	80	203	92	83	62	51	55	68	72	114	223	38	100	36	35	28	36	73	51	33	19	18	25	15	14	36	21	21	26	15	12	12	38	14	11	1	11	15	10	20	2	2	3	9	2	4	5	1	7	1	3	4	2	3	3	7	8	2	3	4	10	1	1	3	1	6	2	5	1	1	1	1	2	1	5	1	1	1	4	0	3	2	0	2	3	2	0	1	4	0	1	3	0	0	0	0	0	0	0	8	0	1	0	0	1	0	1	1	0	1	0	0	0	0	0	1	0	0	0	0	0	0	0	1	0	0	0	0	0	0	0	0	1	0	0	0	0	0	0	0	0	0	0	0	0	0	0
0.03	north15_active	80	1633	513	344	181	356	120	1191	1090	1177	97	130	415	212	287	106	68	45	116	64	24	168	46	61	14	20	31	44	58	95	204	14	93	15	7	21	25	66	43	19	8	10	13	4	7	29	15	18	23	12	4	4	37	3	4	1	2	6	2	17	1	1	1	4	1	0	4	0	6	1	1	3	1	1	2	7	7	1	1	2	8	0	0	2	0	5	1	4	0	0	1	0	0	1	5	0	0	1	3	0	3	1	0	2	3	2	0	0	4	0	1	3	0	0	0	0	0	0	0	8	0	1	0	0	0	0	1	0	0	0	0	0	0	0	0	0	0	0	0	0	0	0	0	1	0	0	0	0	0	0	0	0	0	0	0	0	0	0	0	0	0	0	0	0	0	0	0
0.03	north16_all	80	3730	1734	1063	744	663	417	1336	1147	1298	263	248	498	305	347	179	143	135	170	110	77	203	94	89	62	63	56	48	80	96	204	36	91	35	37	22	31	87	58	35	19	17	28	16	16	36	21	25	23	12	10	9	48	13	9	2	9	16	7	22	4	4	3	10	2	4	8	3	8	1	4	8	3	6	2	4	8	1	4	5	3	1	2	2	1	6	2	3	1	1	0	0	2	1	3	1	0	2	4	1	2	3	0	4	1	2	0	2	3	0	2	3	1	0	0	0	1	0	0	8	0	0	0	0	1	0	0	0	0	1	0	0	0	0	0	1	0	0	0	0	0	0	0	1	0	0	0	0	0	0	0	1	0	0	0	0	1	0	0	0	0	0	0	0	0	0	1
0.03	north16_active	80	1611	525	359	177	364	119	1197	1048	1218	92	129	426	220	290	110	66	43	125	60	23	163	48	73	12	29	27	30	70	83	186	15	84	14	8	16	17	76	51	20	9	11	15	3	6	34	14	22	20	9	5	2	47	4	5	1	2	6	1	19	3	3	1	4	1	0	6	0	7	1	1	7	1	4	1	4	7	0	1	1	0	0	1	2	0	5	1	0	0	0	0	0	0	1	3	0	0	1	3	0	2	1	0	4	1	2	0	1	3	0	1	3	1	0	0	0	1	0	0	8	0	0	0	0	0	0	0	0	0	0	0	0	0	0	0	0	0	0	0	0	0	0	0	1	0	0	0	0	0	0	0	0	0	0	0	0	1	0	0	0	0	0	0	0	0	0	0
0.03	north17_all	80	3725	1759	1097	763	678	436	1262	1120	1372	261	252	505	319	338	185	136	118	173	96	85	182	81	98	58	72	69	58	64	88	148	35	120	35	37	29	34	81	54	30	22	19	29	14	15	27	16	33	20	14	8	6	35	12	8	4	6	11	5	26	5	7	3	9	2	1	9	3	6	1	3	18	4	6	2	5	5	1	4	4	4	1	1	0	2	1	1	5	1	1	0	0	1	4	3	1	0	3	2	1	1	2	1	4	1	2	0	3	1	0	2	0	2	0	0	0	2	2	0	0	0	0	0	0	0	0	0	0	0	0	0	0	0	0	0	1	0	0	0	0	0	0	0	0	0	0	0	0	0	0	0	1	0	0	0	0	1	0	0	0	0	0	0	0	0	0	1
0.03	north17_active	80	1586	523	367	178	353	128	1144	1011	1294	96	118	438	233	282	122	55	42	127	47	27	150	42	77	14	35	27	34	55	71	136	14	108	15	8	20	16	69	48	19	9	13	16	4	8	23	8	30	15	10	4	2	35	6	4	2	2	4	1	25	4	4	2	4	2	0	5	1	6	1	0	16	2	4	1	4	4	0	1	1	3	0	1	0	0	0	0	1	0	0	0	0	0	4	3	0	0	2	1	0	1	0	1	4	1	2	0	3	1	0	1	0	2	0	0	0	1	2	0	0	0	0	0	0	0	0	0	0	0	0	0	0	0	0	0	0	0	0	0	0	0	0	0	0	0	0	0	0	0	0	0	0	0	0	0	0	1	0	0	0	0	0	0	0	0	0	0
0.03	north18_all	80	3767	1746	1109	763	658	498	1305	1190	1353	267	247	533	329	342	181	137	109	143	93	85	168	73	96	52	67	76	53	84	82	130	29	130	38	42	23	28	77	47	26	21	19	29	15	19	29	13	49	23	10	6	8	40	10	12	4	9	10	4	27	7	7	4	4	2	1	7	4	4	1	3	17	4	5	9	1	3	0	4	4	4	1	2	0	1	0	1	4	4	4	0	0	1	4	0	1	1	3	1	2	1	2	4	2	1	0	0	3	1	0	1	0	2	1	0	0	2	2	0	0	0	0	0	0	0	0	0	0	0	0	0	0	0	0	0	0	0	0	0	0	0	0	0	0	0	0	0	0	0	0	0	1	0	0	0	0	1	0	0	0	0	0	0	0	0	0	1
0.03	north18_active	80	1577	504	382	165	343	151	1184	1074	1284	102	123	463	247	289	128	59	38	96	40	24	142	39	69	15	39	25	34	68	70	122	13	116	19	9	14	12	68	40	15	8	16	18	7	6	22	7	46	17	7	4	1	39	4	5	1	4	5	0	26	5	4	2	2	2	0	4	2	3	0	0	15	2	3	9	0	3	0	1	1	3	0	1	0	0	0	0	1	1	3	0	0	0	4	0	0	0	2	0	0	1	0	4	2	1	0	0	3	1	0	0	0	2	0	0	0	1	2	0	0	0	0	0	0	0	0	0	0	0	0	0	0	0	0	0	0	0	0	0	0	0	0	0	0	0	0	0	0	0	0	0	0	0	0	0	0	1	0	0	0	0	0	0	0	0	0	0
0.03	north19_all	80	3739	1731	1156	793	697	507	1304	1199	1259	266	239	501	297	370	184	139	92	133	82	90	186	79	87	51	66	79	56	86	119	143	29	149	38	32	34	30	75	48	20	24	32	21	15	18	29	13	46	18	13	7	11	40	8	10	6	9	8	6	18	6	10	8	3	1	1	8	3	5	5	4	14	4	2	13	3	1	1	1	4	4	3	3	0	2	0	0	2	3	6	0	0	1	4	0	0	1	4	0	1	2	0	4	1	0	1	0	2	1	0	0	3	1	1	0	0	1	2	0	4	0	0	0	0	0	0	0	0	0	0	0	0	0	0	0	0	0	0	0	0	0	0	0	0	0	0	0	0	0	0	0	1	0	0	0	0	1	0	0	0	0	0	0	0	0	0	1
0.03	north19_active	80	1554	476	387	188	371	146	1190	1078	1198	108	114	421	213	315	128	63	33	88	41	29	158	46	54	10	38	25	34	65	106	137	13	133	21	5	20	16	70	36	16	10	20	10	7	2	19	8	43	13	10	2	1	37	3	3	3	3	5	0	17	5	6	4	1	1	0	5	2	3	3	1	11	3	0	13	2	0	0	0	1	3	2	1	0	0	0	0	1	1	6	0	0	1	4	0	0	0	2	0	0	2	0	4	1	0	0	0	2	1	0	0	3	1	0	0	0	0	2	0	4	0	0	0	0	0	0	0	0	0	0	0	0	0	0	0	0	0	0	0	0	0	0	0	0	0	0	0	0	0	0	0	0	0	0	0	0	1	0	0	0	0	0	0	0	0	0	0
0.03	north20_all	80	3684	1740	1125	786	724	521	1322	1244	1243	272	233	457	296	338	179	135	94	130	85	83	174	76	88	49	65	55	55	102	123	162	33	121	38	22	37	33	65	62	24	27	33	21	15	18	25	17	51	22	11	7	12	45	8	10	8	12	8	4	14	6	7	6	2	2	2	7	5	4	5	4	6	4	2	15	3	1	3	1	4	1	3	3	0	1	0	0	1	3	6	0	0	2	0	0	0	1	4	1	2	1	0	3	1	0	1	0	1	0	1	0	3	0	1	0	0	1	0	0	4	1	0	0	0	0	0	0	0	0	0	0	0	0	0	0	0	0	0	0	0	0	0	0	0	0	0	0	0	0	0	0	0	0	0	0	0	0	0	0	0	0	0	0	0	0	0	0
0.03	north20_active	80	1516	496	376	189	379	175	1209	1129	1172	107	119	369	225	292	114	59	37	87	40	31	145	47	54	10	38	24	34	76	109	151	11	112	16	5	24	13	60	46	14	14	20	8	7	3	16	10	48	18	9	3	2	42	1	2	5	4	5	0	13	5	4	3	0	0	1	5	2	1	3	2	4	3	1	14	2	0	1	0	1	0	3	1	0	0	0	0	0	1	6	0	0	2	0	0	0	0	3	1	0	1	0	3	1	0	0	0	1	0	1	0	3	0	0	0	0	0	0	0	4	0	0	0	0	0	0	0	0	0	0	0	0	0	0	0	0	0	0	0	0	0	0	0	0	0	0	0	0	0	0	0	0	0	0	0	0	0	0	0	0	0	0	0	0	0	0	0
0.03	south21_all	80	3583	1672	1135	824	666	500	1115	827	1076	265	204	443	277	293	170	114	112	136	102	81	186	83	99	64	52	55	59	59	88	132	24	69	31	29	27	27	58	44	23	27	19	18	12	11	21	15	54	26	18	10	10	51	5	5	5	5	6	2	19	5	5	8	4	3	0	2	3	3	6	4	8	2	2	5	2	3	1	3	4	1	2	2	3	0	8	4	0	2	3	2	1	2	0	2	2	2	0	2	0	0	0	1	2	4	0	0	0	0	0	0	2	1	1	1	0	0	0	0	0	0	0	1	0	0	0	0	1	0	0	0	0	1	0	0	0	0	0	0	0	0	0	0	0	0	1	0	0	0	0	0	0	0	0	0	0	0	0	0	0	0	0	0	0	0	0	0
0.03	south21_active	80	1332	461	348	222	326	131	960	711	969	89	73	342	201	237	113	49	48	86	43	23	155	48	53	17	19	26	29	43	68	117	4	62	16	11	15	17	52	37	13	17	14	5	5	6	17	13	46	21	12	6	3	46	2	2	2	2	3	0	16	3	2	2	3	2	0	1	3	0	5	2	4	1	1	2	1	1	1	1	0	0	2	1	1	0	7	4	0	0	3	1	0	1	0	2	1	1	0	1	0	0	0	1	1	4	0	0	0	0	0	0	2	0	0	1	0	0	0	0	0	0	0	1	0	0	0	0	1	0	0	0	0	1	0	0	0	0	0	0	0	0	0	0	0	0	1	0	0	0	0	0	0	0	0	0	0	0	0	0	0	0	0	0	0	0	0	0
0.03	south22_all	80	3565	1627	1128	814	699	484	1111	875	1113	256	209	449	297	295	161	120	114	139	105	98	159	76	106	61	63	56	57	55	94	115	22	71	37	30	27	28	52	43	25	27	16	18	8	13	25	17	35	21	14	7	11	47	4	6	6	5	8	2	11	6	5	6	3	3	2	2	3	3	3	6	10	1	0	2	2	3	3	2	4	0	0	1	3	0	7	1	0	2	4	3	1	2	0	2	2	1	0	2	1	0	0	1	0	4	0	0	1	0	0	0	2	1	1	1	0	0	0	0	0	0	0	1	0	0	0	0	1	0	0	0	0	1	0	0	0	0	0	0	0	0	0	0	0	0	1	0	0	0	0	0	0	0	0	0	1	0	0	0	0	0	0	0	0	0	0	0
0.03	south22_active	80	1318	460	335	237	341	127	958	756	1001	93	74	333	205	230	108	50	42	85	44	31	127	45	52	16	25	25	32	40	81	106	3	62	17	10	15	17	45	36	15	14	10	4	0	7	21	12	28	15	9	5	4	41	2	3	3	1	5	0	9	3	1	3	3	1	1	1	2	0	3	2	5	1	0	2	1	1	2	1	0	0	0	0	1	0	7	1	0	0	2	1	0	1	0	2	0	0	0	1	1	0	0	1	0	4	0	0	0	0	0	0	2	0	0	1	0	0	0	0	0	0	0	1	0	0	0	0	1	0	0	0	0	1	0	0	0	0	0	0	0	0	0	0	0	0	1	0	0	0	0	0	0	0	0	0	1	0	0	0	0	0	0	0	0	0	0	0
0.03	south23_all	80	3566	1575	1084	752	699	486	1090	821	1084	247	233	421	319	295	162	127	113	127	89	99	150	73	97	52	70	55	57	56	91	125	20	98	38	26	39	24	51	41	26	26	20	20	13	15	26	14	41	25	14	5	13	37	10	11	9	6	7	4	9	9	8	7	3	3	2	3	4	3	1	7	7	1	0	1	2	5	3	2	4	1	1	0	2	0	1	1	0	1	4	4	1	0	1	2	3	0	0	1	1	0	0	0	0	0	0	0	1	0	0	0	2	0	1	1	0	0	0	0	0	0	1	0	0	0	0	0	0	0	0	0	0	1	0	0	0	0	0	0	0	0	0	0	0	0	0	0	0	0	0	0	0	0	0	0	1	0	0	0	0	0	0	0	0	0	0	0
0.03	south23_active	80	1335	439	299	217	340	130	939	704	977	92	88	316	222	229	98	55	41	73	40	31	120	40	52	14	28	27	30	39	84	114	2	86	17	8	24	12	43	32	16	13	12	7	1	8	23	6	33	20	7	2	4	34	3	4	5	2	5	0	9	4	5	2	1	1	1	1	2	0	1	2	4	1	0	1	1	2	2	1	0	0	1	0	1	0	1	1	0	0	2	1	0	0	1	2	0	0	0	0	1	0	0	0	0	0	0	0	0	0	0	0	2	0	0	1	0	0	0	0	0	0	1	0	0	0	0	0	0	0	0	0	0	0	0	0	0	0	0	0	0	0	0	0	0	0	0	0	0	0	0	0	0	0	0	0	1	0	0	0	0	0	0	0	0	0	0	0
0.03	south24_all	80	3573	1651	1035	750	686	502	1070	878	1113	230	263	439	300	280	158	118	104	120	96	92	130	71	87	49	70	55	53	59	84	144	26	113	34	29	42	28	59	42	26	28	24	20	13	12	29	17	37	28	16	5	8	26	7	8	11	11	13	5	7	9	9	6	3	5	3	2	6	6	3	7	5	1	0	0	2	3	3	3	2	2	1	0	2	0	1	1	1	1	4	5	0	1	3	0	3	0	1	1	1	0	0	0	0	0	0	1	1	0	0	0	0	0	0	3	0	0	0	0	0	0	1	0	0	0	0	1	0	0	0	0	0	1	0	3	0	0	0	0	0	0	0	0	0	0	0	0	0	0	0	0	0	0	0	0	1	0	0	0	0	0	0	0	0	0	5	0
0.03	south24_active	80	1345	460	291	229	335	137	923	759	997	88	114	343	210	223	94	50	27	69	41	27	100	41	48	11	31	26	28	42	73	131	5	98	10	6	26	12	51	31	14	15	16	11	2	6	20	6	29	22	6	2	3	24	2	3	6	3	7	0	7	1	5	1	1	2	1	1	3	2	3	3	2	1	0	0	2	1	2	1	0	0	1	0	0	0	1	0	0	0	2	2	0	0	1	0	0	0	1	0	1	0	0	0	0	0	0	1	0	0	0	0	0	0	0	3	0	0	0	0	0	0	1	0	0	0	0	0	0	0	0	0	0	0	0	3	0	0	0	0	0	0	0	0	0	0	0	0	0	0	0	0	0	0	0	0	1	0	0	0	0	0	0	0	0	0	5	0
0.03	south25_all	80	3541	1710	1064	767	680	474	1102	934	1084	223	256	444	269	255	154	108	109	129	92	79	121	75	80	46	61	61	44	69	70	140	32	110	36	22	40	35	45	45	24	18	27	29	17	10	21	17	40	27	15	5	6	30	9	9	10	9	10	4	6	8	10	6	3	4	2	2	5	5	2	6	6	4	2	0	3	2	4	2	3	2	2	1	4	0	0	2	1	1	4	3	0	2	3	2	3	0	1	0	2	0	0	1	0	2	3	1	0	0	0	0	0	0	0	2	0	1	0	0	1	0	1	0	0	0	0	1	0	0	1	0	0	1	0	3	0	0	0	0	0	0	0	0	0	0	0	0	0	0	0	1	0	0	0	0	0	0	0	0	0	0	0	0	0	0	5	0
0.03	south25_active	80	1339	498	305	225	342	123	943	793	949	82	124	344	196	198	85	53	33	79	39	19	94	42	52	11	25	32	25	53	57	125	7	96	12	6	23	20	35	30	14	10	17	18	5	4	11	4	30	23	7	2	1	29	3	4	6	3	3	0	5	3	6	1	1	2	0	1	3	3	2	2	1	2	2	0	2	1	1	1	1	0	2	1	1	0	0	0	0	0	4	1	0	0	1	1	0	0	1	0	0	0	0	1	0	2	3	1	0	0	0	0	0	0	0	2	0	0	0	0	1	0	1	0	0	0	0	0	0	0	0	0	0	0	0	3	0	0	0	0	0	0	0	0	0	0	0	0	0	0	0	0	0	0	0	0	0	0	0	0	0	0	0	0	0	0	5	0
0.03	south26_all	80	3466	1757	1093	738	658	479	1034	905	1029	217	241	414	245	243	151	115	108	136	92	63	119	87	78	53	54	49	44	70	67	139	34	133	36	22	37	34	45	39	22	17	33	21	17	13	28	16	34	30	16	7	7	29	7	6	6	7	11	4	4	8	7	2	5	4	2	2	4	5	2	4	5	6	4	0	5	0	5	2	3	2	2	2	3	0	1	2	1	1	3	3	0	2	4	2	2	0	2	0	2	0	0	1	0	2	3	1	0	0	1	0	0	0	0	3	0	1	0	0	1	0	0	0	0	0	0	1	0	0	1	0	0	0	0	3	0	0	0	0	0	0	0	0	0	0	0	0	0	0	0	1	0	0	0	0	0	0	0	0	0	0	0	0	0	0	5	0
0.03	south26_active	80	1249	485	317	200	320	118	888	771	901	64	108	325	186	192	78	47	39	85	42	17	93	43	54	14	25	25	23	58	52	122	9	121	14	4	26	16	38	28	10	7	19	13	5	4	18	6	25	27	10	2	1	26	3	4	2	1	3	0	3	3	4	0	2	3	0	1	3	4	2	2	1	2	3	0	3	0	3	1	1	0	1	2	1	0	1	0	0	0	3	1	0	0	2	1	0	0	1	0	0	0	0	1	0	2	3	1	0	0	1	0	0	0	0	3	0	0	0	0	1	0	0	0	0	0	0	0	0	0	0	0	0	0	0	3	0	0	0	0	0	0	0	0	0	0	0	0	0	0	0	0	0	0	0	0	0	0	0	0	0	0	0	0	0	0	5	0
0.03	south27_all	80	3501	1738	1161	737	661	427	1075	994	1086	230	219	395	262	275	165	106	115	134	100	70	151	86	82	56	53	43	45	74	73	122	38	130	34	28	33	33	43	34	23	19	30	21	17	12	21	14	34	27	14	6	8	25	8	6	5	7	16	5	9	8	7	1	6	5	2	1	4	4	1	1	6	6	4	0	6	0	4	1	1	11	2	2	2	2	2	3	1	1	4	0	0	2	3	2	2	0	2	0	2	4	0	1	0	2	3	1	0	0	1	0	0	0	0	3	0	1	0	0	1	0	1	0	2	0	0	0	0	0	1	0	0	0	0	0	0	0	0	0	0	0	0	0	0	0	0	0	0	0	0	1	0	0	0	0	0	0	0	0	0	0	0	3	0	0	0	0
0.03	south27_active	80	1327	488	339	175	339	95	931	849	973	77	94	298	205	224	86	50	42	80	46	24	121	39	49	15	26	22	27	59	59	105	11	121	14	9	20	17	36	27	12	8	17	11	4	3	18	5	28	23	10	1	2	21	3	3	1	1	9	0	6	3	3	0	3	3	0	0	3	4	1	0	3	1	3	0	3	0	2	1	1	10	1	2	1	2	1	1	0	0	4	0	0	0	2	1	0	0	1	0	0	4	0	1	0	2	3	1	0	0	1	0	0	0	0	3	0	0	0	0	1	0	1	0	2	0	0	0	0	0	0	0	0	0	0	0	0	0	0	0	0	0	0	0	0	0	0	0	0	0	0	0	0	0	0	0	0	0	0	0	0	0	0	3	0	0	0	0
0.03	south28_all	80	3653	1696	1161	730	681	435	1124	983	1191	245	216	411	274	332	176	109	103	127	99	71	184	97	84	53	54	38	53	74	64	113	36	122	30	36	30	24	60	50	18	26	28	10	15	16	34	14	25	29	13	9	10	22	7	6	7	4	13	7	8	9	6	5	5	4	2	3	2	2	1	5	3	5	4	1	4	1	3	1	1	12	3	3	0	4	4	2	3	0	11	1	0	1	3	0	1	0	2	0	2	4	0	0	0	1	0	4	0	0	1	0	0	3	0	1	0	0	0	0	0	1	1	0	2	0	0	1	0	0	2	0	0	0	0	0	0	1	0	0	0	0	0	0	0	0	0	0	0	0	0	1	0	0	0	0	0	0	0	0	0	0	0	3	0	0	0	0
0.03	south28_active	80	1427	465	346	158	369	105	998	867	1099	93	88	315	212	279	101	55	39	74	55	20	147	51	53	15	28	17	31	58	55	96	9	108	17	14	19	11	51	45	9	7	18	2	4	3	31	5	21	24	9	1	4	19	2	4	2	0	10	0	5	2	2	0	2	1	1	1	2	2	0	0	3	1	3	1	1	1	2	0	0	11	0	1	0	4	2	1	0	0	11	0	0	0	2	0	0	0	1	0	1	4	0	0	0	1	0	4	0	0	1	0	0	3	0	1	0	0	0	0	0	1	1	0	2	0	0	1	0	0	1	0	0	0	0	0	0	1	0	0	0	0	0	0	0	0	0	0	0	0	0	0	0	0	0	0	0	0	0	0	0	0	0	3	0	0	0	0
0.03	south29_all	80	3712	1698	1146	770	705	481	1228	1055	1238	268	236	397	283	318	183	112	103	145	121	91	228	93	98	55	55	48	69	97	87	132	42	119	24	36	30	23	85	57	24	29	29	14	14	15	25	15	22	24	15	11	8	21	8	5	6	5	15	5	8	7	7	6	3	5	4	3	1	2	1	5	5	4	0	6	1	1	4	2	2	13	3	3	0	4	5	3	3	0	12	1	2	1	4	1	3	0	1	0	1	4	0	1	0	1	0	4	2	0	0	0	0	3	0	1	0	0	0	0	0	1	2	0	2	0	0	1	0	0	1	0	0	0	0	0	0	1	1	0	0	0	0	0	0	0	0	0	0	0	0	0	0	0	0	0	0	1	0	0	0	0	0	3	0	0	0	0
0.03	south29_active	80	1509	485	346	191	385	121	1095	940	1152	110	104	309	223	256	114	56	37	92	74	29	189	55	64	12	27	23	40	78	79	114	9	109	11	13	17	14	75	52	18	7	20	6	5	5	21	3	18	18	8	2	3	17	2	2	3	0	12	0	6	2	2	0	2	1	2	1	0	0	0	0	5	1	0	5	0	1	2	0	0	12	0	1	0	4	3	1	0	0	12	0	0	0	2	1	0	0	1	0	1	4	0	1	0	1	0	4	2	0	0	0	0	3	0	1	0	0	0	0	0	1	2	0	2	0	0	1	0	0	1	0	0	0	0	0	0	1	1	0	0	0	0	0	0	0	0	0	0	0	0	0	0	0	0	0	0	1	0	0	0	0	0	3	0	0	0	0
0.03	south30_all	80	3809	1740	1102	726	688	512	1434	1077	1255	284	247	400	302	339	170	122	96	140	125	99	232	94	117	54	53	42	72	105	114	192	38	105	26	32	30	26	108	75	23	28	28	20	15	13	34	17	26	32	15	16	11	49	6	3	9	6	11	9	9	13	8	6	2	3	7	5	2	4	2	6	4	3	4	6	0	3	3	4	3	11	3	3	1	3	3	2	3	0	13	1	2	0	1	1	3	0	2	1	1	0	0	1	1	2	0	5	2	0	0	0	0	3	0	0	0	0	0	1	0	1	1	0	2	0	0	1	0	0	1	0	0	0	0	0	0	1	1	0	1	0	0	0	0	0	0	0	0	0	0	0	0	0	0	0	0	1	0	0	0	0	0	3	0	0	0	0
0.03	south30_active	80	1579	488	353	186	373	141	1299	957	1169	134	119	323	238	270	108	64	35	96	76	33	189	65	78	11	27	21	45	76	104	176	9	94	12	9	21	19	98	54	17	9	19	11	4	6	29	4	24	27	6	5	6	47	1	1	5	0	8	0	7	7	2	0	2	0	4	1	1	0	1	1	4	1	3	5	0	1	1	1	0	10	1	1	0	2	2	0	0	0	12	0	0	0	0	1	0	0	2	1	1	0	0	1	1	2	0	5	2	0	0	0	0	3	0	0	0	0	0	1	0	1	1	0	2	0	0	1	0	0	1	0	0	0	0	0	0	1	1	0	1	0	0	0	0	0	0	0	0	0	0	0	0	0	0	0	0	1	0	0	0	0	0	3	0	0	0	0
0.03	south31_all	80	3496	1722	1043	770	596	470	641	483	560	250	216	272	164	202	143	123	93	95	83	87	107	87	59	54	50	47	42	52	57	77	40	42	22	24	27	29	26	27	28	20	32	22	15	10	11	13	23	18	7	4	7	13	9	7	10	9	6	5	9	5	3	4	8	2	3	1	7	3	5	3	2	3	5	4	2	7	1	1	1	1	2	1	3	5	7	4	0	0	2	2	0	1	5	0	2	0	1	0	1	0	0	0	1	1	2	0	2	0	0	0	0	1	0	2	0	0	2	0	0	0	1	0	0	0	0	1	0	1	0	0	0	0	0	0	0	0	1	2	0	0	0	0	0	0	0	0	0	0	0	0	0	0	0	0	0	0	0	0	0	0	0	0	1	0	0	0
0.03	south31_active	80	927	405	238	206	230	96	454	333	434	64	70	172	81	127	64	36	29	57	31	21	64	31	27	15	17	23	19	29	38	55	11	30	2	7	14	6	16	17	15	5	24	3	4	2	5	7	22	11	2	1	3	13	2	4	3	4	2	3	4	2	1	1	2	0	1	1	4	1	3	2	1	2	0	4	1	3	0	0	0	0	0	1	2	1	3	1	0	0	2	0	0	1	4	0	2	0	0	0	1	0	0	0	1	1	2	0	1	0	0	0	0	0	0	2	0	0	2	0	0	0	0	0	0	0	0	0	0	0	0	0	0	0	0	0	0	0	0	2	0	0	0	0	0	0	0	0	0	0	0	0	0	0	0	0	0	0	0	0	0	0	0	0	0	0	0	0
0.03	south32_all	80	3466	1709	1014	746	609	450	636	510	538	252	232	259	177	221	153	125	112	92	84	91	108	88	56	52	45	53	44	68	64	78	39	52	26	28	32	28	34	30	27	22	27	24	18	13	13	12	32	21	8	5	5	18	12	7	7	11	6	5	5	4	4	4	6	2	3	4	5	3	3	4	0	4	4	3	5	9	2	2	2	3	0	1	3	2	4	1	1	0	2	1	0	0	5	0	2	0	0	0	0	0	0	0	1	1	2	0	2	0	1	1	0	0	0	3	0	0	2	1	0	0	4	0	0	0	0	1	0	1	1	0	0	0	0	0	0	0	1	2	0	0	0	0	0	0	0	0	0	0	0	0	0	0	0	0	0	0	0	0	0	0	0	0	0	0	0	0
0.03	south32_active	80	899	416	228	211	244	93	446	362	428	66	86	158	87	136	66	35	34	47	33	22	67	27	24	14	15	23	18	38	45	62	10	40	4	9	13	8	18	20	13	7	22	5	4	2	7	6	31	12	2	1	1	17	3	3	4	4	1	2	3	0	1	1	2	0	1	3	3	1	2	2	0	1	1	3	4	4	1	0	0	2	0	1	2	0	1	1	0	0	2	0	0	0	4	0	2	0	0	0	0	0	0	0	1	1	2	0	1	0	0	0	0	0	0	2	0	0	2	0	0	0	3	0	0	0	0	0	0	0	1	0	0	0	0	0	0	0	0	2	0	0	0	0	0	0	0	0	0	0	0	0	0	0	0	0	0	0	0	0	0	0	0	0	0	0	0	0
0.03	south33_all	80	3521	1653	1029	744	617	472	652	528	520	252	226	264	191	218	131	125	96	97	98	99	119	76	70	50	49	54	46	67	72	57	37	55	26	26	30	25	37	37	25	23	20	21	11	13	13	11	32	17	7	5	4	17	11	8	8	13	7	6	5	4	4	4	6	4	3	6	2	4	2	5	2	4	5	4	5	4	2	1	2	5	0	3	3	2	4	1	2	2	3	3	1	0	1	0	2	0	1	0	1	1	0	0	2	0	0	0	2	0	1	1	0	0	0	3	0	0	1	1	1	1	4	0	0	0	0	1	0	1	2	0	0	0	0	0	0	0	1	0	0	0	0	0	0	0	0	0	0	0	0	0	0	0	0	0	0	0	0	0	0	0	0	0	0	0	0	0
0.03	south33_active	80	897	435	219	223	232	104	466	376	413	68	87	139	108	137	65	35	31	54	33	29	78	21	27	15	13	19	16	39	50	47	7	40	7	4	14	12	20	24	11	7	16	5	1	5	8	4	30	12	4	0	1	16	1	4	3	3	2	3	3	0	1	2	3	0	2	4	1	1	1	2	1	0	2	3	4	3	1	0	0	3	0	2	1	0	2	1	0	1	3	0	0	0	0	0	2	0	1	0	0	1	0	0	2	0	0	0	1	0	0	0	0	0	0	2	0	0	1	0	1	0	3	0	0	0	0	0	0	0	1	0	0	0	0	0	0	0	0	0	0	0	0	0	0	0	0	0	0	0	0	0	0	0	0	0	0	0	0	0	0	0	0	0	0	0	0	0
0.03	south34_all	80	3532	1674	1097	729	602	514	624	539	487	235	209	260	225	220	128	108	87	118	85	88	118	63	74	44	43	52	52	78	65	55	35	62	25	30	26	27	43	37	24	25	21	14	14	17	18	11	27	15	7	7	4	13	12	10	8	13	12	6	6	1	3	4	7	3	4	9	3	2	2	7	2	6	5	2	4	3	2	1	3	4	0	3	4	1	5	1	2	2	1	3	1	0	0	1	1	0	1	0	1	1	1	0	2	0	0	1	2	0	1	1	0	0	0	3	0	0	0	2	1	1	4	0	0	0	0	1	0	0	2	0	0	0	0	0	0	0	1	0	0	0	0	0	0	0	0	1	0	0	0	0	0	0	0	0	0	0	0	0	0	0	0	0	0	0	0	0
0.03	south34_active	80	934	421	212	208	226	117	439	383	375	59	79	143	136	138	65	29	23	59	28	25	78	24	26	16	10	17	19	44	45	44	7	49	7	7	11	14	28	25	10	9	15	4	2	7	12	6	24	10	4	0	2	11	1	3	4	2	4	3	3	0	1	1	3	0	3	4	1	1	0	1	1	0	2	1	3	2	1	0	0	3	0	2	2	0	2	1	0	1	1	0	0	0	0	0	1	0	1	0	0	1	0	0	2	0	0	0	2	0	0	0	0	0	0	2	0	0	0	1	1	0	3	0	0	0	0	0	0	0	1	0	0	0	0	0	0	0	0	0	0	0	0	0	0	0	0	0	0	0	0	0	0	0	0	0	0	0	0	0	0	0	0	0	0	0	0	0
0.03	south35_all	80	3513	1691	1043	725	594	523	611	558	532	240	202	272	218	203	124	111	89	119	88	74	113	65	76	48	49	43	54	65	69	72	34	68	30	28	24	30	40	30	26	23	12	12	14	16	19	20	16	17	13	9	4	8	10	10	9	7	13	11	5	1	7	7	5	5	7	7	9	5	2	7	3	4	7	4	4	0	1	0	2	4	1	3	3	0	4	0	2	2	3	4	1	0	0	1	1	0	1	1	1	2	1	0	2	0	0	1	1	0	1	0	0	0	0	1	0	0	0	2	1	1	3	0	0	0	1	0	0	0	1	0	0	0	0	0	0	0	0	0	0	0	0	0	0	1	0	1	0	0	0	0	0	0	0	0	0	0	0	0	0	0	0	0	0	0	0	0
0.03	south35_active	80	932	424	206	212	226	114	423	397	401	63	69	164	139	131	61	32	20	62	29	25	77	27	27	19	10	14	23	38	40	58	9	56	9	9	9	18	29	19	11	10	5	5	3	8	13	10	12	11	7	0	2	7	1	2	3	0	6	5	2	0	2	2	1	0	3	3	3	2	1	1	1	0	2	2	4	0	0	0	1	2	0	2	1	0	2	0	0	1	1	0	0	0	0	0	1	0	1	0	0	2	0	0	2	0	0	0	1	0	0	0	0	0	0	0	0	0	0	1	1	0	3	0	0	0	1	0	0	0	0	0	0	0	0	0	0	0	0	0	0	0	0	0	0	1	0	0	0	0	0	0	0	0	0	0	0	0	0	0	0	0	0	0	0	0	0	0
0.03	south36_all	80	3580	1708	1018	761	591	505	715	617	623	257	210	263	220	229	132	128	98	125	81	81	118	68	86	52	50	31	54	62	61	99	38	78	26	28	33	28	74	40	24	21	20	12	16	19	18	20	14	17	17	12	5	5	8	10	6	3	11	10	17	4	8	6	6	3	8	6	10	4	2	6	2	3	5	4	3	0	0	2	4	3	1	3	3	2	2	0	2	2	2	5	1	0	0	3	0	0	1	1	0	2	1	0	1	0	0	3	1	0	0	0	0	0	0	0	0	0	0	2	0	1	0	0	0	0	1	0	0	0	0	0	0	0	0	0	0	0	0	0	0	0	4	0	0	1	0	2	1	0	0	0	0	0	0	0	0	0	0	1	0	0	0	1	0	0	0	0
0.03	south36_active	80	1030	443	216	195	223	107	529	449	505	64	77	182	133	162	64	49	28	61	28	26	79	33	32	20	13	12	25	39	39	81	7	65	9	9	16	16	60	29	12	10	12	7	5	8	12	12	11	9	7	1	2	4	0	2	2	0	6	4	13	0	2	2	1	0	2	2	4	2	1	0	1	0	0	3	3	0	0	0	1	2	0	2	2	0	1	0	0	1	0	1	0	0	0	2	0	0	0	0	0	2	0	0	1	0	0	1	1	0	0	0	0	0	0	0	0	0	0	1	0	0	0	0	0	0	1	0	0	0	0	0	0	0	0	0	0	0	0	0	0	0	4	0	0	1	0	0	0	0	0	0	0	0	0	0	0	0	0	0	0	0	0	1	0	0	0	0
0.03	south37_all	80	3686	1732	1005	808	642	459	914	802	883	259	232	360	240	275	154	130	117	137	71	80	108	72	90	52	63	43	60	87	72	183	37	78	25	28	33	34	103	38	21	21	21	16	20	18	20	19	13	27	22	11	6	6	8	9	8	3	13	9	15	8	7	6	8	4	7	6	13	5	2	3	5	1	6	8	3	0	1	2	4	3	1	1	1	3	1	1	2	0	2	3	0	0	0	3	1	1	1	1	0	1	2	1	2	0	0	3	0	0	0	1	0	0	0	0	0	0	0	1	0	0	0	0	13	0	1	0	0	1	0	0	0	0	0	0	0	0	0	0	0	0	4	0	0	1	0	1	1	0	0	0	0	0	0	0	0	0	0	1	0	0	0	1	0	0	0	0
0.03	south37_active	80	1235	486	282	209	286	107	756	643	763	70	101	281	158	207	81	55	43	72	26	22	79	35	47	17	24	21	34	67	51	159	9	67	8	9	15	21	86	27	11	10	12	10	5	6	16	10	9	22	11	1	2	3	1	3	4	0	10	3	13	3	1	2	0	1	0	2	9	3	2	0	3	1	2	7	3	0	0	0	1	2	0	1	1	1	1	1	0	0	0	1	0	0	0	2	0	1	0	0	0	1	1	0	1	0	0	2	0	0	0	1	0	0	0	0	0	0	0	0	0	0	0	0	13	0	1	0	0	1	0	0	0	0	0	0	0	0	0	0	0	0	4	0	0	1	0	0	0	0	0	0	0	0	0	0	0	0	0	0	0	0	0	1	0	0	0	0
0.03	south38_all	80	3707	1681	1015	839	636	491	1125	963	1149	274	237	427	251	403	180	125	108	158	78	86	139	74	90	47	68	53	58	87	70	219	43	129	24	32	34	32	116	44	16	18	23	17	13	16	25	18	16	26	22	11	8	16	11	7	6	4	14	8	26	9	4	4	7	4	7	4	11	2	3	1	9	3	3	7	3	0	2	4	5	1	1	1	1	4	1	1	2	0	0	5	1	0	0	3	1	2	2	1	1	1	1	1	9	0	0	3	0	0	1	1	0	1	0	0	0	0	2	0	4	0	0	0	13	0	1	0	0	1	0	0	0	0	0	0	0	0	0	0	0	0	4	0	0	0	0	1	1	0	0	0	0	0	0	0	0	0	0	1	0	0	0	1	0	0	0	0
0.03	south38_active	80	1437	501	313	216	307	133	989	822	1051	79	115	352	177	324	109	59	49	92	30	20	110	36	56	13	31	33	35	72	59	196	11	119	9	11	18	18	99	37	9	9	13	12	3	8	21	12	12	21	11	2	2	14	3	3	4	0	11	2	23	4	0	1	1	1	0	1	9	2	2	0	6	2	2	6	1	0	0	1	2	1	0	1	1	1	1	1	1	0	0	2	0	0	0	2	0	2	1	0	0	1	1	0	8	0	0	2	0	0	0	1	0	1	0	0	0	0	2	0	4	0	0	0	13	0	1	0	0	1	0	0	0	0	0	0	0	0	0	0	0	0	4	0	0	0	0	0	0	0	0	0	0	0	0	0	0	0	0	0	0	0	0	1	0	0	0	0
0.03	south39_all	80	3783	1748	1015	828	664	492	1343	1079	1452	276	261	473	270	466	182	131	110	171	72	88	155	82	97	49	68	60	63	87	84	227	34	166	25	39	29	33	103	66	13	16	27	14	17	17	30	13	19	27	18	9	12	38	9	9	5	7	15	7	29	7	2	4	6	5	4	3	7	3	3	0	9	3	5	8	3	0	2	6	4	3	1	1	4	2	1	1	2	0	0	3	1	0	1	1	1	2	1	1	1	0	1	1	9	1	0	3	0	0	1	1	0	1	0	0	0	0	2	0	5	0	0	0	14	0	0	0	0	2	0	0	0	0	1	0	0	0	0	0	0	0	0	0	0	0	0	0	1	0	0	0	0	0	0	0	0	0	0	0	0	0	0	1	0	0	0	0
0.03	south39_active	80	1618	554	335	214	346	152	1218	945	1356	88	139	397	204	391	117	64	54	120	35	18	125	48	61	12	33	43	38	75	68	215	14	156	11	11	17	17	88	56	6	8	13	10	4	10	26	8	15	25	9	2	5	36	3	4	5	1	11	1	27	4	0	1	1	4	1	0	6	1	2	0	7	2	3	6	1	0	0	3	2	3	0	0	4	1	1	1	1	0	0	2	0	0	0	0	0	2	1	1	0	0	1	0	8	1	0	1	0	0	0	1	0	1	0	0	0	0	2	0	5	0	0	0	14	0	0	0	0	1	0	0	0	0	1	0	0	0	0	0	0	0	0	0	0	0	0	0	0	0	0	0	0	0	0	0	0	0	0	0	0	0	0	1	0	0	0	0
0.03	south40_all	80	3751	1713	1048	807	669	509	1355	1128	1448	276	256	494	291	451	183	126	111	165	77	79	158	80	93	53	61	67	56	68	100	205	35	189	25	35	23	20	93	64	12	21	35	15	17	13	28	15	23	13	15	11	10	47	7	11	7	6	7	5	29	8	2	6	3	6	3	4	7	2	4	3	8	3	2	7	2	0	2	4	5	3	1	1	4	1	2	0	2	3	1	2	1	0	1	1	1	2	1	1	1	1	0	1	10	1	0	2	0	0	1	1	0	1	0	0	0	0	2	0	5	0	0	0	1	0	0	0	0	2	0	0	0	0	1	0	0	0	0	0	0	0	0	0	0	0	0	0	0	0	0	0	0	0	0	0	0	0	0	0	0	0	0	0	0	2	0	0
0.03	south40_active	80	1574	552	348	209	358	157	1228	1000	1351	96	133	421	218	382	120	57	53	113	38	23	126	45	61	11	29	47	33	56	86	194	18	182	15	12	15	9	81	54	4	6	21	9	2	7	25	7	17	10	7	1	6	45	2	5	4	1	5	1	24	5	1	4	2	4	1	1	5	0	1	0	7	2	1	5	0	0	0	3	3	3	0	0	4	0	2	0	1	0	1	1	0	0	0	0	0	2	1	1	0	0	0	0	10	1	0	0	0	0	0	1	0	1	0	0	0	0	2	0	5	0	0	0	1	0	0	0	0	1	0	0	0	0	1	0	0	0	0	0	0	0	0	0	0	0	0	0	0	0	0	0	0	0	0	0	0	0	0	0	0	0	0	0	0	2	0	0
