label	Group	numOtus	Otu0	Otu1	Otu2	Otu3	Otu4	Otu5	Otu6	Otu7	Otu8	Otu9	Otu10	Otu11	Otu12	Otu13	Otu14	Otu15	Otu16	Otu17	Otu18	Otu19	Otu20	Otu21	Otu22	Otu23	Otu24	Otu25	Otu26	Otu27	Otu28	Otu29	Otu30	Otu31	Otu32	Otu33	Otu34	Otu35	Otu36	Otu37	Otu38	Otu39	Otu40	Otu41	Otu42	Otu43	Otu44	Otu45	Otu46	Otu47	Otu48	Otu49	Otu50	Otu51	Otu52	Otu53	Otu54	Otu55	Otu56	Otu57	Otu58	Otu59	Otu60	Otu61	Otu62	Otu63	Otu64	Otu65	Otu66	Otu67	Otu68	Otu69	Otu70	Otu71	Otu72	Otu73	Otu74	Otu75	Otu76	Otu77	Otu78	Otu79	Otu80	Otu81	Otu82	Otu83	Otu84	Otu85	Otu86	Otu87	Otu88	Otu89	Otu90	Otu91	Otu92	Otu93	Otu94	Otu95	Otu96	Otu97	Otu98	Otu99	Otu100	Otu101	Otu102	Otu103	Otu104	Otu105	Otu106	Otu107	Otu108	Otu109	Otu110	Otu111	Otu112	Otu113	Otu114	Otu115	Otu116	Otu117	Otu118	Otu119	Otu120	Otu121	Otu122	Otu123	Otu124	Otu125	Otu126	Otu127	Otu128	Otu129	Otu130	Otu131	Otu132	Otu133	Otu134
0.03	north1_all	80	3516	1570	1056	2091	635	1162	1967	543	249	242	442	154	290	308	165	378	87	165	56	76	51	58	45	229	94	40	73	25	23	29	18	27	21	66	25	28	97	64	9	23	9	12	16	23	11	10	6	4	9	9	13	70	7	3	4	3	7	0	9	3	2	5	6	3	0	1	4	2	0	3	0	0	0	4	0	1	8	1	1	1	0	0	1	1	1	1	0	0	0	2	0	0	0	1	1	0	1	0	0	0	0	2	0	0	1	0	0	0	1	0	1	0	0	0	0	0	0	0	0	0	0	1	0	0	0	0	0	0	0	1	0	0	0	0	0
0.03	north1_active	80	1494	350	401	1824	315	1015	1861	425	79	142	365	46	245	253	111	349	52	143	10	30	12	30	13	222	78	17	57	6	6	15	9	18	6	57	13	20	93	60	4	20	4	6	12	22	8	6	3	1	5	9	11	68	5	1	3	1	5	0	9	1	1	2	6	3	0	0	3	2	0	2	0	0	0	4	0	1	6	0	1	1	0	0	0	0	1	0	0	0	0	2	0	0	0	0	1	0	0	0	0	0	0	0	0	0	0	0	0	0	1	0	0	0	0	0	0	0	0	0	0	0	0	0	0	0	0	0	0	0	0	0	0	0	0	0	0
0.03	north2_all	80	3580	1593	1077	2037	593	1240	1939	503	267	241	446	166	282	301	158	372	104	185	57	70	52	59	41	191	75	34	76	32	21	32	22	35	22	61	19	27	93	72	9	20	11	10	20	25	8	17	8	4	7	9	14	63	7	5	4	5	6	1	16	6	4	5	5	4	0	1	4	1	0	3	0	0	0	1	0	0	6	1	4	1	0	0	1	1	0	1	0	0	2	2	0	0	0	3	1	0	1	0	0	0	0	2	0	0	3	0	0	1	1	0	0	0	1	0	0	0	1	0	1	0	0	0	0	0	0	0	0	0	0	1	0	0	0	0	0
0.03	north2_active	80	1576	382	417	1749	297	1081	1836	393	83	143	362	45	239	245	105	345	59	159	11	29	14	28	13	185	64	16	67	9	8	20	9	26	7	53	10	19	88	70	2	15	6	5	10	22	6	10	4	1	5	8	11	61	3	2	1	3	4	1	16	5	2	2	4	3	0	0	3	1	0	2	0	0	0	1	0	0	6	0	4	1	0	0	0	0	0	0	0	0	2	2	0	0	0	0	1	0	0	0	0	0	0	0	0	0	2	0	0	0	1	0	0	0	1	0	0	0	1	0	0	0	0	0	0	0	0	0	0	0	0	0	0	0	0	0	0
0.03	north3_all	80	3641	1632	1091	2071	574	1165	2031	472	272	247	428	163	313	295	154	317	107	182	69	67	46	65	44	174	68	29	60	29	28	33	23	43	26	54	17	37	96	68	9	23	7	8	18	18	6	13	13	7	6	9	17	59	5	6	4	4	6	2	11	5	5	4	6	5	0	1	5	1	1	1	3	1	0	3	0	0	6	2	4	1	0	1	1	1	0	5	1	0	2	0	0	0	4	3	0	0	1	0	0	0	0	3	0	0	3	0	0	1	0	0	0	0	1	0	0	0	1	0	1	0	0	0	0	0	0	0	0	0	0	0	0	0	0	0	0
0.03	north3_active	80	1616	367	410	1800	301	992	1928	362	81	151	328	48	270	233	93	287	60	144	13	26	13	32	13	163	55	16	50	10	11	18	9	33	5	45	10	26	90	64	2	17	5	4	8	14	5	6	9	2	4	8	13	58	1	3	2	3	3	2	11	4	2	2	5	3	0	0	4	1	0	1	0	0	0	3	0	0	6	0	4	1	0	0	0	0	0	5	0	0	2	0	0	0	0	0	0	0	0	0	0	0	0	0	0	0	2	0	0	0	0	0	0	0	1	0	0	0	1	0	0	0	0	0	0	0	0	0	0	0	0	0	0	0	0	0	0
0.03	north4_all	80	3590	1597	1057	2035	541	1231	2093	512	268	242	382	157	319	298	153	279	133	197	79	69	58	63	45	165	70	27	69	33	26	32	25	45	23	91	20	32	108	63	10	23	10	9	20	24	3	12	20	7	5	7	26	24	4	5	9	8	8	3	19	5	9	2	4	2	1	2	13	2	2	1	4	2	0	3	0	2	4	1	4	1	0	1	1	1	1	5	1	0	2	0	0	0	4	3	0	0	0	0	0	2	0	1	0	0	2	0	0	1	0	0	0	0	1	0	0	0	1	0	1	0	0	0	0	0	0	0	0	0	0	0	0	0	0	0	1
0.03	north4_active	80	1651	365	399	1785	271	1056	2009	388	74	140	294	44	266	237	94	248	75	147	19	23	11	32	16	151	59	16	60	14	11	17	9	36	6	83	9	21	104	58	2	15	7	5	7	18	2	7	15	1	3	6	23	24	1	3	6	4	3	3	19	4	3	0	3	0	0	0	13	1	0	1	0	1	0	3	0	2	4	0	4	1	0	0	0	0	0	5	0	0	2	0	0	0	0	1	0	0	0	0	0	2	0	0	0	0	2	0	0	0	0	0	0	0	1	0	0	0	1	0	0	0	0	0	0	0	0	0	0	0	0	0	0	0	0	0	0
0.03	north5_all	80	3633	1577	1034	2137	552	1185	1955	515	275	269	387	155	337	281	153	284	127	193	80	54	59	62	42	209	66	35	57	28	29	24	28	39	20	90	17	28	121	51	7	22	7	14	16	24	5	13	19	12	4	6	17	24	5	2	9	5	7	2	11	4	8	0	3	5	1	3	10	1	3	0	4	3	2	3	0	2	0	1	15	0	0	2	0	2	1	5	1	0	0	0	0	2	4	2	0	0	0	0	0	2	0	1	0	0	0	0	0	0	0	0	0	0	0	0	0	0	1	0	0	0	0	0	0	0	0	0	0	0	0	0	0	0	0	1	1
0.03	north5_active	80	1682	374	394	1883	265	1012	1870	393	77	153	306	42	283	221	83	254	78	143	21	12	12	31	18	193	53	21	40	13	11	12	11	31	3	84	4	16	117	43	2	16	5	8	9	20	5	10	15	1	2	4	15	23	1	1	7	2	2	2	11	4	2	0	3	3	0	1	10	0	1	0	0	1	0	3	0	2	0	0	15	0	0	0	0	2	0	5	0	0	0	0	0	0	0	1	0	0	0	0	0	2	0	0	0	0	0	0	0	0	0	0	0	0	0	0	0	0	1	0	0	0	0	0	0	0	0	0	0	0	0	0	0	0	0	1	0
0.03	north6_all	80	3724	1542	1026	2060	584	1245	2017	527	260	269	423	168	349	286	157	333	105	172	73	63	62	69	39	255	64	35	63	21	35	21	32	41	19	81	21	24	111	57	12	32	10	21	16	20	7	8	15	10	7	5	20	14	7	1	8	5	5	2	15	4	6	0	4	3	1	2	9	3	2	0	4	3	2	1	0	2	2	0	15	0	1	1	0	2	1	0	0	0	0	0	0	2	2	1	0	0	0	1	0	2	0	0	1	0	0	0	0	0	0	0	0	0	0	0	0	0	0	0	0	0	1	0	0	0	0	0	0	0	0	0	0	0	0	1	1
0.03	north6_active	80	1681	357	385	1815	284	1097	1930	392	68	146	343	50	290	232	93	298	64	130	20	19	14	35	19	240	48	22	41	13	13	10	11	33	3	77	3	13	107	47	4	24	6	9	11	15	6	7	12	0	5	3	20	12	3	1	6	2	2	2	14	3	1	0	4	3	0	1	9	0	1	0	1	1	0	1	0	2	1	0	15	0	0	0	0	2	0	0	0	0	0	0	0	0	0	1	0	0	0	0	0	2	0	0	0	0	0	0	0	0	0	0	0	0	0	0	0	0	0	0	0	0	0	0	0	0	0	0	0	0	0	0	0	0	0	1	0
0.03	north7_all	80	3712	1556	1044	2121	588	1187	1893	526	254	275	432	176	381	283	142	352	89	166	65	59	53	63	41	236	57	36	70	23	35	22	26	36	19	69	17	28	100	62	12	35	8	17	15	20	9	11	6	8	8	7	8	17	7	0	9	3	3	1	9	9	3	0	4	10	1	1	1	2	1	0	2	1	3	1	0	2	3	0	15	0	2	1	0	2	1	0	0	0	0	0	0	2	0	1	0	0	0	1	0	0	0	0	1	0	0	0	0	1	0	0	0	1	0	0	0	0	0	0	0	0	1	0	0	0	0	0	0	0	0	0	0	0	0	1	0
0.03	north7_active	80	1640	367	406	1857	292	1058	1801	388	62	148	357	51	315	238	76	321	54	126	19	20	12	29	17	224	42	20	45	11	14	10	5	27	3	66	3	18	95	52	4	27	4	6	12	16	8	10	3	0	6	4	8	15	3	0	7	1	1	0	8	8	1	0	3	10	0	1	1	0	1	0	1	0	0	1	0	2	1	0	15	0	0	0	0	2	0	0	0	0	0	0	0	0	0	1	0	0	0	0	0	0	0	0	0	0	0	0	0	1	0	0	0	1	0	0	0	0	0	0	0	0	0	0	0	0	0	0	0	0	0	0	0	0	0	1	0
0.03	north8_all	80	3719	1611	1077	2170	623	1147	1903	549	233	297	450	184	398	294	137	331	82	162	75	67	52	58	48	245	52	35	62	24	38	33	25	33	23	44	15	24	80	67	13	34	13	18	21	12	9	12	5	5	8	7	11	19	7	1	4	4	4	1	12	9	3	0	6	13	0	1	2	2	2	1	1	1	2	0	0	0	3	0	0	0	3	1	0	3	0	0	0	0	0	0	0	1	0	0	0	0	0	1	0	0	0	1	1	0	0	0	0	1	0	0	0	1	0	0	1	0	0	0	0	0	1	0	0	0	0	0	0	0	0	0	0	0	0	0	0
0.03	north8_active	80	1614	368	423	1879	322	1004	1800	414	61	160	368	53	333	251	83	293	49	127	24	26	13	32	20	233	36	15	44	11	17	18	7	21	4	40	3	19	74	60	5	29	8	9	19	10	7	8	2	0	6	4	10	16	4	0	3	1	2	0	11	8	1	0	5	12	0	0	2	0	2	0	1	0	0	0	0	0	1	0	0	0	1	0	0	2	0	0	0	0	0	0	0	0	0	0	0	0	0	0	0	0	0	0	0	0	0	0	0	1	0	0	0	1	0	0	0	0	0	0	0	0	0	0	0	0	0	0	0	0	0	0	0	0	0	0	0
0.03	north9_all	80	3654	1597	1028	2112	609	1110	1854	527	251	288	407	162	363	319	149	326	87	145	80	75	54	54	52	252	71	40	63	30	30	32	25	28	19	72	18	27	71	72	9	29	17	10	22	12	9	16	3	6	5	9	11	24	4	2	3	5	3	1	14	5	3	1	14	11	0	3	5	2	2	1	1	1	1	0	0	0	3	0	1	0	2	1	0	1	0	5	0	0	0	1	2	0	0	0	0	0	1	0	0	1	0	1	1	0	0	0	0	1	0	0	0	2	0	0	2	0	0	0	0	0	1	0	0	0	0	1	0	0	0	0	0	0	0	0	0
0.03	north9_active	80	1588	379	377	1828	302	978	1747	386	70	159	327	43	298	270	91	289	59	116	24	34	14	28	20	237	56	14	45	11	12	16	6	14	6	68	7	23	64	68	3	23	9	7	20	11	5	11	1	1	4	5	10	22	1	1	1	1	1	0	12	5	1	1	12	10	0	0	5	2	2	0	1	0	0	0	0	0	1	0	1	0	1	0	0	0	0	5	0	0	0	1	1	0	0	0	0	0	0	0	0	0	0	0	0	0	0	0	0	1	0	0	0	1	0	0	1	0	0	0	0	0	0	0	0	0	0	1	0	0	0	0	0	0	0	0	0
0.03	north10_all	80	3603	1617	1029	2089	618	1128	1746	503	246	267	432	163	341	310	131	318	101	139	77	73	53	50	54	251	75	35	66	34	31	33	20	27	19	101	17	35	66	64	11	19	20	12	22	14	9	15	2	6	4	9	20	44	3	2	3	4	3	0	26	6	2	1	12	5	0	3	4	2	2	2	2	1	0	10	0	1	2	0	4	0	1	1	0	1	0	5	0	1	0	1	2	0	0	0	0	0	1	1	0	1	2	1	0	0	0	0	0	0	0	0	0	2	0	0	2	0	0	0	0	0	0	0	0	0	0	1	0	0	0	0	0	0	0	0	0
0.03	north10_active	80	1575	385	376	1791	291	984	1642	384	79	146	341	42	275	261	85	285	68	107	26	30	9	21	19	239	58	13	47	9	9	15	7	16	7	99	8	31	62	60	4	16	12	8	20	12	3	11	0	1	1	5	19	42	1	1	1	1	1	0	24	5	1	1	9	3	0	0	4	2	2	0	1	0	0	10	0	0	1	0	4	0	1	0	0	0	0	5	0	1	0	1	1	0	0	0	0	0	0	0	0	0	1	0	0	0	0	0	0	0	0	0	0	1	0	0	1	0	0	0	0	0	0	0	0	0	0	1	0	0	0	0	0	0	0	0	0
0.03	north11_all	80	3525	1582	1012	2130	565	1275	2155	532	239	277	384	160	278	314	138	282	98	160	51	53	67	70	46	257	72	35	89	33	30	30	26	32	25	80	17	27	73	67	16	19	14	12	12	12	15	14	12	6	5	10	13	45	4	6	5	3	3	1	9	4	1	3	5	2	1	2	2	2	4	3	0	2	1	5	1	0	0	2	1	2	0	2	0	0	0	5	0	0	0	0	3	0	0	0	1	1	0	0	0	0	0	1	0	0	1	0	0	0	0	0	0	0	0	0	0	0	0	0	0	0	0	0	0	0	0	1	0	0	0	0	0	0	0	0	0
0.03	north11_active	80	1602	350	363	1872	291	1133	2054	420	68	155	314	42	222	255	84	252	56	132	18	22	14	33	18	244	56	15	80	9	13	12	8	17	6	73	13	18	69	62	3	17	5	5	11	6	6	9	8	1	4	7	12	43	2	1	4	0	2	1	8	4	1	0	4	2	1	0	2	1	0	1	0	2	1	4	1	0	0	0	1	0	0	1	0	0	0	5	0	0	0	0	3	0	0	0	0	1	0	0	0	0	0	0	0	0	0	0	0	0	0	0	0	0	0	0	0	0	0	0	0	0	0	0	0	0	0	1	0	0	0	0	0	0	0	0	0
0.03	north12_all	80	3569	1571	1042	2114	565	1211	2105	536	224	262	455	175	299	313	130	282	115	163	52	54	79	68	42	224	88	45	88	29	25	29	20	27	27	67	21	30	73	96	15	19	18	9	32	10	14	12	11	3	8	11	7	11	7	6	6	2	5	1	16	3	1	3	7	2	1	1	0	1	3	2	2	0	2	1	0	1	1	1	2	1	0	1	0	0	0	5	0	0	2	0	3	0	2	0	1	1	0	0	0	0	0	1	0	0	1	0	0	0	0	0	0	0	0	0	0	0	0	0	0	0	0	0	0	0	0	1	0	0	0	0	0	0	0	0	0
0.03	north12_active	80	1632	351	393	1846	296	1074	2005	423	73	155	388	44	238	261	92	250	68	136	21	22	19	30	17	209	75	22	75	10	11	9	2	15	8	59	16	22	67	90	3	17	9	5	31	6	8	9	7	1	6	8	6	10	4	1	4	1	3	1	15	3	1	0	6	2	0	0	0	1	1	1	2	0	2	1	0	0	1	0	2	0	0	0	0	0	0	5	0	0	2	0	3	0	0	0	0	1	0	0	0	0	0	0	0	0	0	0	0	0	0	0	0	0	0	0	0	0	0	0	0	0	0	0	0	0	0	1	0	0	0	0	0	0	0	0	0
0.03	north13_all	80	3640	1540	999	2050	589	1192	2144	522	228	246	444	165	314	324	151	279	110	176	58	62	64	67	44	212	80	52	80	29	18	30	18	28	30	60	23	27	90	85	13	24	16	9	31	15	14	9	11	4	8	13	8	25	6	5	5	3	4	2	10	2	3	2	3	3	1	1	0	2	2	3	2	0	2	1	2	1	3	0	2	0	1	0	0	0	0	0	0	0	2	0	3	0	2	1	1	0	0	0	0	0	0	1	0	0	0	0	0	0	0	0	0	0	0	0	0	0	0	0	0	0	0	0	1	0	0	0	0	0	0	0	0	0	1	0	0
0.03	north13_active	80	1656	345	365	1762	306	1059	2031	408	79	144	387	42	254	278	104	248	64	146	24	28	17	32	18	200	65	24	67	8	7	10	3	18	7	53	15	21	82	79	4	21	10	5	29	9	8	7	7	1	4	10	8	24	3	1	3	1	3	0	10	2	2	0	3	3	0	0	0	2	1	1	2	0	2	1	0	0	3	0	2	0	0	0	0	0	0	0	0	0	2	0	3	0	0	0	0	0	0	0	0	0	0	0	0	0	0	0	0	0	0	0	0	0	0	0	0	0	0	0	0	0	0	0	1	0	0	0	0	0	0	0	0	0	0	0	0
0.03	north14_all	80	3640	1585	1046	2001	635	1224	2043	514	222	223	463	172	310	302	170	293	122	163	58	64	57	47	42	210	83	50	78	28	13	27	17	35	28	70	20	22	87	61	11	33	11	7	38	15	7	11	9	3	8	4	7	43	6	3	7	5	5	2	14	3	2	0	3	2	1	1	3	2	1	3	3	1	1	1	2	1	3	1	2	0	1	0	0	0	0	1	1	0	3	0	1	0	2	1	0	0	0	0	0	0	0	1	0	0	0	0	0	0	0	1	0	0	0	1	0	0	0	0	0	0	0	0	1	0	0	0	0	0	0	0	0	0	1	0	0
0.03	north14_active	80	1663	369	372	1727	328	1084	1926	403	76	131	409	40	244	251	113	258	81	136	18	30	21	19	19	194	74	26	59	9	5	11	3	18	6	62	13	17	80	56	4	30	7	3	34	11	4	8	7	0	4	4	6	43	3	2	4	2	3	0	14	3	1	0	3	1	0	0	3	2	1	0	3	1	1	1	0	0	3	1	1	0	0	0	0	0	0	0	0	0	3	0	1	0	0	0	0	0	0	0	0	0	0	0	0	0	0	0	0	0	0	1	0	0	0	0	0	0	0	0	0	0	0	0	1	0	0	0	0	0	0	0	0	0	0	0	0
0.03	north15_all	80	3660	1571	1000	2048	615	1281	2050	523	232	227	454	161	320	262	159	310	110	147	66	59	52	47	39	167	86	49	78	27	21	28	14	33	21	70	12	20	88	41	14	40	7	5	18	15	8	7	9	3	6	5	9	50	6	2	7	5	2	3	18	3	3	1	8	4	1	0	5	3	2	2	3	1	0	1	3	0	2	1	1	1	1	0	1	0	0	1	1	0	3	0	0	0	0	1	0	0	0	0	0	0	0	1	0	0	0	0	0	0	0	1	0	0	0	1	0	1	0	0	0	0	0	0	1	1	0	0	0	0	0	0	0	0	1	0	0
0.03	north15_active	80	1638	373	350	1770	313	1134	1937	419	83	128	395	39	266	210	98	266	72	117	21	30	19	20	13	152	76	22	59	10	7	15	3	17	4	63	7	17	83	35	7	36	4	3	13	10	3	4	9	0	1	5	6	50	4	1	5	2	1	0	18	3	2	0	8	2	0	0	5	3	1	0	3	1	0	1	1	0	2	1	0	0	0	0	1	0	0	0	0	0	3	0	0	0	0	0	0	0	0	0	0	0	0	0	0	0	0	0	0	0	0	1	0	0	0	0	0	0	0	0	0	0	0	0	1	1	0	0	0	0	0	0	0	0	0	0	0
0.03	north16_all	80	3620	1572	1005	2063	585	1308	2045	523	236	241	458	168	333	299	156	319	102	138	72	61	58	50	38	194	91	36	89	28	24	30	18	33	20	61	10	25	88	60	13	26	7	6	16	13	10	8	9	5	7	6	12	49	4	4	8	4	4	3	37	4	4	1	7	5	0	1	8	1	1	2	1	1	2	0	2	0	4	1	1	1	0	0	1	2	0	1	1	0	1	0	2	0	0	0	0	0	0	0	0	0	0	0	0	0	0	0	0	0	0	1	0	0	0	1	0	1	0	0	0	0	0	0	0	1	0	0	0	0	2	0	0	0	0	0	0
0.03	north16_active	80	1614	382	359	1800	291	1157	1939	419	74	137	394	42	281	248	99	273	64	107	14	27	23	22	12	183	80	18	68	14	9	20	4	20	4	55	4	21	84	54	5	24	3	4	8	7	6	4	8	1	2	6	9	49	2	2	6	2	2	1	36	4	3	0	7	3	0	0	8	1	0	0	1	1	2	0	2	0	3	1	0	0	0	0	1	2	0	0	0	0	1	0	2	0	0	0	0	0	0	0	0	0	0	0	0	0	0	0	0	0	0	1	0	0	0	0	0	0	0	0	0	0	0	0	0	1	0	0	0	0	0	0	0	0	0	0	0
0.03	north17_all	80	3611	1516	976	2099	590	1324	1949	504	225	234	451	157	328	315	155	305	108	162	79	55	53	52	46	227	87	30	83	32	31	29	20	26	18	65	10	28	64	67	14	19	10	12	12	10	9	7	16	5	7	13	10	38	6	6	4	3	3	2	41	5	4	1	15	6	1	1	8	2	1	0	4	0	2	0	2	1	2	2	0	1	0	0	2	2	0	0	0	0	0	1	2	0	1	1	0	0	0	2	0	0	0	0	0	0	0	0	0	0	0	1	0	0	0	0	0	1	0	0	0	0	0	0	0	1	0	0	0	0	2	0	0	0	0	0	0
0.03	north17_active	80	1596	375	349	1833	297	1167	1850	400	69	139	373	49	277	273	91	261	61	123	17	23	19	22	13	219	71	16	66	12	10	20	6	17	2	60	5	23	59	62	4	16	4	9	5	3	5	3	9	1	3	13	7	38	4	2	4	2	2	1	40	4	3	0	15	5	0	0	8	2	0	0	4	0	2	0	2	1	1	1	0	0	0	0	1	2	0	0	0	0	0	1	2	0	0	0	0	0	0	1	0	0	0	0	0	0	0	0	0	0	0	1	0	0	0	0	0	0	0	0	0	0	0	0	0	1	0	0	0	0	0	0	0	0	0	0	0
0.03	north18_all	80	3672	1528	998	2039	585	1263	1803	495	226	229	443	155	308	324	162	331	111	169	78	68	54	63	52	286	82	24	67	35	28	22	21	26	14	53	14	26	76	83	16	16	12	12	11	12	9	9	17	4	7	13	13	17	7	6	6	4	3	3	46	3	4	0	15	5	1	2	3	1	0	0	3	3	2	10	1	2	2	1	0	0	0	0	2	2	0	1	0	0	0	1	2	0	1	1	0	0	0	2	0	0	0	0	0	0	0	0	0	0	0	0	0	0	0	0	0	0	0	0	0	0	0	0	0	0	0	0	0	0	2	0	0	0	0	0	0
0.03	north18_active	80	1626	372	362	1783	289	1107	1709	378	66	146	370	47	255	282	96	286	63	137	13	26	20	28	18	282	60	15	52	12	9	12	4	19	1	49	9	20	71	78	5	13	7	8	5	4	5	3	9	2	3	12	11	17	3	2	6	3	2	1	45	1	2	0	15	5	0	0	3	1	0	0	3	3	2	10	1	2	1	0	0	0	0	0	0	2	0	0	0	0	0	1	2	0	0	0	0	0	0	1	0	0	0	0	0	0	0	0	0	0	0	0	0	0	0	0	0	0	0	0	0	0	0	0	0	0	0	0	0	0	0	0	0	0	0	0	0
0.03	north19_all	80	3664	1569	1003	2074	649	1196	1882	514	239	234	412	150	317	332	184	285	124	179	59	61	52	63	50	286	70	28	67	32	32	24	22	28	12	61	19	24	58	55	15	15	13	13	16	10	8	10	14	4	9	19	17	31	7	6	3	8	2	1	16	7	2	1	14	4	2	1	5	1	1	0	3	4	1	10	0	2	2	1	0	1	0	0	2	2	4	1	0	0	1	1	0	0	2	1	0	0	0	2	0	0	0	0	0	0	0	0	0	0	0	0	0	0	0	0	0	0	0	0	0	0	0	0	0	0	0	0	0	0	2	0	0	0	0	0	0
0.03	north19_active	80	1643	361	372	1822	322	1038	1781	387	72	141	322	46	253	291	101	253	66	144	13	23	15	24	23	279	46	17	52	8	11	12	2	20	2	56	13	19	54	50	5	12	9	6	9	5	4	4	6	2	5	17	16	31	3	1	3	6	2	0	16	3	0	1	14	4	0	0	5	1	0	0	3	4	0	10	0	2	0	0	0	0	0	0	0	2	4	0	0	0	1	1	0	0	0	0	0	0	0	1	0	0	0	0	0	0	0	0	0	0	0	0	0	0	0	0	0	0	0	0	0	0	0	0	0	0	0	0	0	0	0	0	0	0	0	0	0
0.03	north20_all	80	3631	1575	1013	2136	645	1244	2085	525	259	225	379	146	314	299	177	272	123	164	65	71	51	81	54	335	88	35	55	25	26	27	21	34	15	47	18	17	88	71	15	17	17	10	12	10	7	12	8	6	11	19	26	27	5	3	3	8	1	2	13	7	2	1	8	2	3	2	13	2	1	0	2	4	2	10	0	2	3	1	0	1	0	0	2	0	4	1	0	0	1	0	0	0	1	0	0	0	0	0	0	0	0	0	0	0	0	0	1	0	0	8	0	0	0	0	0	0	0	0	0	0	0	0	0	0	0	0	0	0	0	0	0	0	0	0	0
0.03	north20_active	80	1660	353	391	1863	316	1088	1970	393	75	134	306	42	255	257	96	248	63	127	15	29	16	29	22	326	61	21	40	5	9	9	2	27	5	42	13	12	82	67	5	11	10	4	9	5	3	6	2	2	7	16	24	27	1	0	2	7	1	0	12	4	0	1	8	2	1	1	13	1	0	0	1	4	1	10	0	2	2	1	0	0	0	0	0	0	4	0	0	0	1	0	0	0	0	0	0	0	0	0	0	0	0	0	0	0	0	0	1	0	0	8	0	0	0	0	0	0	0	0	0	0	0	0	0	0	0	0	0	0	0	0	0	0	0	0	0
0.03	south21_all	80	3876	3380	990	730	870	528	788	348	542	373	261	244	186	265	106	432	96	361	192	73	91	242	51	82	24	126	64	42	30	27	59	14	52	113	29	28	77	12	11	13	10	8	18	14	17	29	11	36	12	5	3	6	39	5	25	6	2	6	2	3	1	2	3	0	4	5	3	3	21	0	3	1	1	2	4	2	1	3	0	0	0	1	0	0	1	2	1	1	3	0	2	0	1	0	0	0	0	1	0	1	0	1	0	0	0	0	0	1	0	0	0	0	0	0	0	0	0	0	0	1	0	0	0	0	0	0	0	0	0	0	0	1	0	0	0
0.03	south21_active	80	2099	2754	312	188	636	261	645	172	441	275	191	148	127	217	37	397	47	344	171	47	69	227	14	60	11	113	48	25	15	13	48	5	44	107	23	25	72	10	4	9	1	3	16	10	12	25	6	35	4	3	1	4	38	1	22	3	0	4	2	1	0	0	2	0	2	3	0	1	21	0	2	0	1	0	1	1	0	0	0	0	0	1	0	0	0	0	1	0	3	0	2	0	1	0	0	0	0	1	0	0	0	1	0	0	0	0	0	0	0	0	0	0	0	0	0	0	0	0	0	1	0	0	0	0	0	0	0	0	0	0	0	0	0	0	0
0.03	south22_all	80	3901	3375	968	743	881	518	839	337	546	335	271	255	195	269	107	491	99	306	209	96	91	262	52	78	25	122	56	36	33	24	59	18	62	113	35	29	110	12	9	17	11	5	15	15	17	28	11	49	13	1	4	7	47	3	13	4	2	6	2	1	3	2	4	0	3	4	3	3	24	0	3	2	2	2	4	4	0	3	0	2	0	1	0	0	0	1	2	1	2	0	0	0	1	0	0	0	0	1	2	1	0	1	0	0	0	0	0	1	0	0	0	0	0	0	0	0	0	0	0	1	0	0	0	0	0	0	0	0	0	0	0	0	0	0	0
0.03	south22_active	80	2109	2742	278	196	650	275	712	168	451	253	190	154	124	220	38	453	48	289	190	62	62	247	15	57	12	109	39	20	16	10	49	5	54	106	29	23	104	9	3	12	2	1	11	10	12	23	5	47	6	0	1	3	46	1	11	2	0	4	2	0	1	0	2	0	2	3	0	1	24	0	2	0	2	0	1	3	0	0	0	2	0	1	0	0	0	0	2	0	2	0	0	0	1	0	0	0	0	1	2	0	0	1	0	0	0	0	0	0	0	0	0	0	0	0	0	0	0	0	0	1	0	0	0	0	0	0	0	0	0	0	0	0	0	0	0
0.03	south23_all	80	3956	3460	1005	744	879	507	790	335	573	355	278	248	225	273	107	504	78	336	193	97	99	261	47	66	35	99	67	29	31	31	66	19	79	92	38	22	118	11	10	16	10	7	6	19	16	34	9	52	9	1	5	9	54	5	23	5	2	7	3	2	3	2	2	1	3	4	1	3	18	1	2	2	1	2	2	4	1	1	1	2	0	1	0	0	0	1	2	0	3	0	0	0	0	0	0	0	0	0	2	0	0	1	0	0	0	0	0	0	0	0	0	0	0	0	0	0	0	0	0	1	0	0	0	0	0	0	0	0	0	0	0	0	0	0	0
0.03	south23_active	80	2150	2803	295	189	652	281	656	170	484	271	194	159	153	228	38	474	33	316	176	64	64	245	19	52	13	85	54	16	16	12	58	5	70	85	34	17	112	7	2	11	1	2	2	15	12	28	5	51	3	0	2	5	51	1	21	4	0	6	3	0	1	0	0	0	1	3	1	1	18	0	1	0	1	0	1	4	0	0	1	2	0	1	0	0	0	0	2	0	3	0	0	0	0	0	0	0	0	0	2	0	0	1	0	0	0	0	0	0	0	0	0	0	0	0	0	0	0	0	0	1	0	0	0	0	0	0	0	0	0	0	0	0	0	0	0
0.03	south24_all	80	3990	3477	1021	702	840	509	818	346	561	384	265	243	222	317	111	482	80	406	244	99	98	229	48	86	35	88	78	37	31	32	85	19	67	79	43	21	112	15	8	17	14	8	7	26	16	29	7	47	9	2	6	7	47	4	21	3	3	11	2	3	2	2	3	4	3	3	1	1	6	1	1	2	1	1	1	3	3	0	2	3	0	2	1	0	0	1	2	0	3	1	0	0	0	0	1	0	0	0	2	0	0	1	0	0	0	0	0	0	0	0	0	0	0	0	0	0	0	0	0	1	0	0	0	0	0	0	0	0	0	0	0	0	0	0	0
0.03	south24_active	80	2166	2825	301	162	598	299	678	173	466	299	171	161	146	258	44	456	36	381	229	67	65	215	16	71	13	76	62	18	18	14	76	5	62	74	38	12	107	9	2	12	2	2	4	21	14	27	5	46	2	0	3	3	44	0	20	3	0	8	2	0	1	2	0	3	1	2	1	0	6	0	1	1	1	0	0	3	1	0	2	2	0	0	1	0	0	1	2	0	3	0	0	0	0	0	1	0	0	0	2	0	0	1	0	0	0	0	0	0	0	0	0	0	0	0	0	0	0	0	0	1	0	0	0	0	0	0	0	0	0	0	0	0	0	0	0
0.03	south25_all	80	3946	3461	1007	694	823	464	845	314	552	413	275	221	214	291	109	468	91	418	249	93	90	235	55	93	44	96	70	38	28	32	101	17	60	88	48	29	118	15	8	11	18	12	16	22	13	22	9	39	5	4	7	8	37	5	27	3	3	9	3	3	1	2	2	5	4	1	3	2	6	2	2	3	0	1	0	1	3	0	2	1	0	2	1	0	0	1	1	0	3	1	0	0	0	0	1	0	0	0	0	0	1	1	0	0	0	0	0	0	0	0	0	0	0	0	0	0	0	0	0	0	0	0	0	0	0	0	0	0	0	0	0	0	0	0	0
0.03	south25_active	80	2112	2842	301	170	588	279	704	138	459	318	186	138	143	235	37	445	39	392	230	66	61	214	21	73	17	82	56	20	17	12	94	4	56	84	40	21	115	9	3	8	2	5	15	17	10	21	7	38	0	2	4	4	33	2	26	3	0	6	2	0	1	2	0	4	1	0	2	1	5	0	1	2	0	0	0	1	1	0	2	0	0	0	1	0	0	1	1	0	3	0	0	0	0	0	1	0	0	0	0	0	1	1	0	0	0	0	0	0	0	0	0	0	0	0	0	0	0	0	0	0	0	0	0	0	0	0	0	0	0	0	0	0	0	0	0
0.03	south26_all	80	3796	2935	959	658	731	454	714	288	497	361	233	176	170	263	117	359	89	314	199	75	82	220	52	93	44	72	70	33	24	32	84	12	49	89	40	24	80	16	12	11	16	13	20	24	14	16	11	20	3	4	6	9	23	7	17	3	4	15	3	3	0	3	1	6	5	1	3	3	5	1	2	2	0	0	0	3	3	1	1	1	1	2	1	0	0	2	0	1	2	1	0	0	0	0	1	0	0	0	0	0	1	0	0	1	0	0	1	0	0	0	0	0	0	0	0	1	0	0	0	0	0	0	0	0	0	0	0	0	0	0	0	0	0	0	0
0.03	south26_active	80	1837	2289	272	193	479	243	553	121	393	252	141	102	99	197	38	329	38	285	180	49	55	199	22	73	19	58	55	14	14	10	76	3	46	84	27	16	77	11	3	8	4	5	19	20	11	16	9	20	0	3	3	6	20	3	16	1	0	11	1	0	0	3	0	5	0	0	2	1	3	0	1	2	0	0	0	1	2	1	1	0	0	0	1	0	0	1	0	0	2	0	0	0	0	0	1	0	0	0	0	0	1	0	0	0	0	0	1	0	0	0	0	0	0	0	0	1	0	0	0	0	0	0	0	0	0	0	0	0	0	0	0	0	0	0	0
0.03	south27_all	80	3652	2540	1001	645	700	441	623	273	407	303	246	175	176	197	113	273	85	265	154	71	78	186	49	79	38	70	47	28	27	33	75	14	43	78	36	29	42	12	12	7	16	11	23	13	11	11	10	16	5	3	9	8	22	5	15	5	3	11	3	1	0	3	0	5	5	1	3	2	6	1	2	2	1	0	1	3	1	1	0	1	1	0	0	2	0	1	0	1	0	1	0	0	0	1	2	0	0	0	0	0	1	0	0	1	0	0	1	0	0	0	0	0	0	0	0	1	0	0	0	0	0	0	0	0	0	0	0	0	0	0	0	0	0	0	0
0.03	south27_active	80	1586	1822	279	204	423	213	446	85	291	188	142	97	96	141	38	233	32	238	125	45	45	159	20	59	16	53	31	13	13	12	67	2	36	72	24	21	39	7	3	3	3	3	22	12	5	10	7	15	1	3	4	5	18	4	14	1	0	8	1	0	0	2	0	4	1	0	1	1	4	0	1	1	1	0	0	1	1	1	0	0	0	0	0	0	0	0	0	0	0	0	0	0	0	0	1	0	0	0	0	0	1	0	0	0	0	0	1	0	0	0	0	0	0	0	0	1	0	0	0	0	0	0	0	0	0	0	0	0	0	0	0	0	0	0	0
0.03	south28_all	80	3507	2199	1002	682	674	431	557	254	407	257	241	164	175	179	115	234	77	204	133	70	86	127	43	70	43	63	45	32	26	30	41	16	41	60	33	17	39	9	10	10	13	11	11	11	12	13	12	10	4	2	10	7	17	3	10	5	4	11	2	1	0	2	1	3	7	1	3	1	4	0	2	2	2	0	1	4	3	1	0	1	2	0	0	2	0	1	1	1	0	0	0	0	0	1	1	0	0	0	0	0	0	0	2	1	0	1	1	0	0	0	0	0	0	0	0	1	0	0	0	0	0	0	0	0	0	0	0	0	0	0	0	0	0	0	0
0.03	south28_active	80	1424	1430	266	206	391	185	393	82	278	151	128	84	93	116	34	190	32	176	103	36	48	101	13	49	17	46	29	15	9	10	27	2	35	52	21	14	35	6	1	7	3	1	11	9	7	11	6	9	1	2	1	5	14	2	9	1	0	8	1	0	0	1	0	1	2	0	1	0	2	0	1	1	1	0	0	1	2	1	0	1	0	0	0	0	0	0	0	0	0	0	0	0	0	0	0	0	0	0	0	0	0	0	2	0	0	0	1	0	0	0	0	0	0	0	0	1	0	0	0	0	0	0	0	0	0	0	0	0	0	0	0	0	0	0	0
0.03	south29_all	80	3456	2275	1055	691	675	466	582	258	397	284	237	181	173	190	115	268	77	228	142	84	81	184	36	78	41	70	40	41	32	21	51	17	34	63	24	18	43	10	6	12	13	10	14	6	17	18	12	10	4	1	8	5	15	2	8	4	3	6	4	1	0	3	1	3	8	1	1	0	3	0	1	2	2	1	1	2	2	0	0	2	3	0	0	2	0	0	1	0	0	0	0	1	0	1	1	0	0	0	0	0	0	0	2	1	0	1	1	0	0	0	0	0	0	1	0	0	0	0	0	0	0	0	0	0	0	0	0	0	0	0	0	0	0	0	0
0.03	south29_active	80	1478	1492	275	170	400	209	422	80	271	168	128	93	92	117	29	233	31	192	110	48	45	156	8	52	16	54	21	21	10	9	36	2	27	57	15	14	35	7	1	7	2	3	13	4	11	14	3	9	1	1	1	4	13	1	6	1	0	4	2	0	0	2	0	1	2	0	0	0	1	0	1	1	1	0	0	1	1	0	0	2	0	0	0	0	0	0	0	0	0	0	0	1	0	0	0	0	0	0	0	0	0	0	2	0	0	0	1	0	0	0	0	0	0	0	0	0	0	0	0	0	0	0	0	0	0	0	0	0	0	0	0	0	0	0	0
0.03	south30_all	80	3614	2736	1036	709	727	487	714	266	468	373	248	215	176	243	114	436	75	314	148	85	74	228	37	86	44	89	59	43	31	20	59	19	47	91	19	20	54	16	4	12	16	9	19	16	12	22	14	21	3	1	8	5	15	2	10	1	1	3	7	2	0	8	2	2	6	2	4	0	2	0	2	1	1	1	2	1	2	1	0	4	2	0	0	1	0	0	1	0	1	0	0	1	0	0	0	0	0	0	1	0	0	1	2	0	0	1	0	1	0	0	0	0	0	1	0	0	0	0	0	0	0	0	0	0	0	0	0	0	0	0	0	0	0	0	0
0.03	south30_active	80	1786	2028	284	165	477	240	563	105	359	262	153	123	103	171	25	402	33	279	122	55	39	209	9	66	15	70	41	24	11	10	40	8	39	88	14	16	47	11	0	8	4	4	18	13	8	19	5	21	1	0	2	3	14	1	8	1	0	1	5	0	0	6	0	1	1	0	4	0	1	0	1	1	0	0	0	0	1	1	0	4	0	0	0	0	0	0	0	0	1	0	0	1	0	0	0	0	0	0	1	0	0	1	2	0	0	0	0	1	0	0	0	0	0	0	0	0	0	0	0	0	0	0	0	0	0	0	0	0	0	0	0	0	0	0	0
0.03	south31_all	80	4038	3348	1014	655	839	494	952	335	551	367	270	231	191	235	107	558	75	395	199	98	91	253	44	86	38	127	63	34	24	25	63	14	41	81	29	26	79	7	16	19	8	3	21	11	17	22	7	30	2	8	2	4	26	4	28	5	1	2	1	5	1	1	2	0	1	1	2	0	7	1	2	0	4	0	1	0	0	1	1	2	1	0	0	1	0	1	2	1	5	0	0	0	0	0	0	0	0	1	0	1	0	0	0	0	0	0	0	0	0	0	1	0	0	0	1	0	2	0	0	0	0	0	0	0	1	0	0	0	0	0	0	0	0	0	0
0.03	south31_active	80	2175	2712	315	160	622	275	784	147	451	281	180	138	125	183	30	527	42	368	177	68	56	234	16	71	14	119	56	23	8	11	56	3	34	76	28	18	73	3	4	13	2	1	19	8	12	17	2	28	2	3	1	2	26	0	28	2	0	2	0	2	1	1	0	0	1	0	1	0	6	1	1	0	3	0	0	0	0	0	0	1	0	0	0	0	0	0	1	1	5	0	0	0	0	0	0	0	0	1	0	1	0	0	0	0	0	0	0	0	0	0	0	0	0	0	0	0	2	0	0	0	0	0	0	0	1	0	0	0	0	0	0	0	0	0	0
0.03	south32_all	80	3948	3355	1035	671	791	502	937	328	519	350	275	215	223	273	122	586	81	417	203	93	91	291	36	84	37	125	57	39	27	30	68	10	45	91	30	31	72	13	12	20	9	2	22	13	16	24	5	75	4	5	4	4	25	4	21	5	4	2	2	3	2	4	2	0	1	0	2	0	3	2	3	0	4	1	0	0	2	3	1	1	1	0	0	0	0	1	2	1	2	1	0	0	0	0	0	0	0	2	0	1	1	0	0	0	0	0	0	0	0	2	1	0	0	0	0	0	2	0	0	0	0	0	0	0	1	0	0	0	0	0	0	0	0	0	0
0.03	south32_active	80	2083	2742	330	158	583	280	781	151	410	273	180	137	141	220	31	547	40	395	180	62	63	275	14	69	10	118	44	30	12	16	59	2	40	85	27	24	66	10	3	15	1	1	20	10	11	17	1	74	4	1	3	3	24	0	21	0	2	2	1	2	1	4	1	0	1	0	1	0	2	1	2	0	3	1	0	0	2	1	0	1	0	0	0	0	0	0	1	1	2	0	0	0	0	0	0	0	0	2	0	1	0	0	0	0	0	0	0	0	0	0	0	0	0	0	0	0	2	0	0	0	0	0	0	0	1	0	0	0	0	0	0	0	0	0	0
0.03	south33_all	80	3994	3347	957	676	773	512	913	343	531	354	291	212	250	260	126	530	85	438	204	105	82	273	31	89	38	126	65	45	27	24	83	12	53	85	32	26	67	14	7	21	11	2	23	11	8	20	2	72	6	6	4	6	24	6	9	5	4	2	3	3	2	8	1	1	1	0	3	1	3	3	3	1	1	1	0	0	2	3	1	1	3	0	1	0	0	0	2	0	1	1	0	0	0	0	0	0	0	2	0	1	1	0	0	0	0	0	0	1	0	2	1	0	0	0	0	0	0	0	0	0	0	0	0	0	0	0	1	0	0	0	0	0	0	0	0
0.03	south33_active	80	2126	2730	295	163	573	311	772	161	427	265	205	147	172	206	34	497	44	417	185	70	57	255	9	66	12	118	50	33	10	16	76	1	48	79	28	23	61	9	1	17	1	1	20	8	4	13	0	72	4	3	3	4	23	1	8	1	2	2	1	2	1	7	1	0	1	0	1	0	2	1	3	1	0	1	0	0	2	1	0	1	0	0	0	0	0	0	1	0	1	0	0	0	0	0	0	0	0	2	0	1	0	0	0	0	0	0	0	1	0	0	0	0	0	0	0	0	0	0	0	0	0	0	0	0	0	0	1	0	0	0	0	0	0	0	0
0.03	south34_all	80	4004	3377	950	700	800	538	829	344	555	380	279	223	267	259	104	497	99	462	181	99	85	285	46	80	40	131	62	42	35	33	68	19	47	71	48	20	55	22	9	18	14	6	24	13	14	30	0	87	6	7	3	7	10	6	7	8	5	1	2	0	2	8	1	1	1	1	2	1	3	3	2	1	7	1	1	0	2	3	0	0	3	1	3	0	0	0	1	0	0	1	0	0	0	0	0	0	0	2	1	1	1	0	0	0	0	0	0	1	0	2	0	0	0	0	0	0	0	0	0	0	0	0	0	0	0	0	1	1	0	0	0	0	0	0	0
0.03	south34_active	80	2149	2780	297	175	596	338	703	157	450	280	190	154	190	211	30	465	46	446	163	64	59	268	14	52	15	122	46	33	16	20	59	3	39	66	42	18	53	16	2	14	2	5	21	9	12	24	0	86	3	4	3	5	8	2	4	2	2	1	1	0	0	6	1	0	1	0	1	0	3	1	2	1	6	1	0	0	2	1	0	0	0	0	1	0	0	0	1	0	0	0	0	0	0	0	0	0	0	2	1	1	0	0	0	0	0	0	0	1	0	0	0	0	0	0	0	0	0	0	0	0	0	0	0	0	0	0	1	1	0	0	0	0	0	0	0
0.03	south35_all	80	3971	3365	917	706	849	528	859	323	565	387	290	211	246	233	100	447	104	486	139	101	73	259	53	68	36	110	54	36	31	30	58	20	53	82	57	24	43	23	6	17	12	7	17	13	16	37	2	54	7	6	2	4	9	5	8	7	3	1	1	3	1	7	0	1	2	4	2	1	4	1	2	1	7	1	1	0	0	0	0	0	2	2	3	0	0	0	1	0	0	1	1	0	0	0	1	0	0	0	1	0	0	0	0	0	0	0	0	1	0	1	0	0	0	0	0	0	0	0	0	0	0	1	0	0	0	0	1	1	0	0	0	0	0	0	0
0.03	south35_active	80	2142	2717	285	178	634	328	726	145	463	281	194	141	180	199	32	417	44	470	121	67	48	242	19	45	14	104	41	27	14	16	53	3	43	75	50	19	39	15	1	14	2	5	14	9	14	30	1	53	4	3	1	3	8	2	5	2	1	1	0	2	0	4	0	0	1	2	1	0	4	0	2	1	6	1	0	0	0	0	0	0	0	0	1	0	0	0	1	0	0	0	1	0	0	0	0	0	0	0	1	0	0	0	0	0	0	0	0	1	0	0	0	0	0	0	0	0	0	0	0	0	0	0	0	0	0	0	1	1	0	0	0	0	0	0	0
0.03	south36_all	80	3889	3265	954	707	886	556	806	317	534	366	250	225	201	216	101	404	88	401	125	89	65	240	60	61	34	108	52	35	30	33	38	24	36	77	45	26	21	31	6	19	12	9	18	16	18	36	3	36	6	5	1	5	16	5	12	5	4	1	4	3	4	3	1	1	3	5	2	0	2	1	2	1	6	0	1	0	1	1	2	0	0	2	3	0	0	0	2	0	7	0	1	0	1	0	1	0	0	1	1	0	0	0	0	0	0	0	0	1	0	0	0	0	0	0	0	0	0	1	0	0	0	1	0	0	0	0	0	1	0	0	0	1	0	0	0
0.03	south36_active	80	2028	2592	286	179	636	326	670	131	443	258	152	145	147	180	29	372	33	380	104	59	42	226	24	45	15	93	37	26	15	18	30	5	26	71	41	20	19	19	1	16	2	5	15	10	15	30	2	33	3	2	0	3	13	2	10	1	1	1	1	2	0	1	0	0	2	2	2	0	2	0	1	1	6	0	0	0	0	0	1	0	0	0	2	0	0	0	1	0	7	0	1	0	0	0	0	0	0	0	1	0	0	0	0	0	0	0	0	1	0	0	0	0	0	0	0	0	0	0	0	0	0	0	0	0	0	0	0	1	0	0	0	0	0	0	0
0.03	south37_all	80	3716	2942	964	708	808	563	755	294	443	333	239	205	206	224	122	347	81	367	134	88	68	217	55	53	33	89	47	36	26	27	49	20	38	79	38	23	20	27	5	14	8	12	19	12	9	22	5	30	5	7	2	3	15	6	10	7	4	6	4	5	5	4	2	1	3	4	3	0	1	0	2	2	0	0	1	0	2	1	2	0	0	1	1	0	0	0	1	0	7	0	1	0	2	0	1	0	0	1	0	0	0	0	0	0	0	0	0	1	0	0	0	0	0	0	0	0	0	1	0	0	0	1	0	0	0	0	0	0	0	0	1	1	0	0	0
0.03	south37_active	80	1841	2239	267	167	534	316	624	123	350	231	144	124	147	172	35	312	27	350	104	56	43	199	24	43	17	73	34	20	12	13	38	4	29	75	34	15	17	17	2	9	2	3	15	9	6	19	3	26	3	3	0	2	13	4	10	0	1	6	1	3	1	1	1	0	2	2	2	0	1	0	1	1	0	0	0	0	1	0	1	0	0	0	1	0	0	0	0	0	7	0	1	0	1	0	0	0	0	0	0	0	0	0	0	0	0	0	0	1	0	0	0	0	0	0	0	0	0	0	0	0	0	0	0	0	0	0	0	0	0	0	0	0	0	0	0
0.03	south38_all	80	3670	2668	980	714	778	520	655	292	383	312	235	211	192	209	130	332	77	259	134	76	75	175	56	62	36	92	45	50	28	30	57	21	42	84	30	21	34	26	7	17	5	14	13	9	8	15	5	25	5	7	3	6	13	5	11	7	5	12	5	4	6	5	3	1	3	1	2	2	1	0	2	2	0	0	0	0	3	1	3	0	0	0	1	0	0	0	2	0	7	0	0	0	2	0	0	0	0	1	0	0	0	0	0	0	0	0	0	1	0	0	0	0	0	0	0	0	0	1	0	0	0	0	1	0	0	0	0	0	0	0	1	1	0	0	0
0.03	south38_active	80	1706	1955	258	161	498	262	515	121	289	211	145	128	125	149	33	299	27	239	101	50	46	159	19	46	17	71	32	27	12	13	43	5	35	82	23	15	31	18	1	10	1	3	10	7	5	15	4	21	1	5	1	2	11	3	11	1	1	11	2	3	2	3	1	0	3	0	1	0	1	0	1	1	0	0	0	0	2	0	1	0	0	0	1	0	0	0	1	0	7	0	0	0	1	0	0	0	0	0	0	0	0	0	0	0	0	0	0	1	0	0	0	0	0	0	0	0	0	0	0	0	0	0	0	0	0	0	0	0	0	0	0	0	0	0	0
0.03	south39_all	80	3618	2365	945	711	728	477	573	287	337	289	232	192	184	193	129	294	86	267	119	66	72	117	50	65	39	72	51	47	27	31	60	22	39	60	26	16	40	20	12	14	4	16	13	9	8	12	8	26	6	9	3	6	11	4	5	6	8	13	4	3	4	4	2	1	4	1	3	2	2	1	2	3	0	0	0	0	3	1	1	1	0	0	0	0	0	0	1	0	3	0	0	0	1	0	1	0	0	0	0	0	0	0	0	0	0	0	0	1	1	0	0	0	0	0	0	0	0	1	0	0	0	0	1	0	0	0	0	0	0	0	1	0	0	0	0
0.03	south39_active	80	1653	1647	238	137	434	227	425	114	232	194	149	109	107	128	34	265	30	241	86	41	46	104	13	48	14	50	34	23	11	11	46	5	30	56	18	11	35	16	1	8	1	5	9	7	5	10	4	23	2	6	1	3	8	3	5	1	2	11	2	2	2	3	1	0	3	0	1	0	2	1	1	1	0	0	0	0	2	1	0	1	0	0	0	0	0	0	1	0	3	0	0	0	1	0	0	0	0	0	0	0	0	0	0	0	0	0	0	1	1	0	0	0	0	0	0	0	0	0	0	0	0	0	0	0	0	0	0	0	0	0	0	0	0	0	0
0.03	south40_all	80	3656	2355	977	722	721	461	579	280	355	302	245	201	180	233	120	292	86	243	106	77	73	142	55	69	47	73	65	54	24	29	48	23	49	51	29	19	46	18	13	11	5	15	11	13	10	11	8	25	5	9	3	8	12	4	4	5	8	9	3	4	5	3	2	1	4	1	2	2	3	1	2	1	0	1	0	0	2	2	1	1	1	0	0	0	1	0	1	0	4	0	0	0	1	0	1	0	0	0	0	0	0	0	0	0	0	0	0	0	1	0	0	0	0	0	0	1	0	0	0	0	0	0	1	0	0	0	0	0	0	0	0	0	0	0	0
0.03	south40_active	80	1697	1637	258	144	453	208	415	106	253	213	156	113	96	171	38	261	29	215	78	46	46	132	11	50	12	56	39	29	11	9	37	5	40	46	19	16	36	12	2	5	2	6	7	10	6	9	4	23	2	5	1	4	9	3	4	1	1	6	2	2	3	3	0	0	3	0	1	0	3	1	1	0	0	0	0	0	1	1	0	1	0	0	0	0	0	0	1	0	3	0	0	0	1	0	0	0	0	0	0	0	0	0	0	0	0	0	0	0	1	0	0	0	0	0	0	0	0	0	0	0	0	0	0	0	0	0	0	0	0	0	0	0	0	0	0
