label	Group	numOtus	Otu0	Otu1	Otu2	Otu3	Otu4	Otu5	Otu6	Otu7	Otu8	Otu9	Otu10	Otu11	Otu12	Otu13	Otu14	Otu15	Otu16	Otu17	Otu18	Otu19	Otu20	Otu21	Otu22	Otu23	Otu24	Otu25	Otu26	Otu27	Otu28	Otu29	Otu30	Otu31	Otu32	Otu33	Otu34	Otu35	Otu36	Otu37	Otu38	Otu39	Otu40	Otu41	Otu42	Otu43	Otu44	Otu45	Otu46	Otu47
0.03	north1_all	80	8613	4001	4366	1343	2361	706	1020	404	471	548	159	226	186	79	49	43	43	37	60	23	59	5	12	16	13	5	7	6	6	5	3	1	0	2	3	0	15	1	1	1	1	0	0	2	0	0	0	0
0.03	north1_active	80	2081	1778	3495	292	2045	329	856	218	366	472	75	182	153	39	13	11	23	18	49	6	57	0	9	13	7	3	3	4	5	3	1	1	0	0	2	0	15	1	0	1	1	0	0	2	0	0	0	0
0.03	north2_all	80	8654	3984	4242	1323	2385	693	968	426	470	528	157	252	180	84	45	43	47	36	64	22	54	7	10	15	15	4	5	9	5	4	3	1	0	1	2	0	16	0	1	1	2	0	0	2	0	0	0	0
0.03	north2_active	80	2113	1756	3389	298	2064	332	812	225	388	457	78	210	140	37	10	10	27	17	54	5	48	0	7	12	10	2	2	7	4	2	1	1	0	0	2	0	16	0	0	1	2	0	0	2	0	0	0	0
0.03	north3_all	80	8662	3952	4127	1271	2390	706	958	413	488	474	169	291	195	83	44	43	56	34	60	23	60	10	7	14	23	3	9	10	4	1	1	1	0	0	2	0	14	0	1	2	1	0	0	2	0	0	0	0
0.03	north3_active	80	2182	1737	3295	291	2061	343	798	231	415	400	86	247	159	34	10	9	37	15	51	4	54	1	4	11	20	1	5	8	4	1	1	1	0	0	2	0	14	0	0	2	1	0	0	2	0	0	0	0
0.03	north4_all	80	8722	3873	4079	1243	2298	683	931	446	496	459	179	313	198	82	50	43	47	24	47	24	42	9	6	15	20	2	10	9	6	0	4	0	0	0	1	1	1	0	1	2	1	0	0	0	0	0	0	0
0.03	north4_active	80	2159	1725	3276	294	1979	342	776	266	415	383	87	262	165	40	11	7	35	9	39	7	35	1	2	13	18	1	6	9	4	0	3	0	0	0	0	0	1	0	0	2	1	0	0	0	0	0	0	0
0.03	north5_all	80	8600	3826	4071	1269	2349	687	954	429	507	510	182	299	202	72	47	38	46	31	41	17	55	7	7	15	45	5	7	7	4	2	4	0	0	0	1	1	0	2	1	1	1	1	0	0	0	0	0	0
0.03	north5_active	80	2125	1694	3301	302	2035	332	775	254	421	435	88	238	168	37	10	7	33	15	31	5	52	1	3	12	42	4	5	6	1	1	3	0	0	0	0	0	0	2	0	1	0	0	0	0	0	0	0	0
0.03	north6_all	80	8574	3801	4214	1286	2382	694	983	406	482	531	190	254	146	83	52	36	42	35	45	14	63	9	9	12	36	7	7	5	6	2	4	1	1	1	2	2	0	2	0	0	1	1	0	4	0	0	0	0
0.03	north6_active	80	2095	1672	3397	295	2096	337	805	233	382	458	85	198	114	40	11	6	30	19	35	4	60	1	6	8	33	6	6	4	3	1	3	0	1	1	1	0	0	2	0	0	0	0	0	4	0	0	0	0
0.03	north7_all	80	8505	3772	4154	1307	2432	698	987	394	492	558	182	254	164	76	51	45	45	39	42	15	69	9	13	16	37	9	5	5	4	3	2	1	2	2	2	3	0	2	0	1	1	1	0	4	0	0	0	0
0.03	north7_active	80	2098	1651	3308	315	2144	322	806	207	391	485	78	205	134	38	16	9	32	24	30	5	68	1	7	13	35	5	3	4	3	1	1	0	2	1	1	1	0	2	0	0	0	0	0	4	0	0	0	0
0.03	north8_all	80	8604	3838	4091	1309	2417	681	951	409	497	540	176	241	174	85	54	49	34	37	37	14	51	8	16	14	7	6	5	6	2	1	2	4	2	2	1	2	0	0	0	1	1	0	0	5	0	0	0	0
0.03	north8_active	80	2141	1640	3245	295	2118	311	781	208	402	473	80	202	140	38	15	15	25	21	27	5	48	1	7	11	7	3	3	5	2	0	1	3	2	1	1	1	0	0	0	0	0	0	0	5	0	0	0	0
0.03	north9_all	80	8706	3974	4123	1322	2328	700	932	442	532	583	161	252	194	88	57	51	37	35	31	20	48	8	14	22	15	7	6	3	6	1	1	3	1	1	1	1	4	0	0	1	0	0	0	5	0	0	0	0
0.03	north9_active	80	2187	1715	3279	306	2012	318	748	240	432	513	85	202	161	42	18	16	25	24	24	5	45	3	3	21	13	2	4	2	6	0	0	3	1	0	1	1	4	0	0	0	0	0	0	5	0	0	0	0
0.03	north10_all	80	8724	4035	4081	1313	2386	657	959	440	529	550	178	252	192	89	54	51	46	31	34	18	47	8	13	17	18	4	9	3	5	2	1	4	1	0	0	0	6	0	0	0	0	0	0	1	0	0	0	0
0.03	north10_active	80	2159	1762	3264	294	2067	292	768	247	439	478	89	197	152	39	13	18	26	22	29	4	42	3	3	15	16	1	5	2	4	2	0	4	1	0	0	0	6	0	0	0	0	0	0	1	0	0	0	0
0.03	north11_all	80	8650	3803	3846	1390	2314	691	903	391	507	484	159	198	159	64	55	42	44	31	35	22	45	8	11	13	14	5	4	4	4	5	2	3	2	0	1	1	2	1	1	26	0	0	0	0	0	0	0	1
0.03	north11_active	80	2229	1529	2948	361	1961	283	712	205	396	389	82	163	116	31	17	10	30	19	30	8	41	2	5	9	10	3	3	3	4	5	1	2	0	0	0	0	2	1	0	26	0	0	0	0	0	0	0	1
0.03	north12_all	80	8651	3795	3365	1350	1880	673	807	385	463	445	154	191	158	55	51	44	34	34	33	20	33	9	12	15	12	1	6	3	5	2	2	4	2	1	1	0	0	1	4	18	0	0	0	0	0	0	0	1
0.03	north12_active	80	2432	1334	2426	396	1509	259	594	191	346	347	69	146	108	19	15	10	17	16	24	6	30	3	6	12	9	1	3	2	5	2	1	2	0	1	0	0	0	1	3	18	0	0	0	0	0	0	0	1
0.03	north13_all	80	8578	3786	2937	1295	1479	659	692	375	375	337	162	177	156	65	52	55	32	31	25	21	35	9	9	9	11	2	8	4	3	1	3	2	1	2	0	0	0	1	5	1	0	0	0	0	0	0	0	1
0.03	north13_active	80	2642	1176	1960	424	1104	220	470	169	245	254	61	116	99	18	13	19	12	14	15	10	32	3	5	7	8	1	2	3	3	1	0	0	0	1	0	0	0	1	4	1	0	0	0	0	0	0	0	1
0.03	north14_all	80	8479	3753	2722	1269	1328	628	629	354	321	308	150	153	135	69	53	68	29	36	19	22	31	13	6	11	7	4	11	4	4	0	3	3	1	2	1	0	0	0	5	1	0	0	1	0	0	0	0	0
0.03	north14_active	80	2702	1094	1701	429	948	209	408	147	186	219	48	88	88	19	11	23	11	12	7	7	27	6	2	10	5	0	3	3	4	0	1	1	0	1	0	0	0	0	4	1	0	0	0	0	0	0	0	0
0.03	north15_all	80	8451	3833	3046	1239	1692	627	730	373	373	383	164	189	156	85	52	68	28	35	37	21	35	16	11	13	7	5	10	5	4	0	4	6	1	1	1	0	0	0	5	0	0	0	1	0	1	0	0	0
0.03	north15_active	80	2515	1275	2095	391	1336	223	515	165	245	289	63	135	105	33	10	21	16	9	26	7	30	7	3	12	5	1	5	3	4	0	1	1	1	0	0	0	0	0	4	0	0	0	0	0	0	0	0	0
0.03	north16_all	80	8436	3827	3451	1261	2042	620	883	380	455	438	166	212	139	78	49	61	31	34	43	24	35	14	10	16	12	5	10	6	4	1	3	5	1	0	2	0	0	3	1	0	0	0	1	0	1	0	0	0
0.03	north16_active	80	2298	1460	2540	364	1685	247	685	185	336	341	68	167	105	29	10	16	23	13	33	7	30	4	2	15	9	2	6	3	2	0	1	1	1	0	1	0	0	3	0	0	0	0	0	0	0	0	0	0
0.03	north17_all	80	8565	3906	3838	1282	2300	635	959	419	482	484	180	240	203	75	52	53	36	34	41	19	31	15	9	25	11	10	8	3	4	2	2	5	1	0	2	1	0	3	1	0	0	0	1	0	1	0	0	0
0.03	north17_active	80	2200	1688	3016	324	1979	286	771	235	376	407	88	202	160	32	11	13	25	13	32	2	29	4	2	20	9	7	7	1	2	0	1	0	1	0	2	0	0	3	0	0	0	0	0	0	0	0	0	0
0.03	north18_all	80	8641	3910	3988	1286	2437	642	1051	442	479	464	169	231	211	62	53	48	40	35	45	25	54	12	8	23	12	10	6	4	6	4	2	1	1	0	2	1	0	3	1	0	0	0	0	0	1	0	0	0
0.03	north18_active	80	2151	1786	3204	291	2103	303	865	249	390	393	89	191	175	25	11	11	24	14	33	1	50	1	3	16	10	7	6	2	4	0	1	0	1	0	2	0	0	3	0	0	0	0	0	0	0	0	0	0
0.03	north19_all	80	8716	3982	3977	1290	2485	635	1009	436	464	488	171	229	217	62	60	51	41	31	33	23	61	9	9	17	12	10	5	2	6	5	1	5	0	0	2	1	0	3	1	1	0	0	0	0	0	0	1	0
0.03	north19_active	80	2183	1781	3193	286	2153	321	810	258	375	419	85	187	179	27	16	10	22	10	19	1	58	1	4	8	11	7	5	1	5	0	1	3	0	0	2	0	0	3	0	1	0	0	0	0	0	0	1	0
0.03	north20_all	80	8727	4019	4052	1242	2541	657	989	456	465	522	154	241	206	54	62	41	40	28	35	19	71	11	9	15	16	10	7	2	8	5	0	4	0	1	1	0	0	0	1	1	0	1	0	0	0	0	1	0
0.03	north20_active	80	2172	1766	3236	274	2209	319	782	266	369	438	77	188	167	25	21	9	18	10	20	1	64	3	3	9	14	6	5	1	6	0	0	3	0	1	1	0	0	0	0	1	0	1	0	0	0	0	1	0
0.03	south21_all	80	13826	3594	2423	3347	893	634	475	324	283	218	145	186	99	107	52	31	36	35	31	20	36	11	11	8	5	2	3	6	5	1	5	3	4	2	1	1	1	2	0	0	2	0	0	0	0	0	0	0
0.03	south21_active	80	10039	857	1215	2851	342	293	193	92	116	97	34	147	32	78	35	2	3	26	12	5	32	7	2	3	4	0	2	2	2	1	0	2	1	1	1	0	1	0	0	0	1	0	0	0	0	0	0	0
0.03	south22_all	80	14565	3627	2469	3775	918	601	504	343	279	234	147	226	98	114	51	35	39	35	22	17	29	12	10	9	5	3	3	5	2	2	3	2	4	1	2	1	1	1	0	0	2	1	0	1	0	0	0	0
0.03	south22_active	80	10896	884	1291	3291	378	291	235	107	120	115	36	188	37	81	31	6	6	31	7	5	26	9	1	5	4	0	2	2	0	2	0	1	1	0	1	0	1	0	0	0	1	0	0	1	0	0	0	0
0.03	south23_all	80	15349	3562	2488	4246	939	631	510	335	273	231	160	244	97	108	72	42	31	40	18	25	26	16	6	8	4	1	10	7	0	2	6	1	4	1	1	0	0	0	0	0	0	1	0	1	0	0	0	0
0.03	south23_active	80	11755	848	1338	3777	412	330	242	109	137	124	43	203	32	70	43	8	5	33	8	5	23	11	2	6	3	0	8	2	0	2	1	0	1	0	0	0	0	0	0	0	0	0	0	1	0	0	0	0
0.03	south24_all	80	15882	3619	2524	4597	948	683	517	362	265	212	164	249	95	102	78	44	36	46	23	26	22	13	8	7	2	5	13	7	3	1	6	1	2	0	1	0	0	0	0	0	0	1	1	1	0	0	0	0
0.03	south24_active	80	12366	847	1410	4168	433	374	257	121	133	119	49	209	27	65	47	12	6	40	9	8	19	7	2	7	0	2	10	0	0	1	1	0	0	0	0	0	0	0	0	0	0	0	0	1	0	0	0	0
0.03	south25_all	80	16080	3706	2394	4574	934	764	487	352	267	210	172	253	82	105	83	49	27	43	28	27	21	11	13	7	2	8	15	7	3	1	5	1	1	0	1	0	0	0	0	0	0	2	1	1	0	0	0	0
0.03	south25_active	80	12658	861	1328	4167	424	433	227	118	132	117	52	210	25	70	60	15	6	34	11	5	18	4	3	7	0	3	11	0	0	1	1	0	0	0	1	0	0	0	0	0	0	0	0	1	0	0	0	0
0.03	south26_all	80	16005	3724	2447	4575	960	779	513	332	279	216	153	267	87	117	75	52	38	59	40	27	42	9	14	4	5	8	16	7	3	0	3	2	1	1	2	0	0	0	0	0	0	1	2	0	0	0	0	0
0.03	south26_active	80	12603	854	1348	4166	430	446	258	115	130	114	51	230	28	79	55	15	6	48	17	5	39	5	4	4	2	3	13	0	0	0	0	0	0	0	2	0	0	0	0	0	0	0	1	0	0	0	0	0
0.03	south27_all	80	15420	3693	2415	4212	996	757	498	327	283	232	141	262	91	108	72	41	39	49	38	28	41	10	14	9	5	8	7	5	0	1	0	2	0	1	2	1	0	1	0	0	0	1	1	0	0	0	0	0
0.03	south27_active	80	11908	884	1289	3792	432	394	243	111	122	111	44	222	35	72	46	11	6	37	19	5	36	5	4	7	3	2	5	0	0	0	0	0	0	0	2	0	0	1	0	0	0	0	1	0	0	0	0	0
0.03	south28_all	80	14528	3686	2408	3695	1012	688	491	318	289	226	124	240	101	114	80	45	45	56	36	25	47	11	9	11	5	5	5	3	1	1	0	3	2	2	2	1	0	1	0	0	0	0	1	0	0	0	0	0
0.03	south28_active	80	10852	872	1258	3269	420	343	236	93	128	109	39	200	33	68	42	13	7	37	17	3	43	6	3	8	3	1	4	1	0	0	0	2	1	1	2	0	0	1	0	0	0	0	1	0	0	0	0	0
0.03	south29_all	80	13648	3664	2294	3454	958	696	480	338	286	214	121	199	106	91	81	31	44	48	31	21	29	13	11	11	4	5	6	3	2	2	0	3	2	3	1	1	0	2	0	0	0	0	1	0	0	0	0	0
0.03	south29_active	80	9837	859	1144	3027	359	341	217	87	128	103	37	148	36	54	38	11	7	30	13	3	25	6	1	7	2	1	4	1	0	0	0	2	1	2	1	0	0	1	0	0	0	0	1	0	0	0	0	0
0.03	south30_all	80	13297	3668	2331	3174	914	686	486	339	266	198	133	208	91	83	72	38	44	46	27	11	26	13	12	13	2	6	5	2	3	2	0	4	2	3	0	0	0	1	0	0	0	0	0	0	0	0	0	0
0.03	south30_active	80	9467	850	1124	2747	332	336	233	79	118	90	39	157	27	47	33	10	10	30	9	0	20	6	2	8	0	2	2	1	0	1	0	2	1	2	0	0	0	0	0	0	0	0	0	0	0	0	0	0
0.03	south31_all	80	14009	3685	2325	3414	941	655	455	350	265	232	139	222	78	109	73	52	48	36	19	19	38	14	7	9	11	9	3	2	1	3	1	1	2	0	0	5	2	0	0	0	0	1	0	0	0	0	0	0
0.03	south31_active	80	10152	907	1178	2981	357	329	184	100	104	106	46	173	22	79	43	11	10	25	6	5	30	6	2	7	7	1	2	0	0	0	1	0	1	0	0	2	1	0	0	0	0	0	0	0	0	0	0	0
0.03	south32_all	80	15069	3649	2426	3881	965	698	448	343	271	228	140	230	91	104	69	53	50	41	12	21	40	10	11	6	11	9	2	3	2	5	2	1	3	0	0	4	1	0	1	0	0	1	0	0	0	2	0	0
0.03	south32_active	80	11304	879	1277	3450	406	363	207	101	108	123	54	182	31	79	41	12	11	29	5	7	33	4	2	4	6	1	1	0	0	0	2	0	2	0	0	2	1	0	1	0	0	0	0	0	0	2	0	0
0.03	south33_all	80	15877	3674	2489	4168	983	733	470	361	271	208	147	248	91	87	64	53	49	51	12	18	44	11	12	7	10	3	3	4	4	6	2	2	2	1	0	3	0	1	1	0	0	1	0	0	0	2	0	0
0.03	south33_active	80	12191	897	1369	3746	433	385	231	115	126	104	59	208	31	66	41	10	13	38	7	5	36	5	3	5	6	0	1	0	0	1	1	0	2	1	0	2	0	1	1	0	0	0	0	0	0	2	0	0
0.03	south34_all	80	16651	3752	2498	4359	979	744	471	350	276	216	156	250	99	90	71	49	45	43	19	15	45	11	11	7	9	4	2	4	4	6	2	2	2	2	1	2	0	1	1	0	0	1	0	0	0	2	0	0
0.03	south34_active	80	13031	921	1397	3934	430	412	232	118	135	113	55	212	41	67	49	10	11	33	11	3	37	7	4	5	8	0	1	0	1	1	1	0	2	2	0	1	0	1	1	0	0	0	0	0	0	2	0	0
0.03	south35_all	80	16354	3735	2456	4495	988	724	489	353	280	223	156	251	88	103	70	41	51	40	23	16	50	9	10	4	6	2	4	1	3	3	1	3	1	2	2	2	0	1	0	1	0	1	0	0	0	2	0	0
0.03	south35_active	80	12709	884	1380	4057	443	385	235	129	142	115	55	213	34	80	45	8	15	32	12	3	43	5	4	3	5	0	3	0	1	1	0	0	1	2	1	1	0	1	0	1	0	0	0	0	0	2	0	0
0.03	south36_all	80	16324	3688	2490	4594	959	720	473	340	268	226	141	273	93	120	61	36	47	39	21	17	49	7	9	6	8	4	5	1	4	1	1	1	0	3	3	2	0	1	0	1	0	1	0	0	0	0	0	0
0.03	south36_active	80	12681	872	1406	4133	437	376	233	112	138	112	53	238	34	92	39	4	13	30	11	3	46	4	4	4	6	2	4	0	1	1	0	0	0	2	2	1	0	0	0	1	0	0	0	0	0	0	0	0
0.03	south37_all	80	16264	3618	2453	4735	925	703	489	330	280	229	153	262	89	103	66	35	45	48	23	17	53	6	9	6	5	5	5	2	2	0	1	1	1	2	2	0	0	1	1	1	0	1	0	0	0	0	0	0
0.03	south37_active	80	12699	827	1385	4280	422	385	217	105	135	112	63	227	29	84	39	6	12	37	10	5	49	3	3	2	3	2	4	0	0	0	0	0	0	1	2	0	0	0	0	1	0	0	0	0	0	0	0	0
0.03	south38_all	80	16375	3686	2463	4728	902	712	483	332	299	215	167	245	104	109	56	36	37	51	22	19	61	10	12	8	8	5	3	4	2	0	2	1	1	3	2	0	0	1	1	0	0	0	0	0	0	0	0	0
0.03	south38_active	80	12827	875	1398	4298	402	376	209	96	136	98	64	205	40	85	38	10	5	38	10	7	58	7	5	4	2	2	2	2	0	0	1	0	0	2	1	0	0	0	0	0	0	0	0	0	0	0	0	0
0.03	south39_all	80	16285	3754	2435	4622	890	732	488	338	283	195	173	219	105	103	72	41	37	58	23	22	47	9	11	8	11	5	5	5	0	2	2	0	1	1	1	0	0	1	1	0	0	0	0	0	0	0	0	0
0.03	south39_active	80	12790	895	1369	4241	397	400	211	107	128	81	62	178	39	75	50	11	4	42	11	4	44	6	6	4	5	3	5	3	0	0	1	0	0	1	0	0	0	0	0	0	0	0	0	0	0	0	0	0
0.03	south40_all	80	16494	3675	2412	4474	915	753	489	336	288	187	164	220	110	113	74	38	38	51	26	24	41	10	15	7	13	4	9	4	0	2	2	1	0	1	4	1	0	0	0	0	2	0	0	0	0	0	0	0
0.03	south40_active	80	12927	875	1349	4075	410	404	212	115	141	80	53	181	46	80	53	13	7	39	14	5	36	6	6	4	7	2	8	3	0	0	1	0	0	1	1	0	0	0	0	0	2	0	0	0	0	0	0	0
