label	Group	numOtus	Otu0	Otu1	Otu2	Otu3	Otu4	Otu5	Otu6	Otu7	Otu8	Otu9	Otu10	Otu11	Otu12	Otu13	Otu14	Otu15	Otu16	Otu17	Otu18	Otu19	Otu20	Otu21	Otu22	Otu23	Otu24	Otu25	Otu26	Otu27	Otu28	Otu29	Otu30	Otu31	Otu32	Otu33	Otu34	Otu35	Otu36	Otu37	Otu38	Otu39	Otu40	Otu41	Otu42	Otu43	Otu44	Otu45	Otu46	Otu47	Otu48	Otu49	Otu50	Otu51	Otu52	Otu53	Otu54	Otu55	Otu56	Otu57	Otu58	Otu59	Otu60	Otu61	Otu62	Otu63	Otu64	Otu65	Otu66	Otu67	Otu68	Otu69	Otu70	Otu71	Otu72	Otu73	Otu74	Otu75	Otu76	Otu77	Otu78	Otu79	Otu80	Otu81	Otu82	Otu83	Otu84	Otu85	Otu86	Otu87
0.03	north1_all	80	4235	1629	1079	1471	964	385	440	270	357	198	126	132	252	167	66	53	82	58	54	43	110	30	20	94	19	57	14	14	39	44	13	7	7	6	8	6	19	2	13	4	6	18	7	4	5	6	0	3	8	1	3	2	1	0	0	3	2	0	2	0	0	0	1	0	0	0	0	0	0	0	0	0	0	0	0	0	0	0	0	0	15	0	0	0	0	0	0	0
0.03	north1_active	80	2344	516	463	1208	750	133	299	106	279	109	43	37	211	136	10	13	55	10	19	9	100	6	10	86	5	55	8	2	35	43	10	2	5	1	1	2	19	0	13	4	2	17	5	2	4	3	0	3	7	1	3	2	1	0	0	1	1	0	0	0	0	0	0	0	0	0	0	0	0	0	0	0	0	0	0	0	0	0	0	0	15	0	0	0	0	0	0	0
0.03	north2_all	80	4247	1632	1114	1532	970	378	432	274	372	196	129	121	260	171	80	59	74	56	45	42	111	28	20	95	27	67	15	12	37	40	24	10	9	5	7	10	12	1	22	11	5	14	5	5	3	4	0	4	2	1	3	3	0	1	1	2	0	1	2	0	0	0	1	0	0	0	1	0	0	0	0	0	0	0	0	0	0	0	0	0	15	0	0	0	0	0	0	0
0.03	north2_active	80	2350	532	498	1283	759	140	310	108	293	120	46	34	217	124	14	18	47	7	14	4	101	4	9	84	11	64	8	1	33	40	22	3	6	0	1	7	12	0	22	11	2	13	3	3	2	3	0	4	1	1	3	3	0	0	0	0	0	1	0	0	0	0	0	0	0	0	0	0	0	0	0	0	0	0	0	0	0	0	0	0	15	0	0	0	0	0	0	0
0.03	north3_all	80	4296	1647	1115	1551	962	397	442	278	390	181	129	119	258	157	87	57	58	52	41	38	131	23	26	78	29	62	17	11	33	25	28	11	11	5	6	15	15	3	28	15	4	10	3	6	5	3	5	17	5	1	2	4	0	2	1	2	0	8	0	0	2	0	1	0	0	0	1	0	0	0	0	0	0	0	0	0	0	0	0	0	0	0	0	0	0	0	0	0
0.03	north3_active	80	2450	550	525	1297	748	155	317	127	313	106	47	35	211	110	18	19	32	11	10	6	124	3	13	68	11	58	9	1	27	25	25	3	9	1	1	8	15	0	28	15	1	8	3	5	3	3	5	17	5	1	2	4	0	1	0	0	0	8	0	0	0	0	0	0	0	0	0	0	0	0	0	0	0	0	0	0	0	0	0	0	0	0	0	0	0	0	0	0
0.03	north4_all	80	4315	1632	1104	1593	969	394	441	285	386	182	136	113	258	141	85	70	47	48	36	39	126	21	18	71	29	56	17	12	29	29	45	7	12	5	7	12	23	3	23	16	5	17	6	6	6	1	8	17	5	1	2	2	0	2	1	0	0	8	0	1	2	0	0	0	0	0	1	0	0	0	0	0	0	0	0	0	0	0	0	0	0	0	0	0	0	0	0	0
0.03	north4_active	80	2450	522	541	1319	748	145	301	119	304	106	45	31	219	84	23	23	23	12	8	10	116	3	7	64	14	49	7	0	23	27	39	1	8	3	0	7	23	1	23	16	2	15	3	6	5	1	8	17	5	1	1	2	0	1	0	0	0	8	0	1	0	0	0	0	0	0	0	0	0	0	0	0	0	0	0	0	0	0	0	0	0	0	0	0	0	0	0	0
0.03	north5_all	80	4352	1689	1093	1649	1012	398	446	263	367	191	147	124	276	128	79	60	54	49	34	34	150	18	29	72	19	70	14	8	36	23	45	8	19	4	6	10	15	5	22	10	5	16	6	7	12	2	8	13	5	1	2	5	0	1	1	0	0	7	0	1	2	0	0	0	0	1	1	0	0	0	0	0	0	0	0	0	0	0	0	0	0	0	0	0	0	0	0	0
0.03	north5_active	80	2464	531	529	1355	772	143	298	105	286	114	47	36	240	78	25	23	29	12	7	11	137	3	15	67	8	63	7	0	26	21	40	2	14	4	0	6	15	2	20	9	1	14	3	6	11	2	8	13	5	1	1	5	0	1	0	0	0	7	0	1	0	0	0	0	0	0	0	0	0	0	0	0	0	0	0	0	0	0	0	0	0	0	0	0	0	0	0	0
0.03	north6_all	80	4337	1678	1080	1617	1078	388	436	254	354	220	137	135	247	153	79	60	68	52	35	39	164	19	31	60	20	74	13	8	33	30	38	6	13	6	5	4	23	4	5	7	6	13	5	10	13	1	8	0	3	2	2	4	0	0	0	1	0	0	0	1	0	0	1	1	0	1	1	0	0	1	0	0	0	0	0	0	0	0	0	1	0	0	0	0	0	0	0	0
0.03	north6_active	80	2423	505	516	1332	853	136	277	94	264	137	40	44	218	101	19	21	38	11	8	17	150	2	14	59	7	65	4	0	23	28	35	1	9	5	0	2	21	2	3	6	1	13	2	9	13	1	8	0	3	1	1	4	0	0	0	1	0	0	0	1	0	0	0	1	0	0	0	0	0	1	0	0	0	0	0	0	0	0	0	0	0	0	0	0	0	0	0	0
0.03	north7_all	80	4350	1600	1066	1680	1056	372	442	260	366	212	156	138	245	167	79	63	69	53	41	43	158	21	36	76	23	61	9	7	33	31	36	8	11	5	7	6	16	3	22	5	4	28	3	8	30	2	5	1	2	3	0	6	0	0	1	1	0	0	0	1	0	17	1	1	0	1	1	1	0	1	0	0	0	0	0	0	0	0	0	1	0	0	0	0	0	0	0	0
0.03	north7_active	80	2456	472	496	1387	831	134	290	90	280	135	49	52	213	119	13	16	37	7	10	20	144	1	16	72	11	52	3	0	24	29	35	1	9	2	2	3	12	1	18	4	0	26	1	7	30	1	5	0	2	2	0	6	0	0	1	1	0	0	0	1	0	17	0	1	0	0	0	0	0	1	0	0	0	0	0	0	0	0	0	0	0	0	0	0	0	0	0	0
0.03	north8_all	80	4247	1636	1094	1713	1019	369	458	272	378	220	163	133	227	187	80	61	65	55	40	45	131	23	40	62	30	56	15	8	30	32	20	9	4	6	7	8	20	3	18	7	4	22	5	10	21	2	4	2	6	5	2	3	0	2	2	1	0	4	0	1	0	19	1	1	0	0	1	2	0	1	0	0	0	0	0	0	0	0	0	1	0	0	0	0	0	0	0	0
0.03	north8_active	80	2412	472	523	1436	793	133	308	93	291	130	63	53	196	140	12	14	34	8	10	16	122	2	15	55	14	49	7	0	21	31	19	3	3	1	2	4	16	1	16	6	1	20	3	10	21	1	4	1	6	2	1	3	0	1	2	1	0	4	0	1	0	19	0	1	0	0	0	0	0	1	0	0	0	0	0	0	0	0	0	0	0	0	0	0	0	0	0	0
0.03	north9_all	80	4227	1566	1076	1675	930	375	459	265	403	199	170	124	261	199	82	73	68	43	45	39	152	25	34	71	28	67	17	11	25	31	31	9	9	7	9	8	11	3	20	6	4	23	5	12	29	1	4	3	6	5	3	4	0	2	2	1	0	4	0	1	0	19	0	0	0	0	0	2	0	0	1	0	0	0	0	0	0	0	0	0	0	0	0	0	0	0	0	0
0.03	north9_active	80	2373	481	495	1408	698	145	315	95	315	108	66	46	230	149	15	18	32	7	10	12	141	3	14	63	16	61	10	1	21	29	26	2	8	0	3	3	8	1	18	6	1	21	3	10	28	0	4	2	6	2	2	4	0	1	2	1	0	4	0	1	0	19	0	0	0	0	0	0	0	0	0	0	0	0	0	0	0	0	0	0	0	0	0	0	0	0	0	0
0.03	north10_all	80	4249	1660	1074	1628	908	385	453	252	404	204	172	124	257	178	83	65	65	42	39	37	94	20	32	60	28	69	20	16	25	30	36	7	10	9	11	8	19	3	23	14	4	11	7	10	33	1	1	2	8	6	4	4	0	2	1	1	1	5	0	0	0	2	1	0	0	0	0	1	0	0	1	0	0	0	0	0	0	0	0	0	0	0	0	0	0	0	0	0
0.03	north10_active	80	2340	513	479	1362	676	153	318	88	315	104	61	47	221	137	20	20	29	7	11	10	80	5	16	52	13	66	12	1	23	28	29	2	7	2	3	4	19	1	23	14	3	10	5	8	32	0	1	2	8	2	3	3	0	1	1	0	1	5	0	0	0	2	0	0	0	0	0	0	0	0	0	0	0	0	0	0	0	0	0	0	0	0	0	0	0	0	0	0
0.03	north11_all	80	4205	1632	1058	1609	931	382	489	212	429	203	117	111	230	138	68	55	69	43	43	32	158	23	31	85	31	99	26	17	29	25	20	9	13	7	11	12	30	2	17	5	2	24	11	14	20	5	2	1	2	1	6	1	0	3	1	1	0	2	1	1	0	2	0	1	0	0	0	0	0	0	0	0	0	1	0	0	0	0	0	0	7	1	0	0	0	0	0	0
0.03	north11_active	80	2346	486	484	1360	691	135	341	78	320	113	46	40	201	104	11	16	37	15	19	7	152	4	14	79	17	95	15	6	21	23	15	2	13	3	3	9	28	2	15	5	1	23	7	14	20	5	1	1	2	0	6	1	0	0	1	0	0	2	0	1	0	2	0	1	0	0	0	0	0	0	0	0	0	0	0	0	0	0	0	0	7	0	0	0	0	0	0	0
0.03	north12_all	80	4222	1563	1086	1555	922	380	451	207	404	204	135	114	231	147	67	62	76	49	32	24	176	25	40	72	34	121	23	13	20	27	36	9	8	6	10	10	27	4	18	3	2	23	11	13	28	6	3	1	3	3	6	2	0	1	1	1	0	4	1	2	0	2	0	0	0	0	0	0	0	0	0	0	0	1	0	0	0	0	0	0	0	1	0	0	0	0	0	0
0.03	north12_active	80	2333	462	516	1293	700	130	303	74	304	119	51	35	205	113	13	18	46	16	12	7	166	4	17	67	16	116	13	1	14	21	31	2	8	3	3	10	26	2	17	3	1	22	7	13	27	6	2	1	3	2	6	2	0	0	1	0	0	4	0	2	0	2	0	0	0	0	0	0	0	0	0	0	0	0	0	0	0	0	0	0	0	0	0	0	0	0	0	0
0.03	north13_all	80	4229	1595	1098	1587	884	388	443	231	393	224	128	117	228	150	69	69	82	47	35	24	178	25	39	77	28	82	24	18	22	20	33	9	10	7	8	11	29	4	19	3	3	24	6	9	21	6	4	1	5	4	0	1	0	1	2	1	0	4	2	1	1	2	0	0	0	0	0	1	0	0	0	0	0	0	0	0	0	0	0	0	0	0	0	0	0	0	0	0
0.03	north13_active	80	2305	484	508	1322	682	140	303	84	302	134	47	36	204	117	14	21	56	18	13	6	169	4	18	73	13	77	13	1	17	15	29	1	8	3	1	11	29	1	18	3	1	24	5	9	20	6	2	1	5	3	0	1	0	0	1	0	0	4	1	1	0	2	0	0	0	0	0	0	0	0	0	0	0	0	0	0	0	0	0	0	0	0	0	0	0	0	0	0
0.03	north14_all	80	4263	1574	1110	1622	872	396	445	239	379	213	134	125	239	164	77	69	84	39	41	25	152	21	31	101	19	105	18	18	25	27	26	9	12	6	9	10	21	3	14	1	5	9	6	4	19	3	3	3	6	5	3	2	0	1	1	0	0	3	1	1	1	0	0	6	0	1	0	2	0	0	0	0	0	0	0	0	1	0	0	0	0	0	0	0	0	0	0	0
0.03	north14_active	80	2338	474	510	1347	659	146	315	96	303	125	50	40	209	128	16	25	58	11	14	8	142	4	13	98	5	97	9	2	20	21	21	2	10	0	1	7	21	0	14	1	2	9	6	3	18	3	2	2	6	3	3	2	0	0	0	0	0	3	1	1	0	0	0	6	0	1	0	0	0	0	0	0	0	0	0	0	1	0	0	0	0	0	0	0	0	0	0	0
0.03	north15_all	80	4257	1551	1092	1619	895	404	478	245	394	214	130	100	212	169	81	75	71	43	42	23	107	19	31	116	16	95	22	17	20	35	21	6	11	10	12	10	11	1	11	3	5	13	5	5	5	1	3	4	8	2	5	4	1	0	1	0	0	1	2	0	2	0	0	6	0	1	0	2	0	0	0	0	0	0	0	0	1	0	0	0	0	0	1	0	0	0	0	0
0.03	north15_active	80	2327	490	488	1375	692	155	347	103	318	122	51	31	179	130	18	31	49	9	13	6	97	4	17	112	3	87	9	1	16	32	15	1	9	1	3	6	11	0	11	3	3	13	5	4	4	1	2	2	6	1	5	4	0	0	0	0	0	1	1	0	0	0	0	6	0	1	0	0	0	0	0	0	0	0	0	0	1	0	0	0	0	0	1	0	0	0	0	0
0.03	north16_all	80	4367	1553	1052	1614	943	392	490	242	393	206	124	115	228	157	66	70	73	41	51	22	105	21	32	139	18	78	17	13	26	38	19	6	12	14	9	8	4	2	5	4	6	26	4	6	5	4	0	6	7	1	8	5	1	0	0	0	0	6	1	0	1	0	0	6	0	1	0	1	0	0	0	0	0	0	0	0	1	0	0	0	0	0	1	0	0	0	0	0
0.03	north16_active	80	2434	490	480	1364	713	147	349	102	310	119	50	38	186	119	13	28	43	6	11	9	100	4	19	134	5	70	9	2	22	36	14	1	10	3	3	2	3	0	4	3	4	26	4	5	4	3	0	4	5	0	8	5	0	0	0	0	0	6	0	0	0	0	0	6	0	1	0	0	0	0	0	0	0	0	0	0	1	0	0	0	0	0	1	0	0	0	0	0
0.03	north17_all	80	4312	1575	1076	1676	966	396	479	245	367	206	129	117	260	140	61	67	79	46	48	22	122	26	36	111	22	70	21	12	28	53	34	8	6	14	9	4	7	7	9	7	3	27	4	6	10	5	0	5	6	1	16	5	2	1	0	0	0	6	1	0	1	0	0	1	0	1	0	0	0	0	0	0	0	0	0	0	0	0	0	0	0	0	1	7	0	0	0	0
0.03	north17_active	80	2414	480	491	1429	732	143	331	106	277	115	51	44	216	109	14	25	43	5	14	7	115	7	23	105	10	64	9	2	24	51	31	0	4	4	3	1	5	3	8	5	2	27	3	5	9	3	0	4	3	0	16	5	0	0	0	0	0	6	0	0	0	0	0	0	0	1	0	0	0	0	0	0	0	0	0	0	0	0	0	0	0	0	1	7	0	0	0	0
0.03	north18_all	80	4332	1625	1087	1676	935	369	460	256	374	200	128	129	271	119	65	59	75	47	50	25	130	28	35	125	23	84	18	11	34	42	50	11	14	11	5	6	12	8	12	7	3	25	3	4	9	5	0	4	4	2	14	1	1	1	0	1	1	6	0	0	1	0	0	1	1	0	0	0	0	0	0	0	0	0	0	0	0	0	0	0	0	0	1	7	0	0	0	0
0.03	north18_active	80	2432	489	498	1406	696	129	319	110	291	108	48	44	227	92	19	24	34	5	13	9	119	9	22	116	13	80	8	3	29	37	48	0	11	4	2	4	9	3	10	5	1	24	0	4	9	3	0	3	2	1	14	1	0	0	0	1	0	6	0	0	0	0	0	0	1	0	0	0	0	0	0	0	0	0	0	0	0	0	0	0	0	0	1	7	0	0	0	0
0.03	north19_all	80	4265	1590	1098	1688	927	382	437	261	361	206	133	131	283	117	65	65	63	47	49	31	197	23	30	158	23	86	17	14	33	51	46	9	24	4	5	4	14	8	22	8	2	17	3	7	9	4	0	5	4	2	20	9	1	3	0	1	1	0	1	0	0	1	0	1	2	0	0	0	0	0	0	0	0	0	0	0	0	0	0	0	0	0	0	7	0	0	0	0
0.03	north19_active	80	2434	456	500	1405	709	132	295	115	289	122	44	46	237	88	17	24	27	9	13	9	184	7	16	149	10	78	9	4	26	43	41	0	21	1	2	4	12	3	20	4	0	16	0	7	9	2	0	4	2	1	20	9	0	0	0	1	0	0	1	0	0	1	0	0	1	0	0	0	0	0	0	0	0	0	0	0	0	0	0	0	0	0	0	7	0	0	0	0
0.03	north20_all	80	4231	1605	1095	1643	909	389	427	256	386	211	143	141	299	113	63	60	58	52	47	37	168	21	28	120	20	79	13	21	35	48	33	7	31	2	4	4	16	5	21	10	3	24	3	11	1	1	0	6	3	2	10	9	0	4	0	1	1	0	1	0	0	1	0	1	3	0	0	0	0	0	0	0	0	0	0	0	1	0	0	0	0	0	0	0	0	0	0	0
0.03	north20_active	80	2405	488	498	1340	684	129	297	110	285	130	46	46	248	75	16	24	24	8	16	8	155	7	10	107	9	72	6	6	30	41	27	0	26	0	1	4	15	3	18	7	2	23	0	11	1	1	0	5	2	1	10	9	0	0	0	1	0	0	1	0	0	1	0	0	1	0	0	0	0	0	0	0	0	0	0	0	1	0	0	0	0	0	0	0	0	0	0	0
0.03	south21_all	80	3462	1919	1026	688	474	397	587	236	204	191	186	115	109	142	75	65	59	53	104	94	49	26	31	26	25	18	15	15	10	13	13	6	10	4	6	4	1	10	10	4	5	11	8	3	0	0	0	1	1	2	1	1	0	1	0	2	1	0	2	1	0	0	0	0	0	0	0	0	1	1	0	0	0	1	0	0	0	0	0	0	0	0	1	0	0	0	0	1
0.03	south21_active	80	685	1014	382	256	98	107	430	42	39	51	102	30	48	97	51	28	11	26	80	86	23	9	11	16	9	2	5	10	2	1	7	3	6	3	0	0	0	3	8	2	2	7	7	2	0	0	0	1	0	0	1	0	0	0	0	1	0	0	2	0	0	0	0	0	0	0	0	0	1	1	0	0	0	1	0	0	0	0	0	0	0	0	1	0	0	0	0	0
0.03	south22_all	80	3421	1967	1046	680	499	409	631	204	196	200	183	118	112	140	85	71	63	58	110	109	50	29	34	33	26	16	19	23	13	11	10	8	8	1	6	6	3	9	10	3	3	9	4	3	0	0	2	1	1	2	1	1	0	0	0	2	0	0	3	0	0	0	0	1	0	0	0	0	1	1	0	0	1	0	0	0	0	0	0	0	0	0	0	0	0	0	0	0
0.03	south22_active	80	705	1071	392	269	107	104	484	34	38	56	111	29	56	98	62	34	12	30	89	99	24	12	12	21	8	4	6	16	3	1	6	3	3	0	0	1	0	2	7	2	1	6	4	2	0	0	0	1	0	0	1	0	0	0	0	1	0	0	3	0	0	0	0	0	0	0	0	0	1	1	0	0	1	0	0	0	0	0	0	0	0	0	0	0	0	0	0	0
0.03	south23_all	80	3529	2028	1034	693	481	408	662	211	202	199	181	123	122	151	106	82	71	51	107	150	57	34	34	31	22	18	20	19	13	7	10	11	11	6	6	9	6	8	16	2	3	3	6	1	0	0	3	1	1	3	0	1	0	1	0	2	0	0	5	2	0	0	0	1	0	0	0	0	0	1	0	0	1	0	0	0	0	0	0	0	0	0	0	0	0	0	0	0
0.03	south23_active	80	776	1164	399	284	107	98	525	42	47	55	112	26	68	105	82	38	12	22	93	142	34	15	14	21	9	3	5	13	2	1	6	4	5	2	0	2	0	3	11	0	1	2	5	0	0	0	0	1	1	0	0	0	0	1	0	0	0	0	5	0	0	0	0	0	0	0	0	0	0	1	0	0	1	0	0	0	0	0	0	0	0	0	0	0	0	0	0	0
0.03	south24_all	80	3570	2021	1067	635	516	411	748	236	201	181	202	120	112	157	107	89	66	55	122	167	63	34	34	36	22	18	21	15	9	7	10	13	11	9	9	8	6	9	12	2	5	4	12	2	0	0	3	1	1	2	0	0	0	1	0	3	0	0	11	2	0	0	0	1	0	0	0	0	0	0	0	0	2	0	0	0	0	0	0	0	0	0	0	0	0	0	0	0
0.03	south24_active	80	827	1208	446	274	121	90	619	47	48	50	132	23	59	112	80	40	13	30	110	157	38	17	14	25	15	4	6	10	3	1	7	4	6	5	2	2	0	5	7	0	0	2	9	1	0	0	0	0	1	0	0	0	0	1	0	0	0	0	11	0	0	0	0	0	0	0	0	0	0	0	0	0	1	0	0	0	0	0	0	0	0	0	0	0	0	0	0	0
0.03	south25_all	80	3580	2046	1105	668	498	399	756	238	233	171	207	115	101	167	139	84	63	66	133	166	56	34	32	39	25	17	19	14	15	9	11	13	13	12	11	5	6	7	9	2	6	4	12	2	1	0	3	1	1	3	0	0	0	1	0	3	0	0	10	2	0	0	0	1	0	0	0	0	0	0	0	0	1	0	0	0	0	0	0	0	0	0	0	0	0	1	0	0
0.03	south25_active	80	873	1209	473	296	132	79	631	50	51	47	134	21	50	119	105	41	13	43	123	156	35	17	13	29	22	2	3	8	4	1	6	3	9	7	4	2	0	4	6	1	0	2	9	1	1	0	0	0	1	0	0	0	0	1	0	0	0	0	10	0	0	0	0	0	0	0	0	0	0	0	0	0	0	0	0	0	0	0	0	0	0	0	0	0	0	1	0	0
0.03	south26_all	80	3573	2039	1132	695	514	412	773	246	238	151	205	107	97	149	120	78	60	72	126	179	54	34	37	36	29	16	15	18	16	9	13	11	15	10	10	4	5	6	6	2	5	5	16	2	2	0	0	2	0	3	0	0	0	5	0	2	0	0	14	2	0	1	0	4	1	0	0	0	0	0	0	0	1	0	0	0	0	0	0	0	0	0	0	0	0	1	0	0
0.03	south26_active	80	909	1238	497	295	126	88	644	50	54	38	132	22	40	103	88	45	14	46	113	166	35	20	18	27	22	4	4	12	5	2	9	4	13	5	5	1	1	4	5	1	0	2	14	1	2	0	0	1	0	0	0	0	0	2	0	0	0	0	14	0	0	1	0	3	1	0	0	0	0	0	0	0	0	0	0	0	0	0	0	0	0	0	0	0	0	1	0	0
0.03	south27_all	80	3567	2033	1076	706	510	413	710	239	224	146	192	100	92	127	123	69	62	77	123	193	42	34	34	32	29	16	12	19	20	9	11	7	12	14	9	5	6	3	1	2	2	5	14	4	2	1	1	3	0	2	0	0	0	5	1	1	1	1	6	0	0	1	0	4	1	0	0	0	0	0	0	0	0	0	0	0	0	0	0	0	0	0	0	0	0	1	0	0
0.03	south27_active	80	897	1216	471	306	123	81	583	42	45	45	127	20	38	85	92	40	14	50	106	175	27	21	18	23	18	3	3	13	6	2	8	3	11	9	5	2	1	2	1	1	0	3	13	1	2	1	1	3	0	0	0	0	0	2	1	1	1	0	6	0	0	1	0	3	1	0	0	0	0	0	0	0	0	0	0	0	0	0	0	0	0	0	0	0	0	1	0	0
0.03	south28_all	80	3585	2020	1029	732	506	407	741	239	197	155	199	106	100	111	116	82	61	68	100	190	50	27	29	37	27	17	11	16	16	8	8	7	14	10	5	3	4	1	1	2	4	9	12	3	1	1	2	3	0	3	0	0	1	5	2	1	1	1	7	0	0	1	4	4	1	1	0	0	3	0	0	0	0	0	0	0	0	0	0	0	0	0	0	0	0	1	0	0
0.03	south28_active	80	908	1246	461	311	110	77	598	43	42	45	140	19	45	73	88	47	14	43	83	170	35	14	14	24	14	3	5	14	3	3	4	3	13	7	1	1	1	1	1	1	1	6	12	0	1	1	2	3	0	1	0	0	1	2	2	1	1	0	6	0	0	1	4	3	1	0	0	0	3	0	0	0	0	0	0	0	0	0	0	0	0	0	0	0	0	1	0	0
0.03	south29_all	80	3530	2077	1004	726	502	395	790	240	202	172	210	103	102	109	115	74	62	72	87	203	56	25	28	35	26	17	11	8	16	5	17	8	12	14	5	6	3	1	1	2	4	7	4	4	1	1	3	2	0	1	1	1	1	0	2	1	1	1	7	0	0	0	4	4	1	1	0	0	3	0	0	0	0	0	0	0	0	0	0	0	1	0	0	0	0	0	0	0
0.03	south29_active	80	881	1258	436	314	103	72	646	44	45	46	143	17	50	75	82	40	12	46	70	188	43	11	18	22	15	2	4	7	2	1	9	4	10	11	0	2	0	1	1	1	1	5	4	1	1	1	2	2	0	1	0	0	1	0	2	1	1	0	6	0	0	0	4	3	1	0	0	0	3	0	0	0	0	0	0	0	0	0	0	0	1	0	0	0	0	0	0	0
0.03	south30_all	80	3501	2036	1032	728	511	400	800	243	195	180	219	107	122	111	108	95	61	69	84	199	52	26	32	32	32	16	13	11	16	8	18	9	10	11	9	7	3	1	1	3	4	8	12	4	0	1	3	0	0	1	1	3	2	0	1	1	2	3	1	0	0	0	4	1	0	1	0	0	3	0	1	0	0	0	0	0	0	0	0	0	1	0	0	0	2	0	0	0
0.03	south30_active	80	856	1231	452	308	106	74	667	45	44	47	160	20	68	74	76	58	11	43	59	188	38	14	17	18	17	3	4	10	2	4	6	2	7	10	3	3	0	1	1	2	1	7	12	1	0	1	2	0	0	1	0	2	2	0	1	1	1	0	0	0	0	0	4	0	0	0	0	0	3	0	1	0	0	0	0	0	0	0	0	0	1	0	0	0	2	0	0	0
0.03	south31_all	80	3484	1887	1038	704	465	387	581	247	202	172	177	110	110	114	85	65	58	64	102	97	44	32	23	24	17	19	13	17	18	18	15	12	8	4	7	9	1	4	5	3	3	0	1	5	0	5	0	3	2	3	1	1	0	2	0	1	0	0	3	2	0	0	0	1	0	0	0	1	1	0	1	0	0	0	0	0	0	0	1	0	0	0	0	0	0	0	0	0
0.03	south31_active	80	711	1005	413	273	108	95	444	61	40	49	116	19	40	73	60	34	4	41	92	85	28	16	14	16	8	8	3	11	4	5	9	3	3	2	1	4	0	1	4	0	0	0	0	4	0	4	0	2	2	0	0	0	0	2	0	1	0	0	3	2	0	0	0	0	0	0	0	0	0	0	1	0	0	0	0	0	0	0	1	0	0	0	0	0	0	0	0	0
0.03	south32_all	80	3477	1875	1066	732	491	388	567	249	203	174	191	119	101	126	98	65	56	59	97	89	43	31	25	28	21	23	14	19	18	13	19	6	9	7	8	8	2	6	4	3	4	3	2	4	2	3	0	5	3	2	0	4	0	1	0	0	1	0	1	2	0	0	0	1	0	0	0	1	0	0	0	0	0	0	0	1	0	0	1	0	0	0	0	0	0	0	0	0
0.03	south32_active	80	733	989	424	268	113	101	422	60	43	48	113	22	39	81	59	31	4	38	85	74	26	14	16	17	11	8	2	13	3	3	11	2	3	3	3	3	0	2	4	1	0	2	0	3	1	2	0	2	3	0	0	0	0	1	0	0	0	0	1	2	0	0	0	0	0	0	0	0	0	0	0	0	0	0	0	1	0	0	1	0	0	0	0	0	0	0	0	0
0.03	south33_all	80	3497	1881	1096	757	506	392	585	253	207	164	171	125	101	137	109	77	58	65	93	92	39	24	31	31	21	20	15	20	15	7	16	7	7	9	9	6	3	7	5	1	5	3	2	3	3	3	1	5	3	2	0	3	0	0	0	2	1	0	2	2	0	0	0	0	0	0	0	1	0	0	0	0	0	0	0	1	0	0	1	0	0	0	0	0	0	0	0	0
0.03	south33_active	80	697	966	421	284	108	104	443	56	49	33	98	28	39	93	67	38	8	44	78	76	21	12	19	20	13	8	1	14	1	2	5	1	3	4	4	3	1	3	4	1	0	2	0	2	1	3	0	2	3	0	0	0	0	0	0	0	0	0	2	2	0	0	0	0	0	0	0	0	0	0	0	0	0	0	0	1	0	0	1	0	0	0	0	0	0	0	0	0
0.03	south34_all	80	3464	1894	1060	727	525	385	627	245	195	172	169	120	100	128	116	77	57	65	89	95	35	25	29	30	25	20	10	20	11	5	14	8	8	8	6	4	2	6	5	1	6	4	3	2	3	3	1	4	1	2	0	3	1	0	0	2	1	1	1	0	0	1	0	1	0	0	0	0	0	0	0	0	0	0	1	1	0	0	1	0	0	0	0	0	0	0	0	0
0.03	south34_active	80	718	981	408	275	103	99	493	50	47	31	96	28	46	89	68	38	11	43	72	80	18	12	17	16	14	9	1	15	0	1	4	0	3	4	3	2	1	2	4	1	0	3	2	2	1	3	0	2	1	0	0	0	1	0	0	0	0	1	1	0	0	0	0	0	0	0	0	0	0	0	0	0	0	0	0	1	0	0	1	0	0	0	0	0	0	0	0	0
0.03	south35_all	80	3530	1914	1005	732	535	385	749	245	217	187	193	128	106	127	101	68	68	74	115	107	42	38	26	38	22	25	13	21	10	8	14	8	5	7	7	5	2	6	5	0	3	2	3	1	3	5	1	3	0	2	1	0	3	0	0	2	1	1	6	0	0	1	0	1	0	0	0	0	0	0	0	0	0	0	1	0	0	0	0	0	0	0	0	0	0	0	0	0
0.03	south35_active	80	780	1065	410	296	108	97	601	45	55	40	126	27	41	88	63	33	16	52	90	94	23	19	15	20	12	9	1	16	0	1	7	1	1	4	4	2	1	2	4	0	0	2	2	1	1	4	0	1	0	0	0	0	2	0	0	0	1	1	6	0	0	0	0	0	0	0	0	0	0	0	0	0	0	0	0	0	0	0	0	0	0	0	0	0	0	0	0	0
0.03	south36_all	80	3481	2086	1002	735	526	412	781	245	200	196	236	123	95	113	114	81	68	83	127	165	46	45	22	35	23	22	13	26	7	9	18	9	7	4	6	8	3	5	8	2	2	2	3	2	1	5	2	1	0	1	3	0	3	1	1	0	3	1	6	0	0	1	0	1	0	0	0	0	2	0	0	1	0	0	1	0	0	2	0	1	0	0	0	0	0	0	0	0
0.03	south36_active	80	834	1204	450	300	108	93	645	39	48	50	167	23	41	77	74	27	16	59	104	154	23	23	12	18	14	7	3	19	0	3	12	3	3	2	2	3	0	3	7	1	1	1	2	1	0	4	1	1	0	0	2	0	2	0	1	0	2	1	6	0	0	0	0	0	0	0	0	0	2	0	0	1	0	0	0	0	0	2	0	0	0	0	0	0	0	0	0	0
0.03	south37_all	80	3476	2140	1037	729	522	398	797	252	208	181	263	126	105	123	98	81	70	92	129	185	53	46	22	38	23	29	15	25	10	10	18	7	13	2	7	9	3	4	7	2	2	3	4	3	0	3	4	3	0	1	3	0	3	1	2	0	3	1	6	0	0	0	0	0	0	0	0	0	2	0	0	1	0	0	1	0	0	2	0	1	0	0	0	0	0	0	0	0
0.03	south37_active	80	885	1274	469	317	109	85	662	42	57	52	199	24	45	84	66	32	17	66	110	173	33	23	11	23	15	7	3	18	3	4	12	4	6	1	2	4	0	2	6	1	2	0	3	2	0	1	1	1	0	0	2	0	2	0	2	0	2	1	6	0	0	0	0	0	0	0	0	0	2	0	0	1	0	0	0	0	0	2	0	0	0	0	0	0	0	0	0	0
0.03	south38_all	80	3478	2172	1103	759	502	407	795	285	194	168	262	125	96	139	104	95	57	89	126	203	51	41	27	40	19	30	16	26	16	11	10	7	15	5	7	7	4	5	9	5	3	3	6	3	1	3	4	3	0	1	4	0	1	1	2	0	3	0	2	0	0	0	3	0	0	0	0	0	2	0	0	1	0	0	0	0	0	2	0	1	0	1	0	0	0	0	0	0
0.03	south38_active	80	919	1293	493	350	115	79	676	63	58	51	198	26	34	99	69	44	13	67	114	193	29	19	16	25	12	8	6	16	4	4	7	4	10	3	4	3	1	3	6	1	2	0	5	2	0	1	1	1	0	0	3	0	0	0	2	0	2	0	2	0	0	0	3	0	0	0	0	0	2	0	0	1	0	0	0	0	0	2	0	0	0	0	0	0	0	0	0	0
0.03	south39_all	80	3487	2145	1099	743	508	385	784	289	175	164	250	110	118	168	110	85	52	79	108	201	53	40	37	39	23	23	16	18	16	10	8	4	15	8	9	6	3	5	11	5	3	5	13	3	1	2	6	3	0	1	6	0	0	0	1	1	4	0	1	0	0	0	3	1	0	0	0	0	0	0	0	1	0	0	0	0	0	0	0	2	0	1	0	0	0	0	0	0
0.03	south39_active	80	886	1267	470	342	117	71	671	61	51	52	188	21	52	123	73	47	12	59	95	189	37	24	23	24	11	6	6	9	5	4	6	2	9	4	6	4	1	4	8	1	2	3	12	1	0	0	1	1	0	0	4	0	0	0	1	0	4	0	1	0	0	0	3	0	0	0	0	0	0	0	0	1	0	0	0	0	0	0	0	1	0	0	0	0	0	0	0	0
0.03	south40_all	80	3461	2053	1033	738	492	385	851	276	189	181	267	128	121	163	106	79	51	69	132	184	50	30	48	34	29	21	21	16	17	9	5	6	13	8	9	7	4	5	9	5	5	4	30	4	1	4	4	2	0	2	6	0	0	0	1	1	3	0	2	0	0	0	5	1	0	0	0	0	0	0	0	0	0	0	0	0	0	0	0	1	0	1	0	0	0	0	1	0
0.03	south40_active	80	896	1201	467	330	106	76	726	56	48	60	189	29	51	121	69	39	10	49	112	172	37	19	35	18	18	3	8	12	5	1	4	1	9	4	6	2	3	5	6	1	2	4	28	2	0	2	1	1	0	0	4	0	0	0	1	0	3	0	2	0	0	0	5	0	0	0	0	0	0	0	0	0	0	0	0	0	0	0	0	1	0	0	0	0	0	0	0	0
