label	Group	numOtus	Otu0	Otu1	Otu2	Otu3	Otu4	Otu5	Otu6	Otu7	Otu8	Otu9	Otu10	Otu11	Otu12	Otu13	Otu14	Otu15	Otu16	Otu17	Otu18	Otu19	Otu20	Otu21	Otu22	Otu23	Otu24	Otu25	Otu26	Otu27	Otu28	Otu29	Otu30	Otu31	Otu32	Otu33	Otu34	Otu35	Otu36	Otu37	Otu38	Otu39	Otu40	Otu41
0.03	north1_all	80	4712	1617	890	1230	407	548	182	137	98	146	92	61	29	60	20	17	21	12	4	2	25	9	5	4	17	11	1	4	0	1	3	0	0	0	0	0	0	0	0	0	0	1
0.03	north1_active	80	2663	551	228	998	173	440	40	26	21	110	55	37	4	50	7	4	13	10	3	1	23	8	2	4	16	11	0	4	0	1	3	0	0	0	0	0	0	0	0	0	0	1
0.03	north2_all	80	4680	1626	889	1232	383	587	186	147	106	147	81	64	29	49	19	21	16	12	2	3	19	5	7	1	18	13	1	4	0	1	1	0	1	0	5	0	0	0	0	0	0	0
0.03	north2_active	80	2637	557	217	984	152	473	42	31	23	103	49	36	3	40	7	6	9	10	0	2	17	5	1	1	17	13	0	4	0	1	1	0	1	0	5	0	0	0	0	0	0	0
0.03	north3_all	80	4617	1610	881	1253	399	575	210	146	108	162	86	71	27	48	23	21	14	10	5	2	23	5	6	2	7	14	0	2	0	1	2	0	2	0	5	0	0	0	0	0	0	0
0.03	north3_active	80	2619	528	209	994	160	464	43	28	23	116	54	39	4	39	8	5	10	9	0	1	21	5	0	1	6	14	0	2	0	1	2	0	2	0	5	0	0	0	0	0	0	0
0.03	north4_all	80	4634	1606	888	1249	388	588	212	132	117	165	91	68	30	44	22	20	15	14	6	4	26	1	5	2	4	27	0	5	1	0	2	1	3	0	5	0	0	0	0	0	0	0
0.03	north4_active	80	2659	511	231	1017	161	487	44	25	31	120	62	37	5	34	8	6	13	11	0	2	26	1	0	1	4	26	0	5	1	0	2	1	2	0	5	0	0	0	0	0	0	0
0.03	north5_all	80	4671	1532	898	1174	412	542	210	143	105	161	87	58	29	45	20	10	14	15	5	8	11	2	1	3	5	24	1	7	1	0	3	1	2	0	0	0	0	0	0	1	0	0
0.03	north5_active	80	2570	454	236	944	149	417	47	30	32	119	62	28	8	32	7	3	11	10	0	3	11	2	0	1	5	23	1	7	1	0	2	1	1	0	0	0	0	0	0	0	0	0
0.03	north6_all	80	4567	1525	890	1053	402	500	194	145	101	152	69	41	33	39	17	10	14	15	5	8	9	3	0	1	3	25	1	5	1	0	2	2	1	0	0	0	0	0	0	1	0	0
0.03	north6_active	80	2401	432	232	812	136	383	40	32	26	112	51	22	9	28	8	2	12	8	0	2	9	2	0	0	3	24	1	5	1	0	1	1	0	0	0	0	0	0	0	0	0	0
0.03	north7_all	80	4526	1597	910	984	398	498	189	144	104	141	67	51	38	51	17	9	14	12	6	11	5	3	0	3	2	8	1	2	3	1	1	2	0	0	0	0	0	0	0	1	0	0
0.03	north7_active	80	2331	436	231	749	145	359	34	37	27	99	51	26	11	35	9	1	9	6	0	2	4	2	0	1	2	8	1	2	3	1	0	0	0	0	0	0	0	0	0	0	0	0
0.03	north8_all	80	4422	1671	921	912	369	478	172	139	95	124	64	47	47	47	21	12	15	10	7	12	10	4	1	3	7	11	1	0	4	3	0	2	0	0	0	0	0	0	0	0	0	0
0.03	north8_active	80	2199	445	225	656	141	350	33	39	21	82	46	26	15	31	7	2	10	4	0	2	9	2	0	1	7	11	1	0	4	1	0	0	0	0	0	0	0	0	0	0	0	0
0.03	north9_all	80	4382	1682	872	935	369	486	184	122	98	119	64	48	50	42	28	13	16	11	7	12	11	3	2	2	19	19	0	0	4	3	0	2	0	0	0	0	0	1	0	0	0	0
0.03	north9_active	80	2217	437	212	679	149	360	43	36	23	78	45	27	14	29	7	3	9	4	1	2	9	2	0	1	19	19	0	0	4	1	0	0	0	0	0	0	0	0	0	0	0	0
0.03	north10_all	80	4396	1660	890	947	373	519	178	113	101	114	69	48	41	40	26	11	16	9	9	9	10	4	3	1	22	18	0	3	5	2	3	2	0	0	0	0	0	1	0	0	0	0
0.03	north10_active	80	2143	439	191	677	142	400	43	33	26	71	44	28	14	24	4	3	9	2	3	2	7	3	0	1	22	17	0	2	5	0	3	0	0	0	0	0	0	0	0	0	0	0
0.03	north11_all	80	4821	1619	865	1213	408	632	168	147	102	169	81	51	30	55	19	12	32	12	15	6	20	3	4	1	20	3	5	4	3	1	0	0	1	0	0	0	0	0	5	0	0	0
0.03	north11_active	80	2749	542	211	1000	169	510	38	31	19	143	56	30	8	40	5	4	16	9	7	0	19	1	1	1	18	2	1	3	3	0	0	0	0	0	0	0	0	0	5	0	0	0
0.03	north12_all	80	4719	1624	891	1208	414	639	161	138	106	161	72	61	36	56	17	14	29	8	17	6	33	4	6	1	19	3	3	2	8	2	0	0	1	0	0	1	0	0	5	0	0	0
0.03	north12_active	80	2721	556	214	993	178	506	37	31	25	127	46	41	10	44	4	3	16	6	7	0	31	3	1	1	17	2	0	2	8	0	0	0	0	0	0	1	0	0	5	0	0	0
0.03	north13_all	80	4676	1593	882	1256	401	634	166	136	100	129	76	61	38	52	22	15	19	8	14	7	36	6	9	2	8	11	2	3	10	2	1	1	1	0	0	1	0	0	5	0	0	0
0.03	north13_active	80	2682	536	224	1035	180	509	35	26	29	98	49	40	10	41	7	3	10	6	4	0	34	5	2	2	6	10	0	3	10	0	1	0	0	0	0	1	0	0	5	0	0	0
0.03	north14_all	80	4633	1644	901	1159	386	557	188	125	96	146	76	64	41	55	26	18	18	8	12	8	19	6	9	2	5	10	1	3	9	1	1	1	0	0	0	1	0	0	0	0	0	0
0.03	north14_active	80	2642	557	229	932	156	438	38	28	24	111	50	40	9	43	9	4	13	4	4	1	18	4	3	1	4	9	0	3	9	0	1	0	0	0	0	1	0	0	0	0	0	0
0.03	north15_all	80	4500	1663	927	1111	382	506	187	138	92	124	74	62	35	43	27	15	12	6	8	9	18	5	7	3	15	12	0	3	5	1	1	1	0	0	0	0	0	0	0	0	0	0
0.03	north15_active	80	2462	534	220	862	142	385	45	39	28	93	40	34	6	34	8	2	6	3	5	2	17	3	3	1	14	11	0	2	4	0	1	0	0	0	0	0	0	0	0	0	0	0
0.03	north16_all	80	4548	1678	918	960	389	448	199	131	84	133	70	59	36	38	26	18	10	8	5	9	16	5	4	3	18	13	1	3	3	0	0	0	0	0	0	0	0	0	0	0	0	0
0.03	north16_active	80	2407	511	194	696	136	336	42	37	18	96	34	29	8	28	8	3	4	5	4	3	15	2	2	1	17	11	1	2	2	0	0	0	0	0	0	0	0	0	0	0	0	0
0.03	north17_all	80	4334	1636	932	945	399	429	200	134	101	118	63	58	33	41	19	16	12	6	7	7	15	7	3	2	17	5	1	2	1	1	6	0	0	0	0	1	0	0	0	0	0	0
0.03	north17_active	80	2219	470	185	674	126	308	47	42	26	84	23	27	9	33	6	2	5	5	4	3	13	3	2	0	17	3	1	0	0	0	6	0	0	0	0	0	0	0	0	0	0	0
0.03	north18_all	80	4320	1641	872	950	379	440	203	130	115	126	63	50	42	48	17	12	12	10	9	7	8	10	3	1	17	3	1	2	0	1	6	0	0	1	0	1	0	0	0	0	0	0
0.03	north18_active	80	2208	449	179	680	122	315	48	35	25	93	30	26	12	39	6	1	4	4	3	3	7	3	1	0	17	2	1	0	0	0	6	0	0	1	0	0	0	0	0	0	0	0
0.03	north19_all	80	4273	1685	856	930	349	416	211	142	115	123	52	49	38	44	17	13	14	12	10	8	5	9	4	1	10	2	0	1	0	1	6	0	0	1	0	1	0	0	0	0	0	0
0.03	north19_active	80	2145	454	186	672	114	285	45	36	22	90	25	22	10	31	5	1	7	6	3	4	4	3	1	0	10	2	0	0	0	0	6	0	0	1	0	0	0	0	0	0	0	0
0.03	north20_all	80	4332	1639	880	922	364	436	187	147	106	103	50	43	42	44	21	17	12	20	9	8	7	7	2	2	5	9	0	0	1	2	0	0	0	3	0	0	0	0	0	0	0	0
0.03	north20_active	80	2149	432	179	662	125	304	44	39	14	74	25	21	9	32	7	2	7	10	1	3	4	2	0	0	5	9	0	0	0	0	0	0	0	1	0	0	0	0	0	0	0	0
0.03	south21_all	80	4857	1667	849	1306	375	563	217	119	109	146	110	60	31	46	15	9	17	16	13	11	21	3	5	3	18	3	1	6	0	3	0	0	3	0	0	0	0	0	1	0	0	0
0.03	south21_active	80	2774	553	234	1078	145	463	43	16	20	120	78	40	11	38	6	6	9	9	3	2	20	1	2	0	17	3	1	5	0	2	0	0	1	0	0	0	0	0	1	0	0	0
0.03	south22_all	80	4824	1650	818	1322	365	533	211	116	103	139	93	50	27	39	19	4	20	15	13	10	27	6	3	3	31	3	0	5	0	2	0	0	2	0	0	0	0	0	0	0	0	0
0.03	south22_active	80	2735	540	215	1079	140	425	46	15	19	110	68	29	10	33	3	2	9	7	4	1	27	4	0	0	31	3	0	5	0	1	0	0	1	0	0	0	0	0	0	0	0	0
0.03	south23_all	80	4858	1629	827	1362	388	567	203	125	100	150	106	44	27	39	19	6	20	17	10	7	24	6	5	3	30	3	1	0	1	2	0	0	2	1	0	0	0	0	0	0	0	0
0.03	south23_active	80	2786	545	222	1102	168	458	49	16	16	118	78	28	5	34	4	1	12	9	4	2	23	4	0	0	30	3	1	0	1	1	0	0	1	0	0	0	0	0	0	0	0	0
0.03	south24_all	80	4856	1628	867	1331	390	557	197	131	110	134	83	42	31	36	22	15	23	24	8	5	24	4	3	2	31	2	1	1	3	2	0	0	2	2	0	0	0	0	0	0	0	0
0.03	south24_active	80	2839	538	226	1061	172	449	53	22	19	100	62	27	6	30	7	4	12	19	4	1	23	3	0	0	31	2	1	1	3	1	0	0	2	1	0	0	0	0	0	0	0	0
0.03	south25_all	80	4906	1625	916	1308	410	600	189	135	109	157	75	41	35	46	14	20	19	26	8	6	43	5	2	0	15	7	1	2	3	1	0	1	2	2	0	0	0	0	0	0	0	0
0.03	south25_active	80	2879	553	242	1048	186	499	55	27	20	125	49	31	7	37	6	7	14	20	4	2	41	3	0	0	15	7	1	2	3	0	0	1	2	1	0	0	0	0	0	0	0	0
0.03	south26_all	80	4860	1668	920	1276	398	536	181	146	115	151	71	52	34	53	13	22	26	31	6	3	35	7	2	0	17	35	1	2	2	0	1	1	2	1	0	0	0	0	0	0	0	0
0.03	south26_active	80	2837	572	233	1024	173	436	48	30	24	114	40	36	8	39	7	8	18	24	4	1	34	3	0	0	17	35	1	2	2	0	0	1	2	1	0	0	0	0	0	0	0	0
0.03	south27_all	80	4747	1648	934	1186	382	491	185	155	104	150	65	53	32	52	15	21	26	18	9	2	27	10	4	0	16	42	0	2	1	0	2	1	0	1	0	0	0	0	0	0	0	0
0.03	south27_active	80	2625	532	224	917	166	387	41	32	22	110	33	32	8	35	3	10	17	13	5	1	26	4	2	0	16	42	0	2	0	0	0	1	0	1	0	0	0	0	0	0	0	0
0.03	south28_all	80	4518	1657	899	1068	385	429	185	143	94	139	67	59	27	45	15	16	23	15	9	5	19	8	5	0	2	51	0	0	1	0	3	2	0	0	0	0	0	0	0	0	0	0
0.03	south28_active	80	2322	490	203	813	154	320	37	28	21	100	33	31	5	28	2	8	16	11	3	0	19	3	3	0	2	50	0	0	0	0	0	2	0	0	0	0	0	0	0	0	0	0
0.03	south29_all	80	4354	1656	906	1008	388	412	170	166	97	113	79	59	32	42	18	17	14	13	8	7	8	8	6	1	4	43	0	0	2	0	3	1	0	0	0	2	1	0	0	0	0	0
0.03	south29_active	80	2087	470	188	741	146	299	30	32	25	80	40	32	6	27	4	6	8	6	2	2	7	3	4	1	4	42	0	0	0	0	0	1	0	0	0	2	1	0	0	0	0	0
0.03	south30_all	80	4512	1646	950	1068	380	475	189	168	94	93	81	43	35	56	13	18	11	16	6	12	19	4	3	1	8	9	0	0	4	0	1	1	4	0	0	2	1	0	0	0	0	0
0.03	south30_active	80	2255	517	213	819	129	377	35	30	23	74	43	25	6	39	5	4	7	7	0	3	18	1	3	1	8	8	0	0	3	0	0	1	4	0	0	2	1	0	0	0	0	0
0.03	south31_all	80	4820	1625	895	1196	406	562	173	162	91	174	112	45	35	73	22	15	15	13	7	9	16	10	3	0	13	11	1	0	2	0	0	0	0	0	1	1	0	0	0	0	0	0
0.03	south31_active	80	2763	537	245	974	161	444	38	29	22	140	72	32	3	57	7	7	9	9	2	3	16	5	0	0	13	11	1	0	2	0	0	0	0	0	1	0	0	0	0	0	0	0
0.03	south32_all	80	4899	1599	870	1250	399	612	159	157	88	159	110	51	41	60	16	17	19	11	9	10	11	11	1	1	19	34	0	1	0	0	0	0	1	0	1	1	0	0	0	0	0	0
0.03	south32_active	80	2840	520	242	1024	167	486	32	29	23	128	67	39	7	47	6	5	10	6	3	4	9	6	0	1	19	34	0	1	0	0	0	0	1	0	1	0	0	0	0	0	0	0
0.03	south33_all	80	4973	1630	882	1296	386	552	174	148	93	140	106	53	41	50	16	17	20	22	9	6	14	9	2	3	26	37	0	2	1	0	0	0	1	0	1	0	0	0	0	0	0	0
0.03	south33_active	80	2844	541	232	1086	165	439	34	24	18	111	64	33	8	39	4	5	12	13	2	1	11	5	0	1	26	37	0	2	0	0	0	0	1	0	1	0	0	0	0	0	0	0
0.03	south34_all	80	4921	1604	894	1297	397	581	189	132	94	130	89	65	36	35	18	19	15	21	11	6	31	3	2	5	20	35	0	2	1	0	0	0	1	0	1	0	0	0	0	0	1	0
0.03	south34_active	80	2831	545	225	1086	180	479	33	19	22	104	57	43	8	24	6	4	7	11	2	1	26	2	0	3	20	35	0	2	0	0	0	0	1	0	1	0	0	0	0	0	0	0
0.03	south35_all	80	4917	1678	943	1290	399	541	200	124	104	125	79	63	24	43	15	18	19	25	12	8	27	2	1	5	13	23	0	2	1	0	0	0	1	0	0	0	0	0	0	0	1	0
0.03	south35_active	80	2826	567	222	1068	172	460	41	20	23	101	48	36	7	23	6	3	13	13	3	1	24	2	0	3	13	23	0	2	0	0	0	0	1	0	0	0	0	0	0	0	0	0
0.03	south36_all	80	4751	1658	940	1238	420	597	198	133	112	138	70	68	20	37	18	24	19	18	12	9	33	4	2	6	39	3	0	2	4	0	0	2	1	0	0	0	0	0	0	0	1	0
0.03	south36_active	80	2725	566	223	1018	174	503	39	25	24	110	38	43	9	22	9	5	15	9	4	2	30	4	1	4	39	3	0	2	3	0	0	2	0	0	0	0	0	0	0	0	0	0
0.03	south37_all	80	4743	1675	913	1207	422	581	195	141	107	140	77	66	23	50	15	24	21	16	13	12	31	6	2	4	35	6	1	4	3	0	2	2	1	0	0	0	0	0	0	0	0	0
0.03	south37_active	80	2755	570	219	980	165	477	41	29	21	107	49	40	7	29	7	7	17	8	7	4	29	4	2	3	34	6	1	4	3	0	2	2	0	0	0	0	0	0	0	0	0	0
0.03	south38_all	80	4630	1650	899	1272	387	610	193	147	109	136	80	69	21	49	17	19	27	12	12	14	34	5	2	5	37	10	3	5	4	0	2	2	1	0	0	0	0	0	0	0	0	0
0.03	south38_active	80	2693	559	213	1025	152	489	43	39	25	101	51	41	5	33	9	7	22	6	7	3	32	3	2	3	36	10	3	4	4	0	2	2	0	0	0	0	0	0	0	0	0	0
0.03	south39_all	80	4684	1650	879	1217	385	551	191	142	108	120	80	66	24	51	13	18	19	12	10	16	30	3	1	4	7	35	3	7	1	1	2	0	0	0	0	0	0	0	0	0	0	0
0.03	south39_active	80	2707	548	216	985	150	443	37	35	25	84	50	39	3	36	8	8	14	9	7	4	27	0	1	3	6	35	3	5	1	1	2	0	0	0	0	0	0	0	0	0	0	0
0.03	south40_all	80	4716	1637	870	1265	385	607	193	134	117	133	72	58	30	51	16	17	23	15	9	15	21	3	1	3	6	62	2	7	1	1	2	0	0	0	0	0	0	0	0	0	0	0
0.03	south40_active	80	2728	539	225	1022	140	511	45	38	28	101	40	33	7	39	8	6	18	10	5	3	18	0	0	1	5	62	2	5	1	1	2	0	0	0	0	0	0	0	0	0	0	0
