label	Group	numOtus	Otu0	Otu1	Otu2	Otu3	Otu4	Otu5	Otu6	Otu7	Otu8	Otu9	Otu10	Otu11	Otu12	Otu13	Otu14	Otu15	Otu16	Otu17	Otu18	Otu19	Otu20	Otu21	Otu22	Otu23	Otu24	Otu25	Otu26	Otu27	Otu28	Otu29	Otu30	Otu31	Otu32	Otu33	Otu34	Otu35	Otu36	Otu37	Otu38	Otu39	Otu40	Otu41	Otu42	Otu43	Otu44	Otu45	Otu46	Otu47	Otu48	Otu49	Otu50	Otu51	Otu52	Otu53	Otu54	Otu55	Otu56	Otu57	Otu58	Otu59	Otu60	Otu61	Otu62	Otu63	Otu64	Otu65	Otu66	Otu67	Otu68	Otu69	Otu70	Otu71	Otu72	Otu73	Otu74	Otu75	Otu76	Otu77	Otu78	Otu79	Otu80	Otu81	Otu82	Otu83
0.03	north1_all	80	7529	10522	2316	2737	1935	810	691	918	454	311	620	240	213	152	123	94	87	147	72	57	58	39	57	51	51	34	39	80	19	20	13	16	5	13	17	4	10	14	5	7	6	26	2	12	0	3	12	4	2	0	1	2	1	1	0	0	3	1	1	2	0	0	1	0	0	0	0	0	0	2	0	0	0	1	0	0	0	0	0	0	0	0	0	0
0.03	north1_active	80	3334	9479	1284	2231	1583	389	397	729	230	128	548	140	90	39	58	25	26	114	17	12	37	18	32	35	38	19	27	70	8	10	6	5	1	4	13	0	8	13	2	2	2	24	1	11	0	3	11	3	0	0	0	1	0	1	0	0	0	1	0	0	0	0	0	0	0	0	0	0	0	1	0	0	0	0	0	0	0	0	0	0	0	0	0	0
0.03	north2_all	80	7436	10981	2323	2729	1948	786	721	945	434	325	614	234	208	145	124	104	91	164	72	51	53	41	64	54	59	33	64	68	22	26	15	16	6	9	24	5	12	22	4	9	3	25	4	9	2	4	17	3	1	0	1	1	3	1	3	0	4	1	0	1	0	0	1	0	0	0	0	0	0	2	0	0	0	1	0	0	0	0	0	0	0	0	0	1
0.03	north2_active	80	3272	9927	1276	2187	1601	373	417	756	214	136	527	134	86	40	57	26	21	133	16	12	35	20	33	34	49	19	49	58	12	14	6	4	1	3	20	1	9	18	2	3	1	23	3	8	0	4	17	3	0	0	0	0	0	1	2	0	0	1	0	0	0	0	0	0	0	0	0	0	0	1	0	0	0	0	0	0	0	0	0	0	0	0	0	0
0.03	north3_all	80	7539	11044	2306	2773	1992	817	722	920	446	353	641	225	187	148	120	105	90	160	71	50	64	40	57	60	52	36	59	62	28	22	18	13	7	9	15	9	6	23	6	7	1	18	6	6	2	4	13	0	1	1	0	3	2	6	3	0	4	0	0	1	0	0	1	0	0	0	0	0	0	0	0	0	0	1	0	0	0	0	0	0	0	0	0	1
0.03	north3_active	80	3290	10014	1286	2228	1616	387	424	739	219	163	551	126	71	42	53	30	23	132	18	12	40	16	28	33	43	18	52	52	17	13	9	3	2	4	13	2	4	18	4	2	1	18	3	6	0	4	13	0	0	0	0	0	0	4	2	0	0	0	0	0	0	0	0	0	0	0	0	0	0	0	0	0	0	0	0	0	0	0	0	0	0	0	0	0
0.03	north4_all	80	7592	10785	2297	2830	1996	865	699	908	402	362	694	235	184	142	123	96	95	147	77	61	64	46	51	59	43	31	71	66	32	22	16	15	9	7	14	12	4	13	5	7	0	6	6	0	4	3	15	0	1	1	1	2	2	6	3	0	2	1	0	1	0	0	0	0	0	0	1	0	0	0	0	0	0	0	0	0	0	0	0	0	0	0	0	1
0.03	north4_active	80	3261	9772	1292	2291	1611	401	393	725	193	178	612	139	74	45	57	27	23	123	20	17	33	22	22	35	34	15	65	56	21	12	8	7	3	3	12	2	1	9	3	3	0	5	4	0	0	3	15	0	0	0	0	0	0	4	2	0	0	0	0	0	0	0	0	0	0	0	0	0	0	0	0	0	0	0	0	0	0	0	0	0	0	0	0	0
0.03	north5_all	80	7669	10464	2365	2938	1985	832	681	860	406	359	741	248	188	132	126	90	91	128	71	66	76	45	38	51	26	23	87	72	36	18	17	14	14	4	11	11	7	10	5	5	0	6	7	1	5	2	19	1	1	1	1	2	2	5	1	0	0	1	0	0	0	0	0	0	0	0	1	0	0	0	0	0	0	0	0	0	2	0	0	0	1	0	0	1
0.03	north5_active	80	3279	9440	1321	2413	1576	378	378	691	189	174	665	147	72	44	63	19	23	108	17	21	43	19	15	32	19	13	83	63	21	8	10	7	7	2	10	1	3	9	4	2	0	4	5	1	0	2	19	1	0	0	0	0	0	3	1	0	0	0	0	0	0	0	0	0	0	0	0	0	0	0	0	0	0	0	0	0	2	0	0	0	0	0	0	0
0.03	north6_all	80	7609	10419	2331	2908	2048	823	666	912	407	339	737	271	183	137	144	103	98	131	73	66	74	51	36	45	34	25	77	65	31	18	12	19	14	4	11	8	7	9	10	4	0	16	5	3	5	5	22	1	2	0	1	0	0	1	1	0	0	2	0	0	0	0	0	0	0	0	1	1	0	0	0	0	0	0	0	0	2	0	0	0	1	0	0	0
0.03	north6_active	80	3244	9412	1292	2391	1643	373	373	720	181	155	667	159	67	43	77	23	23	106	17	24	46	23	19	37	26	14	72	59	20	8	7	6	8	2	10	1	2	9	7	1	0	14	5	3	1	4	22	1	0	0	0	0	0	1	1	0	0	0	0	0	0	0	0	0	0	0	0	0	0	0	0	0	0	0	0	0	2	0	0	0	0	0	0	0
0.03	north7_all	80	7583	10419	2318	2838	2091	796	654	930	407	320	674	284	182	139	145	109	93	163	61	69	69	46	41	46	40	24	66	68	36	14	13	18	16	7	17	7	5	5	9	3	3	13	4	3	3	5	21	1	1	1	0	0	0	2	10	1	0	1	0	0	0	0	0	0	0	0	0	1	0	0	0	0	0	0	0	0	2	0	0	0	1	0	0	0
0.03	north7_active	80	3200	9369	1267	2321	1700	362	371	749	185	137	608	166	58	43	75	27	24	130	13	24	42	14	20	33	31	16	62	63	27	7	7	4	9	1	16	2	2	5	7	1	1	11	4	3	1	3	21	1	0	0	0	0	0	2	10	0	0	0	0	0	0	0	0	0	0	0	0	0	0	0	0	0	0	0	0	0	2	0	0	0	0	0	0	0
0.03	north8_all	80	7557	10757	2338	2838	2144	788	710	970	414	324	669	276	168	136	141	106	88	153	62	56	62	46	40	41	50	29	61	52	26	10	19	12	18	7	21	5	3	9	10	2	3	13	2	4	4	6	14	0	1	1	0	0	1	2	10	2	0	1	0	0	0	0	0	0	0	0	0	1	0	0	0	0	0	0	0	0	1	0	0	0	0	0	0	0
0.03	north8_active	80	3178	9676	1271	2328	1737	365	413	796	183	157	595	154	52	38	71	32	23	117	16	16	43	21	23	25	40	18	58	46	21	2	9	2	11	1	17	2	0	8	7	1	1	13	2	4	2	4	13	0	0	0	0	0	1	2	10	1	0	0	0	0	0	0	0	0	0	0	0	0	0	0	0	0	0	0	0	0	1	0	0	0	0	0	0	0
0.03	north9_all	80	7548	10968	2306	2880	2111	803	712	940	431	315	684	270	184	137	130	109	95	155	56	66	69	40	37	48	49	30	63	51	34	13	17	14	12	9	22	5	4	11	6	2	6	13	1	9	5	6	12	0	2	1	0	0	1	2	10	4	0	0	0	0	0	0	0	0	0	0	0	0	0	0	1	0	0	0	0	0	0	0	0	0	0	0	0	0
0.03	north9_active	80	3202	9870	1253	2330	1717	365	408	768	207	154	604	154	54	41	70	38	21	119	14	18	46	20	18	28	37	17	58	44	28	3	7	4	8	1	19	2	1	9	2	1	2	13	1	8	3	4	11	0	1	0	0	0	1	2	10	3	0	0	0	0	0	0	0	0	0	0	0	0	0	0	0	0	0	0	0	0	0	0	0	0	0	0	0	0
0.03	north10_all	80	7592	10776	2369	2931	2158	820	728	914	437	324	707	262	190	141	122	104	92	148	69	71	63	47	37	46	43	31	76	40	31	13	17	12	11	6	20	4	4	12	5	1	3	5	2	8	6	9	11	4	2	0	0	0	1	0	1	3	1	0	0	0	0	0	0	0	0	0	1	0	0	0	1	0	0	0	0	0	0	0	0	0	0	0	0	0
0.03	north10_active	80	3248	9694	1335	2362	1783	381	426	756	204	157	631	145	67	39	63	35	28	113	17	19	45	19	14	28	30	17	71	34	23	4	10	6	6	1	16	1	1	9	1	1	1	5	2	6	4	7	9	4	1	0	0	0	1	0	0	3	0	0	0	0	0	0	0	0	0	0	1	0	0	0	0	0	0	0	0	0	0	0	0	0	0	0	0	0
0.03	north11_all	80	7633	10863	2339	2887	2031	820	709	908	382	337	625	247	184	130	138	107	79	165	84	50	63	44	38	38	29	29	70	55	31	23	18	10	7	6	14	9	4	19	7	6	2	9	5	6	1	2	9	3	1	0	1	0	1	3	3	0	3	0	2	1	1	0	1	1	0	0	0	0	0	2	0	0	0	0	0	1	0	0	0	0	0	0	0	0
0.03	north11_active	80	3397	9788	1338	2384	1630	392	439	698	197	145	535	145	78	46	63	32	23	141	31	10	36	16	21	25	19	15	62	50	26	12	6	2	3	2	9	3	3	18	2	5	0	9	4	5	1	1	9	3	1	0	0	0	0	3	3	0	1	0	0	1	1	0	1	1	0	0	0	0	0	1	0	0	0	0	0	0	0	0	0	0	0	0	0	0
0.03	north12_all	80	7493	10780	2367	2760	2002	853	704	892	391	350	624	252	172	142	145	104	83	148	84	46	59	41	41	40	35	31	72	36	38	22	21	9	8	6	15	11	6	10	10	6	3	10	2	3	2	3	9	2	2	1	1	0	2	3	4	0	2	0	2	1	2	0	1	0	0	0	0	0	1	2	0	0	0	0	0	1	0	0	0	0	0	0	0	0
0.03	north12_active	80	3251	9726	1354	2259	1615	423	422	693	212	157	539	139	71	47	67	27	26	120	25	7	31	13	22	29	25	20	60	30	30	13	9	3	4	1	10	4	4	10	2	5	1	10	1	2	2	2	9	2	1	1	0	0	1	3	4	0	0	0	0	1	2	0	1	0	0	0	0	0	1	1	0	0	0	0	0	0	0	0	0	0	0	0	0	0
0.03	north13_all	80	7511	10595	2412	2723	1984	870	690	923	385	319	676	242	158	139	131	104	95	160	78	55	48	48	43	55	35	30	64	42	32	19	29	11	11	8	11	11	9	12	13	5	3	11	4	9	2	3	0	2	2	1	3	0	2	0	1	1	1	0	1	0	1	0	1	0	1	1	0	0	1	1	0	0	0	0	0	0	0	0	0	0	0	0	0	0
0.03	north13_active	80	3185	9532	1384	2235	1602	446	421	727	199	153	595	131	61	46	62	29	33	130	22	8	28	15	26	36	26	18	56	36	24	13	9	5	4	3	7	5	5	11	4	4	1	10	3	7	2	2	0	2	1	1	1	0	1	0	1	1	0	0	0	0	1	0	1	0	0	0	0	0	1	1	0	0	0	0	0	0	0	0	0	0	0	0	0	0
0.03	north14_all	80	7415	10737	2382	2690	2017	849	687	971	379	308	708	252	140	147	138	97	96	159	62	53	56	36	49	68	35	28	79	45	28	14	30	12	14	7	9	7	8	10	10	6	5	11	4	9	1	2	0	1	3	1	4	0	1	0	4	1	1	0	1	0	1	0	2	0	1	1	0	0	1	0	0	0	0	0	0	0	0	0	0	0	0	0	0	0
0.03	north14_active	80	3087	9651	1323	2209	1661	421	413	793	189	149	619	134	50	48	69	25	36	132	15	11	32	13	29	47	22	17	72	40	18	12	10	6	4	2	7	3	3	7	5	3	2	8	4	7	1	1	0	1	1	1	1	0	1	0	4	1	0	0	0	0	1	0	2	0	0	0	0	0	1	0	0	0	0	0	0	0	0	0	0	0	0	0	0	0
0.03	north15_all	80	7460	10367	2450	2817	2017	824	643	954	371	299	730	239	165	142	141	83	99	178	51	54	76	38	46	66	40	25	63	57	24	10	23	12	11	8	6	3	7	11	8	5	3	8	6	10	1	4	0	0	3	0	4	0	1	0	4	1	0	0	0	0	1	0	2	0	1	1	0	0	0	0	0	0	0	0	0	0	0	0	1	0	0	0	0	0
0.03	north15_active	80	3158	9298	1358	2318	1635	378	368	785	169	141	628	124	55	48	67	22	34	148	9	12	49	11	29	49	29	15	59	53	12	7	6	6	3	2	4	2	2	7	4	0	1	5	4	8	0	3	0	0	1	0	1	0	1	0	4	1	0	0	0	0	1	0	2	0	0	0	0	0	0	0	0	0	0	0	0	0	0	0	1	0	0	0	0	0
0.03	north16_all	80	7498	10281	2436	2934	2003	812	634	975	382	301	666	246	163	143	163	82	89	153	43	49	68	40	41	48	39	32	73	53	16	7	22	8	14	9	13	1	6	9	6	5	2	7	6	7	2	2	0	0	4	0	2	0	0	0	4	0	0	0	0	0	0	1	2	0	1	0	0	0	0	0	0	0	0	0	0	0	0	0	1	0	0	0	0	0
0.03	north16_active	80	3217	9251	1359	2405	1611	362	368	822	184	139	581	126	63	41	83	18	32	124	9	13	39	12	26	36	28	16	69	47	7	5	7	5	5	2	11	1	3	6	2	1	1	4	4	5	0	2	0	0	3	0	0	0	0	0	4	0	0	0	0	0	0	1	2	0	1	0	0	0	0	0	0	0	0	0	0	0	0	0	1	0	0	0	0	0
0.03	north17_all	80	7410	9577	2368	2873	1847	787	667	883	397	316	629	231	176	154	181	83	100	148	57	46	76	46	38	45	42	23	64	56	28	10	15	7	13	11	12	3	5	8	3	4	3	0	7	8	3	2	0	1	4	0	2	0	0	0	1	2	0	0	0	0	0	1	0	0	1	0	0	0	0	0	0	1	0	0	0	0	0	0	1	0	0	0	0	0
0.03	north17_active	80	3033	8523	1345	2331	1461	341	381	717	194	149	547	123	70	39	95	18	31	114	17	14	42	17	19	32	34	10	58	49	17	5	8	2	4	3	11	2	4	3	1	1	0	0	5	6	0	2	0	1	3	0	0	0	0	0	1	2	0	0	0	0	0	1	0	0	1	0	0	0	0	0	0	1	0	0	0	0	0	0	1	0	0	0	0	0
0.03	north18_all	80	7429	8743	2350	2723	1729	802	673	841	417	331	559	214	176	163	174	89	95	130	71	49	54	55	40	36	40	24	51	37	32	13	17	10	12	14	11	5	8	5	5	5	3	0	7	8	2	2	2	1	3	2	2	0	0	0	1	3	0	0	0	0	0	3	0	1	1	0	0	1	0	0	0	1	0	0	0	0	0	0	1	0	0	0	0	0
0.03	north18_active	80	2895	7670	1271	2170	1330	356	375	659	193	144	484	117	61	45	88	20	29	97	18	13	27	25	22	20	30	6	43	32	16	6	7	2	3	5	9	3	5	1	2	1	1	0	6	6	0	2	2	1	3	0	0	0	0	0	1	2	0	0	0	0	0	1	0	0	1	0	0	1	0	0	0	1	0	0	0	0	0	0	1	0	0	0	0	0
0.03	north19_all	80	7316	7981	2295	2365	1613	798	684	768	416	302	544	235	181	168	155	86	91	122	76	43	46	42	47	41	31	21	48	36	34	15	17	8	8	13	11	4	11	5	7	4	5	3	7	5	3	0	2	1	3	2	2	0	1	0	1	4	0	1	1	0	0	2	0	1	1	0	0	1	0	0	0	1	0	0	0	1	0	0	0	0	0	0	0	0
0.03	north19_active	80	2682	6793	1193	1845	1210	342	358	560	180	121	459	135	63	48	78	24	27	83	19	11	24	20	25	23	22	5	39	31	18	6	4	0	0	6	8	2	6	2	3	1	1	3	5	3	1	0	2	1	3	0	0	0	0	0	1	3	0	1	0	0	0	0	0	0	1	0	0	1	0	0	0	1	0	0	0	0	0	0	0	0	0	0	0	0
0.03	north20_all	80	7407	7650	2263	2259	1688	818	696	697	405	289	515	238	168	170	129	85	95	119	71	41	47	42	44	38	37	24	41	36	25	16	16	8	8	11	7	4	10	6	7	4	8	4	5	3	2	2	3	1	1	2	1	0	2	0	0	6	1	1	1	0	0	2	0	1	0	0	1	1	0	0	0	0	0	0	0	1	0	0	0	0	0	0	0	0
0.03	north20_active	80	2662	6476	1160	1715	1271	344	342	507	156	115	420	124	58	48	57	23	29	77	12	11	26	15	27	26	22	9	34	30	16	10	5	2	1	3	2	2	5	4	3	1	3	4	3	2	2	1	3	0	1	0	0	0	1	0	0	5	0	1	0	0	0	0	0	0	0	0	0	1	0	0	0	0	0	0	0	0	0	0	0	0	0	0	0	0
0.03	south21_all	80	9679	5989	2184	1581	1024	1194	1876	627	408	302	241	401	179	188	120	123	90	313	83	49	39	46	41	31	30	21	42	66	20	20	12	9	10	12	8	5	5	4	8	7	4	8	2	5	2	4	2	1	1	2	1	1	3	1	0	2	1	2	0	0	0	0	0	0	0	0	0	0	0	0	0	0	0	0	0	0	0	0	0	0	0	0	0	0
0.03	south21_active	80	6199	4726	1004	855	445	843	1686	404	169	65	81	311	75	105	39	64	53	290	40	31	9	8	14	9	13	7	32	61	3	12	5	3	4	4	2	1	4	0	2	5	2	6	1	1	0	3	1	1	0	2	0	1	2	0	0	0	1	2	0	0	0	0	0	0	0	0	0	0	0	0	0	0	0	0	0	0	0	0	0	0	0	0	0	0
0.03	south22_all	80	9654	5853	2140	1581	1016	1136	1771	625	400	303	242	402	175	170	127	144	102	293	80	62	45	42	40	36	28	29	40	87	16	19	12	11	10	10	5	6	4	5	5	11	4	6	2	6	4	3	3	1	2	2	1	1	4	1	1	2	1	2	0	0	0	0	0	0	0	0	0	0	0	0	0	0	0	0	0	0	0	0	0	0	0	0	0	0
0.03	south22_active	80	6162	4596	999	850	443	802	1564	410	160	72	71	326	69	91	41	69	58	272	37	39	10	8	16	9	13	8	28	83	1	9	6	3	1	6	2	1	2	2	1	9	2	4	1	1	2	2	1	1	1	2	0	1	3	0	0	0	1	2	0	0	0	0	0	0	0	0	0	0	0	0	0	0	0	0	0	0	0	0	0	0	0	0	0	0
0.03	south23_all	80	9714	5934	2092	1625	1020	1147	1808	614	407	311	232	436	172	171	136	144	108	305	73	61	46	30	43	41	28	26	39	90	13	23	11	12	15	13	7	6	3	4	5	10	4	5	1	8	4	5	2	1	1	10	0	0	4	1	1	1	1	3	0	0	0	0	0	0	1	0	0	0	0	0	0	0	0	0	0	0	0	0	0	0	0	1	0	0
0.03	south23_active	80	6238	4635	953	862	440	828	1605	425	166	83	54	355	66	90	43	66	60	281	34	38	13	9	16	10	13	7	24	86	2	11	5	5	8	9	5	1	1	2	1	9	2	5	1	3	2	2	0	0	1	10	0	0	3	1	0	0	1	3	0	0	0	0	0	0	1	0	0	0	0	0	0	0	0	0	0	0	0	0	0	0	0	1	0	0
0.03	south24_all	80	9693	5959	2068	1593	1069	1185	1804	609	402	307	244	399	180	175	144	152	106	283	82	66	51	35	47	42	30	34	27	84	10	18	11	10	14	13	9	6	6	5	4	16	2	12	0	6	3	3	2	1	4	10	0	0	2	1	2	1	0	1	0	0	0	0	0	0	1	0	0	0	0	0	0	0	0	0	0	0	0	0	0	0	0	1	0	0
0.03	south24_active	80	6180	4668	1002	854	459	851	1591	423	151	95	65	312	73	108	54	70	57	261	52	43	15	10	16	11	15	12	15	79	2	9	5	5	8	8	6	3	3	3	1	15	1	12	0	3	2	0	0	0	1	10	0	0	2	1	0	0	0	1	0	0	0	0	0	0	1	0	0	0	0	0	0	0	0	0	0	0	0	0	0	0	0	1	0	0
0.03	south25_all	80	9812	6045	2104	1593	1070	1213	1800	608	396	308	227	432	169	189	153	146	107	302	82	77	57	38	39	40	34	32	24	67	8	17	13	10	15	18	12	11	7	5	5	17	1	11	0	5	0	2	3	1	4	8	0	0	2	1	2	0	0	1	0	0	0	0	0	0	1	0	1	0	0	0	0	0	0	0	0	0	0	0	0	0	0	1	1	0
0.03	south25_active	80	6286	4732	1034	874	465	888	1591	423	163	95	66	336	60	114	63	72	51	275	55	53	15	10	12	10	16	9	16	60	3	10	6	4	10	13	9	4	3	3	3	16	1	11	0	4	0	0	1	0	1	8	0	0	2	1	0	0	0	1	0	0	0	0	0	0	1	0	0	0	0	0	0	0	0	0	0	0	0	0	0	0	0	1	1	0
0.03	south26_all	80	9690	5991	2064	1561	1061	1194	1915	619	387	313	230	434	181	191	153	134	104	302	85	75	51	42	42	33	38	31	21	62	13	15	15	8	11	16	10	12	10	3	3	13	2	17	2	6	0	0	3	1	4	7	0	2	1	2	1	0	0	3	1	0	0	0	0	0	0	0	1	0	0	0	0	0	0	0	0	0	0	0	0	0	0	0	1	0
0.03	south26_active	80	6171	4678	1049	855	461	857	1719	425	151	95	70	340	63	117	53	64	46	276	54	49	13	7	13	9	17	9	15	56	4	12	9	3	8	11	7	5	6	3	3	12	2	17	0	5	0	0	1	0	0	7	0	2	1	1	0	0	0	2	0	0	0	0	0	0	0	0	0	0	0	0	0	0	0	0	0	0	0	0	0	0	0	0	1	0
0.03	south27_all	80	9404	5816	2145	1553	1117	1118	1720	605	393	313	229	416	190	191	138	132	115	307	79	80	58	43	39	31	32	27	19	52	11	11	19	12	11	15	11	11	12	3	7	11	4	11	2	3	3	0	4	0	2	1	1	2	0	2	0	0	0	2	1	0	0	0	0	0	0	0	1	0	0	0	0	0	0	0	0	0	0	0	0	0	0	0	1	0
0.03	south27_active	80	5871	4492	1067	839	479	793	1535	387	140	91	67	328	64	112	42	64	53	281	47	52	15	7	8	5	11	5	13	42	3	8	8	3	6	10	9	3	9	2	5	11	3	10	0	3	2	0	1	0	0	1	0	2	0	1	0	0	0	1	0	0	0	0	0	0	0	0	0	0	0	0	0	0	0	0	0	0	0	0	0	0	0	0	1	0
0.03	south28_all	80	9196	5523	2104	1522	1075	1025	1575	589	400	297	234	364	197	183	146	126	92	264	69	76	54	48	37	24	33	24	26	55	11	17	20	9	14	15	12	8	10	3	7	6	5	15	2	2	3	0	1	0	3	2	1	2	0	3	0	0	0	3	2	0	0	0	0	0	0	0	0	0	0	0	0	0	0	0	0	0	0	1	0	1	0	0	0	0
0.03	south28_active	80	5481	4117	985	765	434	702	1373	353	139	85	69	286	60	104	40	57	44	239	37	38	12	9	11	3	11	5	16	43	3	10	7	3	6	11	8	3	8	2	4	5	2	13	0	2	2	0	0	0	1	2	0	2	0	2	0	0	0	1	0	0	0	0	0	0	0	0	0	0	0	0	0	0	0	0	0	0	0	0	0	0	0	0	0	0
0.03	south29_all	80	8890	5196	2120	1505	1056	942	1389	550	394	311	231	318	199	177	129	122	99	246	65	72	55	45	43	27	25	23	30	59	9	17	20	9	13	10	10	7	10	5	8	8	5	12	2	3	5	1	2	0	2	2	1	0	0	3	0	0	1	4	1	1	0	1	0	0	0	0	0	0	0	0	0	0	0	0	0	0	0	1	0	1	0	0	0	0
0.03	south29_active	80	5068	3734	947	732	393	634	1177	314	134	82	55	235	56	95	40	48	55	222	30	33	11	9	13	4	8	5	18	48	3	9	7	0	3	4	7	1	6	2	4	7	1	9	0	2	3	0	0	0	1	2	0	0	0	2	0	0	0	3	0	0	0	1	0	0	0	0	0	0	0	0	0	0	0	0	0	0	0	0	0	0	0	0	0	0
0.03	south30_all	80	8661	4998	2087	1508	983	973	1393	523	388	315	230	299	181	149	141	118	91	217	65	77	59	47	46	32	25	22	25	53	8	18	18	10	12	7	9	6	10	5	6	4	4	12	1	3	5	1	1	2	2	2	0	0	0	1	0	0	1	3	1	2	0	1	0	0	1	0	0	0	0	0	0	0	0	0	0	0	0	1	0	1	0	0	0	0
0.03	south30_active	80	4844	3490	890	690	342	653	1192	286	124	77	50	212	47	80	39	44	47	193	29	33	13	12	15	5	11	5	16	42	3	5	5	0	4	2	5	1	6	2	4	3	0	10	0	1	2	0	0	0	1	2	0	0	0	1	0	0	0	2	0	0	0	1	0	0	1	0	0	0	0	0	0	0	0	0	0	0	0	0	0	0	0	0	0	0
0.03	south31_all	80	9796	6238	2225	1575	1010	1178	1777	667	387	298	224	411	168	183	147	131	108	291	79	71	44	38	35	36	31	33	29	76	17	20	11	10	11	17	8	5	6	3	8	6	5	10	1	3	4	2	2	2	1	4	0	2	1	1	5	1	2	2	0	0	0	0	0	0	0	0	0	0	0	0	0	0	0	0	1	0	0	0	0	0	0	0	0	0
0.03	south31_active	80	6234	4909	1084	880	405	865	1569	441	142	95	66	321	75	105	45	76	54	255	49	41	11	7	13	7	12	11	23	69	5	13	7	3	6	11	6	4	3	1	5	4	2	10	1	3	1	0	2	1	0	3	0	0	1	1	1	0	1	2	0	0	0	0	0	0	0	0	0	0	0	0	0	0	0	0	0	0	0	0	0	0	0	0	0	0
0.03	south32_all	80	9684	6154	2214	1579	1026	1183	1845	664	345	280	230	400	189	192	136	128	88	287	69	67	42	38	46	34	35	36	37	71	18	15	5	13	6	16	7	8	5	4	5	5	4	7	1	3	1	3	2	2	1	5	0	1	1	2	3	0	1	2	0	0	0	0	0	0	0	0	0	0	0	0	0	0	0	0	0	0	0	0	0	0	0	0	0	0
0.03	south32_active	80	6208	4857	1056	886	411	873	1637	442	130	89	70	312	82	103	45	74	46	256	41	38	11	10	21	7	12	10	27	62	6	7	3	3	2	9	5	4	2	3	3	3	2	6	0	2	1	1	2	1	0	4	0	0	1	1	1	0	0	2	0	0	0	0	0	0	0	0	0	0	0	0	0	0	0	0	0	0	0	0	0	0	0	0	0	0
0.03	south33_all	80	9669	6013	2216	1524	1071	1141	1815	641	352	282	239	420	204	204	143	135	93	258	61	62	44	42	45	37	36	38	35	47	16	11	11	15	9	8	8	9	6	4	5	14	3	12	2	3	2	3	1	1	1	2	0	1	1	2	1	1	1	0	0	0	0	0	0	0	0	0	0	0	0	0	0	0	0	0	0	0	0	0	0	0	0	0	0	0
0.03	south33_active	80	6189	4748	1044	832	444	839	1611	429	146	85	77	337	85	122	50	73	52	235	36	39	13	11	20	7	17	12	23	38	5	5	7	3	5	5	6	4	3	2	3	10	1	9	0	2	1	1	1	1	0	2	0	0	1	1	0	1	0	0	0	0	0	0	0	0	0	0	0	0	0	0	0	0	0	0	0	0	0	0	0	0	0	0	0	0
0.03	south34_all	80	9595	5937	2186	1484	1043	1119	1876	668	343	284	239	405	216	218	159	136	98	282	58	63	52	44	46	47	31	31	33	54	16	8	16	16	11	7	9	9	6	6	2	27	3	11	3	3	1	2	0	1	2	2	0	1	1	3	1	2	1	0	0	0	0	0	0	0	0	0	0	0	0	0	0	0	0	0	0	0	0	0	0	0	0	0	0	0
0.03	south34_active	80	6121	4645	1033	789	451	815	1673	441	143	90	73	333	79	130	56	70	54	263	34	31	15	12	22	10	14	8	19	43	8	4	8	4	6	3	5	4	4	2	2	24	1	8	1	1	0	1	0	1	1	2	0	0	1	2	0	2	0	0	0	0	0	0	0	0	0	0	0	0	0	0	0	0	0	0	0	0	0	0	0	0	0	0	0	0
0.03	south35_all	80	9638	5951	2220	1545	1028	1133	1841	647	376	310	238	417	195	201	152	151	94	281	56	58	47	43	51	39	33	30	31	57	14	10	20	18	14	7	12	12	10	6	3	27	1	10	6	2	2	1	0	1	2	2	0	3	1	2	3	2	1	0	0	0	0	0	0	0	1	0	0	0	0	0	0	0	0	0	0	0	0	0	0	0	0	0	0	0
0.03	south35_active	80	6135	4613	1079	803	453	829	1657	430	155	85	75	333	78	127	51	70	46	258	30	30	13	8	23	9	13	10	16	44	6	7	8	6	9	1	7	8	8	2	2	24	1	7	1	0	0	1	0	1	1	2	0	3	1	1	1	2	0	0	0	0	0	0	0	0	1	0	0	0	0	0	0	0	0	0	0	0	0	0	0	0	0	0	0	0
0.03	south36_all	80	9728	5993	2227	1542	1023	1133	1825	689	396	311	221	388	179	195	138	149	86	259	77	61	53	43	49	39	34	24	27	76	14	12	19	20	14	7	10	16	17	6	7	26	3	17	5	2	2	0	0	3	2	2	2	3	1	1	2	1	1	0	0	0	0	0	0	0	1	0	0	0	0	0	0	0	1	0	0	0	0	0	0	0	0	0	0	0
0.03	south36_active	80	6196	4669	1112	786	444	814	1654	471	154	90	69	300	71	119	47	66	39	238	45	33	16	11	25	13	12	8	14	65	5	8	7	7	7	2	5	12	15	2	5	24	2	14	1	1	0	0	0	2	1	1	2	3	1	1	1	1	0	0	0	0	0	0	0	0	1	0	0	0	0	0	0	0	0	0	0	0	0	0	0	0	0	0	0	0
0.03	south37_all	80	9662	5942	2188	1552	1046	1184	1782	655	394	312	235	386	160	174	134	136	93	268	87	76	49	38	49	42	32	22	25	64	14	15	17	18	14	8	15	12	12	4	9	17	4	21	3	2	3	1	1	2	2	2	2	4	0	0	2	1	1	0	1	0	0	0	0	0	1	2	0	1	0	0	0	0	1	0	0	0	0	0	0	0	0	0	0	0
0.03	south37_active	80	6170	4670	1081	811	439	844	1589	450	136	89	74	306	72	101	52	56	45	250	49	44	17	8	25	10	10	11	16	55	5	10	5	7	9	2	10	9	11	2	7	16	3	19	0	2	1	1	1	1	1	1	2	3	0	0	1	1	0	0	0	0	0	0	0	0	1	0	0	1	0	0	0	0	0	0	0	0	0	0	0	0	0	0	0	0
0.03	south38_all	80	9119	5579	2172	1495	1044	1129	1735	644	405	310	248	357	165	167	119	130	100	217	89	77	44	42	36	32	29	20	22	78	12	14	16	17	16	10	9	12	13	4	8	3	5	18	2	3	4	1	3	2	1	1	2	1	1	1	0	0	1	0	1	0	0	0	0	0	0	2	0	1	0	0	0	0	1	0	0	0	0	0	0	0	0	0	0	0
0.03	south38_active	80	5624	4299	999	742	428	767	1524	420	131	79	71	285	66	91	39	51	45	200	50	41	18	12	16	7	8	8	14	73	3	8	6	6	11	4	7	6	12	2	7	2	2	17	1	3	2	1	2	1	0	0	2	0	1	0	0	0	0	0	0	0	0	0	0	0	0	0	0	1	0	0	0	0	0	0	0	0	0	0	0	0	0	0	0	0
0.03	south39_all	80	8831	5363	2109	1509	1002	1097	1571	596	388	319	254	332	174	148	140	116	107	210	67	86	43	40	35	32	31	25	16	70	12	15	16	15	14	12	8	10	8	3	5	3	3	15	1	3	5	3	3	1	2	1	2	2	1	2	0	0	1	3	1	1	0	0	0	0	0	2	0	1	0	0	0	0	1	0	0	0	0	0	0	0	0	0	0	0
0.03	south39_active	80	5262	4014	893	736	402	717	1355	353	123	87	66	260	60	80	42	46	46	187	32	45	10	10	14	6	11	7	11	63	4	5	6	6	11	6	6	4	6	1	3	2	1	14	1	2	2	2	2	0	1	0	2	1	1	0	0	0	0	2	0	1	0	0	0	0	0	0	0	1	0	0	0	0	0	0	0	0	0	0	0	0	0	0	0	0
0.03	south40_all	80	8458	4987	2110	1507	954	1071	1399	553	399	302	258	314	188	146	130	122	103	194	64	78	47	48	33	37	33	26	17	75	15	14	14	12	14	11	5	10	10	4	5	7	4	8	1	3	6	2	2	1	2	3	2	1	2	4	0	0	1	3	0	1	0	1	0	0	0	0	0	1	0	0	0	0	0	0	0	1	0	0	0	0	0	0	0	0
0.03	south40_active	80	4842	3610	878	698	360	671	1164	307	130	75	67	240	55	79	36	46	39	168	23	36	13	12	9	8	14	5	12	63	2	4	7	4	10	5	3	3	4	2	3	3	1	7	1	1	3	1	1	0	1	1	1	1	2	0	0	0	0	2	0	1	0	1	0	0	0	0	0	1	0	0	0	0	0	0	0	1	0	0	0	0	0	0	0	0
