label	Group	numOtus	Otu0	Otu1	Otu2	Otu3	Otu4	Otu5	Otu6	Otu7	Otu8	Otu9	Otu10	Otu11	Otu12	Otu13	Otu14	Otu15	Otu16	Otu17	Otu18	Otu19	Otu20	Otu21	Otu22	Otu23	Otu24	Otu25	Otu26	Otu27	Otu28	Otu29	Otu30	Otu31	Otu32	Otu33	Otu34	Otu35	Otu36	Otu37	Otu38	Otu39	Otu40	Otu41	Otu42	Otu43	Otu44	Otu45	Otu46	Otu47	Otu48	Otu49	Otu50	Otu51	Otu52	Otu53	Otu54	Otu55	Otu56	Otu57	Otu58	Otu59	Otu60	Otu61	Otu62	Otu63	Otu64	Otu65	Otu66	Otu67	Otu68	Otu69	Otu70	Otu71	Otu72	Otu73	Otu74	Otu75	Otu76	Otu77	Otu78	Otu79	Otu80	Otu81	Otu82	Otu83	Otu84	Otu85	Otu86	Otu87	Otu88	Otu89	Otu90	Otu91	Otu92	Otu93	Otu94	Otu95	Otu96	Otu97	Otu98	Otu99	Otu100	Otu101	Otu102	Otu103	Otu104	Otu105	Otu106	Otu107	Otu108	Otu109	Otu110	Otu111	Otu112	Otu113	Otu114	Otu115	Otu116	Otu117	Otu118	Otu119	Otu120	Otu121	Otu122	Otu123	Otu124	Otu125	Otu126	Otu127	Otu128	Otu129	Otu130	Otu131	Otu132	Otu133	Otu134	Otu135	Otu136	Otu137	Otu138	Otu139	Otu140	Otu141	Otu142	Otu143	Otu144	Otu145	Otu146	Otu147	Otu148	Otu149	Otu150	Otu151	Otu152	Otu153	Otu154	Otu155	Otu156	Otu157	Otu158	Otu159	Otu160	Otu161	Otu162	Otu163	Otu164	Otu165	Otu166	Otu167	Otu168	Otu169	Otu170	Otu171	Otu172	Otu173	Otu174	Otu175	Otu176	Otu177	Otu178	Otu179	Otu180	Otu181	Otu182	Otu183	Otu184	Otu185	Otu186	Otu187	Otu188	Otu189	Otu190	Otu191	Otu192	Otu193	Otu194	Otu195	Otu196	Otu197	Otu198	Otu199
0.03	north1_all	80	691	597	293	186	142	91	155	81	64	52	76	110	26	62	58	19	19	22	61	34	18	17	34	17	19	14	51	9	6	10	4	7	6	12	11	9	22	6	11	13	8	6	13	3	7	4	5	6	8	5	2	3	4	1	0	4	3	2	4	8	2	3	3	2	1	8	2	4	2	0	3	3	0	1	2	4	2	3	4	1	5	2	1	1	3	3	0	2	0	3	0	4	1	0	0	1	0	1	0	0	0	0	2	1	6	2	0	3	0	0	0	0	0	1	0	0	0	0	0	1	0	0	0	0	0	0	0	0	1	0	0	0	0	0	0	0	0	0	0	0	0	0	1	0	0	0	0	0	0	0	0	0	0	0	1	0	0	0	0	0	0	0	0	0	0	0	1	0	0	2	0	0	0	0	0	0	0	0	0	0	0	0	0	0	0	0	0	0	0	0	0	0	0	1	0	0	0	1	0	0
0.03	north1_active	80	325	354	159	102	62	40	85	39	24	24	35	56	11	31	32	8	8	7	37	15	4	10	23	9	13	6	33	4	2	5	3	1	4	3	4	7	9	3	3	5	3	1	11	3	4	2	3	4	6	2	0	1	1	1	0	3	2	2	2	3	0	0	0	0	0	5	1	3	0	0	0	3	0	0	1	2	1	3	1	0	4	0	0	0	2	1	0	2	0	3	0	4	1	0	0	0	0	0	0	0	0	0	1	1	3	2	0	3	0	0	0	0	0	0	0	0	0	0	0	0	0	0	0	0	0	0	0	0	0	0	0	0	0	0	0	0	0	0	0	0	0	0	1	0	0	0	0	0	0	0	0	0	0	0	0	0	0	0	0	0	0	0	0	0	0	0	0	0	0	2	0	0	0	0	0	0	0	0	0	0	0	0	0	0	0	0	0	0	0	0	0	0	0	0	0	0	0	0	0	0
0.03	north2_all	80	694	617	278	178	137	88	137	79	73	57	77	105	24	77	55	20	23	13	58	32	24	22	33	19	17	17	48	11	8	11	13	5	6	13	11	11	20	5	9	11	10	3	2	7	12	5	6	10	4	4	2	4	4	0	2	3	4	2	2	5	5	4	4	3	2	6	1	6	3	2	6	3	2	3	3	2	2	1	3	0	6	3	1	3	4	3	0	4	0	3	0	4	1	0	0	3	0	0	0	0	0	0	2	1	5	2	1	0	0	0	0	1	0	0	0	0	0	1	1	1	0	0	0	0	0	0	0	0	1	0	0	0	0	0	0	0	1	0	0	1	0	0	1	1	0	0	0	0	0	0	0	1	0	0	1	0	0	0	0	0	0	0	0	0	0	0	1	0	0	2	0	0	0	0	0	0	0	0	0	0	0	0	0	0	0	1	0	0	0	0	0	0	0	0	0	0	0	0	0	0
0.03	north2_active	80	328	373	151	89	57	34	67	33	26	25	34	61	10	43	29	8	10	4	31	14	8	12	18	8	10	6	29	6	3	4	10	2	3	3	2	7	6	2	3	4	6	0	2	6	5	2	3	6	4	2	0	2	2	0	1	1	2	0	2	1	2	2	1	0	0	4	0	5	0	0	1	3	2	1	2	1	1	1	1	0	5	0	0	2	1	1	0	4	0	3	0	4	1	0	0	0	0	0	0	0	0	0	1	1	3	2	0	0	0	0	0	1	0	0	0	0	0	1	0	0	0	0	0	0	0	0	0	0	0	0	0	0	0	0	0	0	0	0	0	0	0	0	1	0	0	0	0	0	0	0	0	0	0	0	0	0	0	0	0	0	0	0	0	0	0	0	0	0	0	2	0	0	0	0	0	0	0	0	0	0	0	0	0	0	0	0	0	0	0	0	0	0	0	0	0	0	0	0	0	0
0.03	north3_all	80	713	635	259	176	146	89	117	76	68	64	67	103	34	84	53	36	34	20	58	33	23	23	27	17	23	16	43	12	11	9	15	6	5	13	9	13	16	4	7	8	11	3	2	8	11	2	7	11	2	3	2	4	3	1	3	3	4	4	5	6	4	3	6	3	2	4	0	6	3	2	5	3	2	3	3	3	1	1	3	0	4	3	2	2	3	5	0	5	0	3	0	3	2	1	0	2	0	0	0	1	0	0	2	0	3	2	1	0	0	0	0	1	2	0	0	1	0	1	1	1	0	0	0	0	2	0	0	0	1	0	0	0	0	0	0	0	1	0	0	2	0	0	1	1	0	0	0	0	0	0	0	1	0	0	1	0	1	0	1	0	0	0	0	0	0	0	1	0	0	2	0	0	0	0	0	0	0	0	0	0	0	0	0	0	0	1	0	0	0	0	0	0	0	0	0	0	0	0	0	0
0.03	north3_active	80	344	374	139	92	75	41	53	30	28	29	33	70	12	50	23	17	13	10	25	17	8	13	13	8	15	5	23	8	6	3	10	4	3	5	0	7	3	1	1	5	7	1	0	5	5	1	3	6	2	1	0	3	2	1	2	1	0	1	4	0	2	2	2	0	0	4	0	6	0	0	2	1	2	1	2	3	0	0	1	0	4	0	0	2	1	2	0	5	0	3	0	3	1	1	0	0	0	0	0	0	0	0	1	0	3	2	0	0	0	0	0	1	2	0	0	1	0	1	0	0	0	0	0	0	2	0	0	0	0	0	0	0	0	0	0	0	0	0	0	0	0	0	1	0	0	0	0	0	0	0	0	0	0	0	0	0	0	0	1	0	0	0	0	0	0	0	0	0	0	2	0	0	0	0	0	0	0	0	0	0	0	0	0	0	0	0	0	0	0	0	0	0	0	0	0	0	0	0	0	0
0.03	north4_all	80	738	640	256	188	152	92	111	72	56	58	74	84	34	88	51	47	31	27	42	26	21	26	32	13	33	15	37	12	9	8	17	9	8	12	6	11	11	5	7	7	12	6	8	9	9	2	7	10	2	5	4	2	2	1	4	2	5	4	5	9	4	5	3	3	2	3	2	5	1	2	5	2	2	3	4	4	3	2	0	0	4	2	2	2	2	4	0	4	0	0	0	3	2	1	1	3	0	1	0	3	0	0	0	0	0	2	1	0	0	1	0	1	2	0	0	1	0	2	1	1	0	0	0	0	2	0	0	0	0	0	0	0	0	0	0	0	1	0	0	2	0	0	0	1	0	0	0	0	0	0	0	1	0	0	0	0	1	0	1	0	0	0	1	0	0	0	1	0	0	2	0	0	0	0	0	0	1	0	0	0	0	0	0	0	0	1	0	0	0	0	0	0	0	0	0	0	0	0	0	0
0.03	north4_active	80	367	364	143	96	76	45	53	26	25	29	40	57	13	64	24	25	11	11	17	13	11	14	19	5	23	2	18	8	4	3	11	7	4	3	1	6	4	2	3	4	8	3	2	4	4	1	3	5	1	1	1	2	1	1	3	0	0	1	4	2	2	4	2	1	1	3	1	5	0	0	2	0	2	1	3	3	1	1	0	0	3	0	0	2	0	2	0	3	0	0	0	3	1	1	0	0	0	1	0	0	0	0	0	0	0	2	0	0	0	1	0	1	2	0	0	1	0	2	0	0	0	0	0	0	2	0	0	0	0	0	0	0	0	0	0	0	0	0	0	0	0	0	0	0	0	0	0	0	0	0	0	0	0	0	0	0	0	0	1	0	0	0	1	0	0	0	0	0	0	2	0	0	0	0	0	0	0	0	0	0	0	0	0	0	0	0	0	0	0	0	0	0	0	0	0	0	0	0	0	0
0.03	north5_all	80	728	634	290	205	176	100	115	72	55	56	75	90	38	83	45	51	28	30	52	33	21	21	30	16	27	11	25	10	12	9	13	10	8	9	6	10	9	7	10	4	11	8	8	7	10	5	5	6	3	6	4	3	2	2	2	2	5	2	4	6	0	4	2	3	3	2	3	3	3	2	4	3	1	1	3	3	4	2	0	0	3	0	5	0	3	3	0	2	0	0	0	0	2	1	1	3	0	1	0	3	0	0	0	1	0	0	0	5	0	2	0	0	2	0	0	1	1	2	0	0	0	0	0	0	2	0	0	0	0	0	0	0	0	0	0	0	0	0	0	1	0	0	0	0	0	0	0	1	0	0	0	0	0	1	0	0	1	0	1	0	0	0	1	0	0	0	0	0	1	0	0	0	0	0	0	0	1	0	0	0	0	0	0	0	0	1	0	0	0	0	0	0	0	0	0	0	0	0	0	0
0.03	north5_active	80	353	344	165	106	91	48	63	34	28	29	42	64	16	61	21	26	12	14	24	15	12	12	22	4	20	3	11	6	6	5	4	7	6	3	2	5	5	3	6	1	5	5	2	1	4	1	1	3	2	2	1	1	2	1	2	0	0	1	2	2	0	2	1	1	1	2	2	3	1	0	2	1	1	0	3	2	2	1	0	0	1	0	2	0	2	1	0	1	0	0	0	0	1	1	0	0	0	1	0	0	0	0	0	1	0	0	0	5	0	1	0	0	2	0	0	1	1	2	0	0	0	0	0	0	2	0	0	0	0	0	0	0	0	0	0	0	0	0	0	0	0	0	0	0	0	0	0	1	0	0	0	0	0	1	0	0	0	0	1	0	0	0	1	0	0	0	0	0	0	0	0	0	0	0	0	0	0	0	0	0	0	0	0	0	0	0	0	0	0	0	0	0	0	0	0	0	0	0	0	0
0.03	north6_all	80	772	673	314	206	168	107	141	81	72	43	70	102	43	85	39	40	19	26	52	34	18	21	34	17	25	15	28	9	10	10	11	15	11	6	10	7	10	16	14	5	11	11	16	7	5	8	3	5	3	8	10	3	6	1	2	2	5	3	5	10	1	4	1	1	3	1	3	3	2	0	4	7	1	1	3	3	13	2	0	0	2	1	6	1	4	1	0	2	1	1	0	0	1	1	1	1	0	1	0	2	0	0	1	2	2	0	0	5	0	2	0	0	2	0	0	1	1	1	0	0	0	0	0	0	2	1	0	1	0	0	0	1	0	1	0	0	0	0	1	0	0	0	0	0	0	0	0	1	0	0	0	0	0	1	0	0	1	0	0	0	0	0	1	0	0	0	0	1	1	0	0	0	0	0	0	0	1	0	0	0	0	0	0	0	0	0	0	0	1	0	0	0	0	0	0	0	0	0	0	0
0.03	north6_active	80	372	376	183	112	83	51	87	46	37	23	41	75	22	65	21	23	8	12	20	13	10	10	23	5	18	5	12	2	4	7	6	9	5	1	6	4	5	12	8	2	3	7	12	1	2	5	1	3	2	3	3	0	4	0	1	0	1	2	2	6	1	2	1	1	1	1	2	2	1	0	2	5	1	0	3	2	10	1	0	0	0	0	3	1	2	1	0	1	1	1	0	0	1	1	0	0	0	1	0	0	0	0	0	2	2	0	0	5	0	1	0	0	2	0	0	1	1	1	0	0	0	0	0	0	2	1	0	0	0	0	0	0	0	0	0	0	0	0	0	0	0	0	0	0	0	0	0	1	0	0	0	0	0	1	0	0	0	0	0	0	0	0	1	0	0	0	0	0	0	0	0	0	0	0	0	0	0	0	0	0	0	0	0	0	0	0	0	0	1	0	0	0	0	0	0	0	0	0	0	0
0.03	north7_all	80	742	717	329	189	146	105	149	77	70	60	64	100	38	92	38	34	24	19	60	36	19	16	34	21	16	13	40	8	10	16	13	12	14	6	12	11	15	24	15	5	10	7	13	11	7	8	1	2	3	10	9	5	7	2	1	2	5	1	6	9	2	9	2	1	4	1	1	3	2	0	3	5	2	2	3	4	11	1	0	0	1	1	6	1	5	0	1	1	1	4	0	0	2	0	0	0	0	1	0	0	0	0	1	2	2	2	0	5	2	2	0	1	0	0	0	0	1	1	0	0	0	0	0	0	0	1	0	2	0	1	0	1	0	1	0	0	0	0	1	0	0	0	0	0	0	0	0	1	0	0	0	0	0	1	0	0	0	0	0	0	0	0	0	0	0	0	0	1	1	0	0	0	0	0	0	0	1	0	1	0	1	0	0	0	0	0	0	0	1	0	0	0	2	0	0	0	0	0	0	0
0.03	north7_active	80	380	434	198	106	72	54	98	47	36	28	38	75	21	71	24	18	12	9	25	15	8	8	23	8	9	5	21	1	6	8	7	6	6	2	7	5	10	19	7	1	3	6	10	4	2	4	0	2	3	5	4	0	5	1	0	0	2	1	2	4	1	5	2	1	1	1	1	0	1	0	1	5	1	0	2	4	9	1	0	0	0	0	4	1	2	0	0	0	1	2	0	0	1	0	0	0	0	1	0	0	0	0	0	2	2	2	0	5	2	1	0	0	0	0	0	0	1	1	0	0	0	0	0	0	0	1	0	1	0	0	0	0	0	0	0	0	0	0	0	0	0	0	0	0	0	0	0	1	0	0	0	0	0	1	0	0	0	0	0	0	0	0	0	0	0	0	0	0	0	0	0	0	0	0	0	0	0	0	1	0	1	0	0	0	0	0	0	0	1	0	0	0	2	0	0	0	0	0	0	0
0.03	north8_all	80	742	706	335	189	123	103	127	80	73	55	64	93	38	107	30	32	22	22	55	37	19	18	35	20	17	10	55	11	9	14	17	9	12	8	13	14	16	22	19	6	11	5	13	9	10	8	2	5	4	11	10	4	10	2	4	2	4	2	16	9	3	7	3	3	3	0	2	3	2	0	3	6	2	3	3	4	15	1	0	1	0	1	5	2	2	2	3	1	1	4	0	0	1	1	0	0	0	1	0	0	0	0	1	2	2	2	0	0	2	0	0	1	0	0	0	0	1	1	0	0	0	0	1	0	0	1	0	2	1	1	0	1	0	1	1	0	1	1	1	0	0	0	0	0	0	0	0	0	0	0	0	0	0	0	0	0	0	0	0	0	0	0	0	0	0	0	0	1	1	0	0	0	0	0	0	0	0	2	1	0	1	0	0	0	0	0	0	0	1	0	0	0	2	0	0	0	0	0	0	0
0.03	north8_active	80	377	432	209	108	63	49	85	39	34	26	42	70	26	75	18	15	11	14	24	15	9	8	22	8	12	5	25	1	5	5	10	4	4	3	8	7	11	18	9	3	5	4	11	4	5	5	1	5	2	5	5	0	5	1	3	0	3	1	13	4	1	3	3	3	1	0	1	0	2	0	1	6	1	0	1	4	12	1	0	1	0	0	4	2	0	2	0	0	1	2	0	0	0	1	0	0	0	1	0	0	0	0	0	2	2	2	0	0	2	0	0	0	0	0	0	0	1	1	0	0	0	0	0	0	0	1	0	1	1	0	0	0	0	0	1	0	0	0	0	0	0	0	0	0	0	0	0	0	0	0	0	0	0	0	0	0	0	0	0	0	0	0	0	0	0	0	0	0	0	0	0	0	0	0	0	0	0	2	1	0	1	0	0	0	0	0	0	0	1	0	0	0	2	0	0	0	0	0	0	0
0.03	north9_all	80	727	673	308	184	124	93	122	81	63	64	64	70	39	111	32	26	26	24	51	30	18	21	33	16	21	11	66	12	12	15	13	13	9	10	11	12	13	16	16	10	14	4	11	6	12	8	4	5	6	10	8	4	9	2	6	1	8	1	16	8	3	9	3	4	2	1	1	3	1	0	2	1	1	3	3	4	5	2	0	1	0	1	2	3	1	2	4	4	0	4	1	0	1	1	0	0	0	1	0	0	0	0	1	1	5	2	0	0	3	1	0	1	1	0	0	1	0	2	1	0	0	0	1	0	0	1	1	2	1	1	0	1	0	0	1	0	1	1	0	0	0	0	0	0	0	1	0	0	0	0	0	0	0	0	4	0	0	0	0	0	0	0	0	0	0	0	0	0	0	0	0	0	0	0	0	0	0	2	1	0	1	0	0	0	0	0	0	0	0	0	0	0	2	0	0	0	0	0	0	0
0.03	north9_active	80	373	419	181	98	51	47	86	41	24	29	38	54	27	78	19	11	13	15	30	17	7	8	22	8	15	5	38	3	6	7	6	6	5	3	6	5	11	13	8	6	12	2	8	3	7	4	1	4	1	4	5	1	5	1	3	0	4	0	14	4	0	5	2	3	1	0	0	1	1	0	0	1	0	0	1	4	4	1	0	1	0	0	1	3	0	2	1	3	0	2	1	0	0	1	0	0	0	1	0	0	0	0	0	1	5	2	0	0	2	0	0	0	1	0	0	0	0	1	1	0	0	0	0	0	0	1	0	1	1	0	0	0	0	0	1	0	0	0	0	0	0	0	0	0	0	0	0	0	0	0	0	0	0	0	4	0	0	0	0	0	0	0	0	0	0	0	0	0	0	0	0	0	0	0	0	0	0	2	1	0	1	0	0	0	0	0	0	0	0	0	0	0	2	0	0	0	0	0	0	0
0.03	north10_all	80	683	588	287	188	140	87	138	74	54	54	58	61	33	89	35	27	22	26	42	30	17	21	34	18	19	11	55	13	16	13	18	12	15	9	10	10	7	12	13	8	10	3	7	2	14	6	5	4	6	11	3	3	11	3	7	1	7	3	17	2	3	9	3	4	2	1	1	3	1	1	3	2	2	3	3	3	5	2	0	1	0	1	2	3	0	3	5	3	0	0	1	0	0	1	0	0	0	0	0	0	0	0	2	0	3	0	0	0	1	1	0	1	1	0	0	2	1	2	1	0	0	0	1	0	0	0	1	1	1	1	0	0	0	0	2	0	1	1	0	0	0	0	0	0	0	1	0	0	0	1	0	0	0	0	4	0	0	0	0	0	0	0	0	0	0	0	0	0	0	0	0	0	0	1	0	0	0	2	0	0	0	0	0	1	0	0	0	0	0	0	0	0	0	0	0	0	0	0	0	0
0.03	north10_active	80	332	348	175	106	61	39	91	32	19	29	32	39	20	53	15	10	10	13	26	13	8	8	19	9	13	5	34	5	7	6	8	5	8	1	4	5	5	7	8	5	9	1	4	0	9	2	1	3	1	7	1	3	6	1	4	0	2	2	16	0	0	6	1	2	1	0	0	2	1	0	0	1	1	1	1	2	4	1	0	1	0	1	1	2	0	2	2	3	0	0	1	0	0	1	0	0	0	0	0	0	0	0	1	0	3	0	0	0	0	0	0	0	1	0	0	0	1	1	1	0	0	0	0	0	0	0	0	1	1	0	0	0	0	0	1	0	0	0	0	0	0	0	0	0	0	0	0	0	0	0	0	0	0	0	4	0	0	0	0	0	0	0	0	0	0	0	0	0	0	0	0	0	0	1	0	0	0	2	0	0	0	0	0	0	0	0	0	0	0	0	0	0	0	0	0	0	0	0	0	0
0.03	north11_all	80	734	604	288	203	110	91	122	79	50	58	66	127	38	98	55	29	20	28	36	40	24	20	41	12	26	13	32	14	13	11	19	7	14	7	13	13	11	11	8	11	16	9	8	3	8	1	4	10	4	4	5	3	2	5	3	0	1	1	12	10	4	3	1	4	4	3	2	5	5	6	3	3	1	6	4	1	3	4	0	1	4	0	3	2	2	2	1	0	0	1	4	2	0	0	3	1	0	0	0	0	2	1	1	0	2	2	0	0	0	5	0	0	1	0	0	3	0	1	0	0	0	0	1	0	2	0	0	1	0	0	0	0	0	0	1	0	0	0	0	0	1	0	0	0	1	0	0	0	0	0	0	0	0	1	1	0	0	1	0	0	0	0	0	0	0	0	1	0	0	0	0	0	0	0	0	0	0	0	0	0	0	0	0	0	0	0	0	0	0	0	0	0	0	0	0	0	0	0	0	0
0.03	north11_active	80	320	370	161	98	50	43	72	35	18	23	40	76	20	80	26	12	9	11	20	27	15	9	28	9	14	7	15	7	2	3	9	3	11	0	6	7	5	7	3	5	10	3	5	1	4	0	1	6	3	1	1	2	0	3	1	0	1	0	8	10	3	2	1	2	4	1	1	4	3	4	0	2	0	3	0	1	0	1	0	1	3	0	3	1	1	1	0	0	0	0	1	0	0	0	1	0	0	0	0	0	2	1	1	0	2	2	0	0	0	5	0	0	0	0	0	2	0	0	0	0	0	0	0	0	1	0	0	0	0	0	0	0	0	0	0	0	0	0	0	0	1	0	0	0	1	0	0	0	0	0	0	0	0	1	0	0	0	1	0	0	0	0	0	0	0	0	1	0	0	0	0	0	0	0	0	0	0	0	0	0	0	0	0	0	0	0	0	0	0	0	0	0	0	0	0	0	0	0	0	0
0.03	north12_all	80	748	607	302	211	113	97	125	72	60	60	68	109	36	100	49	27	22	31	34	41	23	23	32	12	23	15	28	10	18	13	18	8	18	10	9	14	9	8	9	12	14	7	7	3	6	2	4	10	6	5	1	2	3	6	4	1	3	2	7	11	3	3	4	3	2	4	3	6	4	6	2	2	1	4	5	1	1	6	1	1	5	0	3	0	2	2	1	0	0	0	5	2	0	0	4	1	0	0	0	0	0	1	1	0	5	3	0	0	0	2	0	0	6	0	0	2	0	1	0	1	0	0	1	0	2	0	0	1	0	0	0	0	0	0	1	0	0	0	0	0	1	0	0	0	1	0	0	0	0	0	0	0	0	1	0	0	0	0	0	0	1	0	0	0	0	0	0	0	0	0	0	0	0	0	0	0	0	0	0	0	0	0	0	0	0	0	0	0	0	0	0	0	0	0	1	0	0	0	0	0
0.03	north12_active	80	363	355	181	100	44	49	78	31	21	26	37	68	21	78	18	10	8	13	20	28	12	9	25	9	13	10	12	4	6	4	9	4	14	2	4	9	5	4	2	8	7	1	6	2	0	1	1	5	3	2	1	0	0	5	1	0	1	0	3	10	2	2	1	3	2	1	1	5	2	4	0	2	0	2	1	1	1	1	0	1	4	0	3	0	1	1	0	0	0	0	1	0	0	0	1	0	0	0	0	0	0	0	1	0	2	2	0	0	0	2	0	0	4	0	0	2	0	0	0	1	0	0	0	0	1	0	0	0	0	0	0	0	0	0	0	0	0	0	0	0	1	0	0	0	1	0	0	0	0	0	0	0	0	1	0	0	0	0	0	0	0	0	0	0	0	0	0	0	0	0	0	0	0	0	0	0	0	0	0	0	0	0	0	0	0	0	0	0	0	0	0	0	0	0	0	0	0	0	0	0
0.03	north13_all	80	721	583	301	203	123	90	137	69	61	53	69	100	35	99	45	29	24	34	35	31	21	16	22	19	17	19	27	10	17	17	20	10	16	9	10	15	10	9	10	12	11	10	10	5	10	3	4	8	6	6	0	3	5	4	2	2	2	1	7	15	4	4	5	4	4	2	3	7	3	4	0	4	1	1	4	1	3	4	1	1	5	0	3	0	0	0	1	2	0	0	5	3	0	1	3	1	0	0	3	0	0	1	1	0	3	2	0	3	0	1	1	0	6	0	0	2	0	1	0	1	0	0	0	0	0	0	0	0	0	0	0	0	0	0	1	0	0	0	0	0	0	0	0	0	1	0	0	0	0	0	0	0	0	0	0	0	0	0	0	0	1	0	0	0	1	0	0	0	0	0	0	1	0	0	0	0	0	0	0	0	0	0	0	1	0	0	0	0	0	0	0	0	0	0	1	0	0	0	0	0
0.03	north13_active	80	355	351	178	100	51	41	84	29	25	25	39	61	17	70	16	10	8	15	20	21	12	5	15	13	11	14	13	6	6	11	12	5	10	4	5	12	5	5	2	7	7	4	7	4	4	1	1	3	3	3	0	0	1	3	1	0	0	0	3	11	2	2	1	4	3	0	0	7	1	2	0	4	0	0	2	1	3	0	0	1	4	0	3	0	0	0	0	2	0	0	3	0	0	0	0	0	0	0	2	0	0	0	1	0	0	1	0	3	0	1	0	0	4	0	0	2	0	0	0	1	0	0	0	0	0	0	0	0	0	0	0	0	0	0	0	0	0	0	0	0	0	0	0	0	1	0	0	0	0	0	0	0	0	0	0	0	0	0	0	0	0	0	0	0	0	0	0	0	0	0	0	0	0	0	0	0	0	0	0	0	0	0	0	0	0	0	0	0	0	0	0	0	0	0	0	0	0	0	0	0
0.03	north14_all	80	661	614	296	202	115	86	157	68	66	49	56	86	43	94	40	28	30	29	32	30	17	16	23	17	13	19	25	10	14	19	22	10	17	7	7	9	7	8	10	10	13	8	10	5	9	4	4	8	4	5	1	4	5	5	4	4	3	3	4	7	2	3	5	3	2	2	4	21	2	1	4	4	1	3	5	2	7	4	2	0	2	1	3	0	0	1	1	2	0	0	4	2	1	1	1	1	2	0	4	0	0	1	4	0	3	1	1	3	0	0	1	0	6	0	0	1	0	0	0	1	1	0	0	0	0	0	0	0	0	0	0	0	0	0	0	0	0	0	0	0	0	0	0	0	0	0	0	0	0	0	1	0	0	0	0	0	0	0	0	0	2	0	0	0	2	0	0	0	0	0	0	1	0	0	0	0	0	0	0	1	0	0	0	1	0	0	0	0	0	0	0	0	0	0	1	0	0	0	0	0
0.03	north14_active	80	331	369	173	99	52	44	97	33	28	22	34	51	15	49	22	12	14	13	13	18	8	6	14	9	7	13	13	5	7	13	14	5	12	6	3	8	4	4	2	7	5	3	7	5	4	2	2	5	2	3	0	1	1	4	1	2	1	2	1	3	0	0	1	2	1	0	0	21	1	0	4	4	0	2	2	2	7	0	1	0	1	1	0	0	0	0	0	2	0	0	2	0	1	0	0	0	1	0	3	0	0	0	4	0	0	0	1	3	0	0	0	0	4	0	0	1	0	0	0	1	0	0	0	0	0	0	0	0	0	0	0	0	0	0	0	0	0	0	0	0	0	0	0	0	0	0	0	0	0	0	0	0	0	0	0	0	0	0	0	0	1	0	0	0	0	0	0	0	0	0	0	0	0	0	0	0	0	0	0	1	0	0	0	0	0	0	0	0	0	0	0	0	0	0	0	0	0	0	0	0
0.03	north15_all	80	636	617	297	211	124	84	156	62	60	56	67	84	42	97	39	22	33	26	35	24	11	14	25	20	16	13	27	12	9	16	20	12	12	6	8	12	9	11	10	10	17	9	13	6	7	4	6	7	3	2	2	3	8	2	6	4	2	3	1	7	1	3	10	2	3	2	4	18	0	1	4	5	0	4	4	2	7	6	1	0	1	1	3	0	0	2	1	2	0	1	2	1	1	1	0	0	2	0	5	3	0	1	4	1	1	0	1	3	0	0	1	0	1	0	0	0	0	0	0	1	1	0	0	0	0	0	0	0	0	0	0	0	0	0	0	0	0	0	0	0	0	0	0	1	0	0	0	1	0	0	1	0	0	0	0	0	0	0	0	0	1	0	0	0	2	0	0	0	0	0	0	1	0	0	0	0	0	0	0	1	1	0	0	1	0	0	0	0	0	0	0	0	0	0	0	0	0	0	0	0
0.03	north15_active	80	299	375	173	104	62	43	90	33	26	28	38	56	14	53	22	10	13	12	18	11	7	8	14	10	8	8	16	8	3	10	11	4	6	6	4	10	8	7	2	7	7	4	9	5	5	1	3	6	1	2	0	1	5	2	2	3	1	3	0	3	0	0	5	1	2	1	0	18	0	0	4	5	0	3	2	2	6	3	1	0	1	1	0	0	0	1	0	2	0	0	2	0	1	0	0	0	1	0	4	0	0	0	3	0	1	0	1	3	0	0	0	0	0	0	0	0	0	0	0	1	0	0	0	0	0	0	0	0	0	0	0	0	0	0	0	0	0	0	0	0	0	0	0	0	0	0	0	0	0	0	0	0	0	0	0	0	0	0	0	0	1	0	0	0	0	0	0	0	0	0	0	0	0	0	0	0	0	0	0	1	0	0	0	0	0	0	0	0	0	0	0	0	0	0	0	0	0	0	0	0
0.03	north16_all	80	685	690	323	236	137	100	179	72	52	47	78	81	44	117	35	26	34	22	31	28	13	20	30	23	20	13	35	7	10	15	20	11	14	5	6	11	14	16	9	8	14	7	9	4	4	3	7	7	7	4	3	3	10	2	7	4	1	4	6	6	3	1	8	2	7	3	3	21	0	2	4	5	0	4	2	3	5	5	1	0	0	2	3	0	1	3	2	1	1	1	0	0	1	1	1	1	2	0	2	3	0	0	4	2	2	0	1	3	0	1	1	0	1	0	0	0	0	0	0	0	1	0	1	0	0	0	0	0	1	0	0	1	0	0	0	0	0	0	0	1	0	0	0	1	0	0	0	1	0	0	1	1	0	0	0	0	0	0	0	0	1	1	0	0	2	0	0	0	0	0	0	0	0	0	0	0	0	0	0	1	1	0	0	0	0	0	0	0	0	0	0	0	0	0	0	0	1	0	0	0
0.03	north16_active	80	318	424	188	128	64	49	109	34	22	24	49	52	17	72	21	14	15	11	15	9	7	10	14	12	8	7	19	5	5	6	12	3	7	5	3	8	11	11	5	6	6	5	6	2	2	2	4	5	3	3	0	2	6	2	1	3	1	3	5	2	2	0	5	0	5	1	1	20	0	1	4	5	0	3	1	3	4	3	1	0	0	1	0	0	1	1	0	0	0	0	0	0	1	0	0	1	1	0	2	0	0	0	3	0	2	0	1	3	0	0	0	0	0	0	0	0	0	0	0	0	0	0	1	0	0	0	0	0	0	0	0	0	0	0	0	0	0	0	0	0	0	0	0	0	0	0	0	0	0	0	0	0	0	0	0	0	0	0	0	0	1	1	0	0	0	0	0	0	0	0	0	0	0	0	0	0	0	0	0	1	0	0	0	0	0	0	0	0	0	0	0	0	0	0	0	0	0	0	0	0
0.03	north17_all	80	761	716	347	233	160	107	184	68	50	48	86	86	38	116	37	24	37	22	43	32	18	22	37	27	18	16	47	8	12	11	21	10	20	4	9	14	16	19	11	5	16	9	7	3	4	3	4	7	8	8	5	2	9	1	6	3	2	3	8	8	2	1	8	2	8	3	2	12	0	2	3	3	1	3	1	3	4	5	0	0	0	1	4	0	1	3	2	2	1	1	0	0	0	0	1	1	1	0	1	3	0	0	3	2	2	0	2	0	0	1	0	0	1	0	0	1	0	0	0	1	0	0	1	0	0	0	0	0	1	0	0	1	1	0	0	0	0	0	0	1	3	0	3	1	0	0	0	1	0	0	0	1	0	0	0	0	0	0	0	0	1	1	0	0	0	0	0	0	0	0	0	0	0	0	0	0	0	0	0	1	1	0	0	0	0	0	0	0	0	0	0	0	0	0	0	0	1	0	0	0
0.03	north17_active	80	363	438	204	134	83	53	118	33	18	25	44	55	18	73	21	13	16	8	23	16	12	10	19	14	8	7	32	6	8	3	12	3	11	4	6	9	12	13	8	3	11	4	5	1	3	2	3	5	4	7	2	1	5	0	1	3	1	2	5	2	2	0	6	0	6	1	1	11	0	1	3	3	1	3	1	3	2	3	0	0	0	0	4	0	1	1	0	1	0	0	0	0	0	0	0	1	1	0	1	0	0	0	2	0	2	0	1	0	0	0	0	0	0	0	0	1	0	0	0	1	0	0	1	0	0	0	0	0	0	0	0	0	0	0	0	0	0	0	0	0	3	0	3	0	0	0	0	0	0	0	0	0	0	0	0	0	0	0	0	0	1	1	0	0	0	0	0	0	0	0	0	0	0	0	0	0	0	0	0	1	0	0	0	0	0	0	0	0	0	0	0	0	0	0	0	0	0	0	0	0
0.03	north18_all	80	806	718	369	239	164	102	169	72	49	59	76	121	34	131	46	27	31	19	49	38	19	21	42	31	16	17	52	8	16	12	26	13	18	6	7	16	16	18	15	5	15	8	10	2	8	3	6	7	10	11	4	2	6	3	4	2	3	5	12	7	4	1	3	2	8	2	1	3	0	2	3	9	2	1	2	4	4	5	0	0	0	1	5	0	1	3	2	2	2	1	6	0	0	0	1	1	0	1	1	3	0	0	3	2	1	1	1	0	0	1	0	1	2	0	0	1	0	0	0	1	0	0	1	0	2	0	0	0	1	0	0	1	1	0	0	0	0	0	0	1	3	0	3	1	0	0	2	1	0	0	0	1	0	0	2	0	0	0	0	0	0	1	0	0	0	1	0	0	0	0	0	0	0	0	0	0	0	0	0	0	0	0	0	0	0	0	0	0	0	0	0	0	0	0	0	0	1	0	0	0
0.03	north18_active	80	409	428	216	141	87	49	114	34	14	30	39	78	15	94	25	14	15	4	29	22	11	9	27	18	9	8	36	6	9	5	19	4	10	4	5	10	9	13	12	3	11	5	8	0	7	1	4	5	4	7	2	1	4	1	0	0	2	4	8	1	4	0	2	1	5	1	1	2	0	1	3	7	1	1	0	4	3	2	0	0	0	0	5	0	1	0	1	1	1	0	6	0	0	0	0	1	0	0	1	0	0	0	3	0	1	1	0	0	0	0	0	0	2	0	0	1	0	0	0	1	0	0	1	0	2	0	0	0	0	0	0	0	0	0	0	0	0	0	0	0	3	0	3	0	0	0	2	0	0	0	0	0	0	0	0	0	0	0	0	0	0	1	0	0	0	0	0	0	0	0	0	0	0	0	0	0	0	0	0	0	0	0	0	0	0	0	0	0	0	0	0	0	0	0	0	0	0	0	0	0
0.03	north19_all	80	793	703	372	224	151	96	149	77	54	65	57	129	23	123	48	27	27	23	46	36	15	23	39	27	17	14	52	11	14	14	25	11	19	7	12	13	16	12	10	4	13	12	11	2	11	3	3	8	8	11	4	3	2	3	5	4	7	3	11	4	3	2	3	1	4	1	0	6	0	3	3	8	2	2	3	4	4	3	1	1	0	0	6	0	5	2	1	1	2	0	7	0	0	0	1	0	0	1	1	0	1	0	4	0	0	1	1	0	0	0	0	1	2	0	2	2	1	0	0	1	0	0	1	0	2	0	0	0	1	0	0	0	1	0	0	0	0	0	0	0	3	0	3	0	0	0	2	0	0	0	0	0	0	0	2	1	1	0	0	0	0	0	0	0	0	1	0	0	0	0	0	0	0	0	0	0	0	0	0	0	0	0	0	0	0	0	0	0	0	0	0	0	0	0	0	0	0	0	0	0
0.03	north19_active	80	409	394	214	128	79	47	97	39	18	35	25	84	12	91	28	12	16	6	27	28	9	10	27	12	11	5	37	7	8	7	19	5	13	5	9	7	9	8	7	2	10	8	7	1	8	1	2	7	4	7	2	1	1	1	2	1	5	3	5	1	3	0	3	1	2	0	0	3	0	3	3	6	1	1	0	4	3	0	0	1	0	0	5	0	5	0	1	1	1	0	7	0	0	0	0	0	0	0	0	0	1	0	4	0	0	1	0	0	0	0	0	0	2	0	2	1	1	0	0	1	0	0	0	0	2	0	0	0	0	0	0	0	0	0	0	0	0	0	0	0	3	0	3	0	0	0	2	0	0	0	0	0	0	0	0	1	1	0	0	0	0	0	0	0	0	0	0	0	0	0	0	0	0	0	0	0	0	0	0	0	0	0	0	0	0	0	0	0	0	0	0	0	0	0	0	0	0	0	0	0
0.03	north20_all	80	700	656	361	201	138	89	138	78	52	71	56	130	24	128	49	28	30	26	47	49	11	23	27	22	19	15	32	10	14	12	23	14	13	7	10	12	14	12	9	3	11	8	9	3	13	5	5	7	6	7	4	3	2	3	3	4	6	4	14	2	3	3	3	1	3	1	0	3	1	2	1	8	1	1	4	4	4	6	1	1	2	1	6	1	5	2	1	0	2	1	7	0	0	0	0	1	0	2	1	0	1	0	4	0	0	3	1	3	1	0	0	1	2	0	2	2	1	1	0	0	0	0	1	0	2	0	0	0	0	0	0	0	1	0	0	0	0	0	1	0	3	0	0	0	3	0	2	0	0	0	0	0	0	0	2	1	1	0	0	0	0	0	0	0	0	1	0	0	0	0	0	0	0	0	0	0	0	0	0	0	0	0	0	0	0	0	0	0	0	0	0	0	0	0	0	0	0	0	0	0
0.03	north20_active	80	345	366	194	109	72	43	85	42	16	36	28	83	13	88	28	14	16	11	25	32	3	11	19	11	11	8	27	7	8	6	16	6	9	3	8	8	10	7	6	1	9	6	6	1	10	2	1	5	4	2	2	1	1	1	2	1	5	3	9	0	3	0	2	1	2	0	0	1	0	2	1	6	0	0	1	4	3	2	0	1	2	0	5	1	4	0	1	0	1	0	7	0	0	0	0	0	0	0	0	0	1	0	4	0	0	3	0	0	0	0	0	0	2	0	2	1	1	0	0	0	0	0	0	0	2	0	0	0	0	0	0	0	0	0	0	0	0	0	0	0	3	0	0	0	3	0	2	0	0	0	0	0	0	0	0	1	1	0	0	0	0	0	0	0	0	0	0	0	0	0	0	0	0	0	0	0	0	0	0	0	0	0	0	0	0	0	0	0	0	0	0	0	0	0	0	0	0	0	0	0
0.03	south21_all	80	750	753	329	210	150	107	176	76	61	58	77	121	33	134	44	32	26	19	55	44	16	17	43	18	24	14	76	10	14	11	19	11	18	8	5	13	13	14	6	9	18	12	10	4	9	4	3	7	7	4	6	2	4	3	3	1	12	1	9	6	8	3	3	4	3	5	2	6	1	1	2	4	3	0	1	5	1	1	0	0	1	0	6	0	4	0	2	1	0	2	6	1	1	0	0	0	0	4	2	5	0	0	0	0	1	1	0	1	1	0	0	1	0	0	0	0	0	0	1	0	1	0	0	0	0	2	1	0	0	0	2	0	0	0	0	0	1	0	1	1	1	0	0	0	0	1	0	0	0	0	3	0	0	0	0	0	1	0	0	1	0	0	0	2	0	1	0	0	0	1	1	0	0	0	0	0	0	0	0	0	0	0	0	0	0	0	0	0	0	0	0	0	0	0	0	0	0	0	0	0
0.03	south21_active	80	375	458	191	120	83	53	111	31	34	24	40	78	14	99	26	18	15	10	27	23	6	8	26	7	16	7	60	2	8	2	12	6	6	3	2	5	8	8	4	5	11	7	7	4	6	1	2	5	4	3	2	2	2	2	0	0	9	1	6	4	6	3	1	3	2	2	1	5	0	0	1	4	0	0	0	5	1	1	0	0	0	0	4	0	4	0	0	0	0	0	4	1	1	0	0	0	0	3	2	5	0	0	0	0	0	0	0	0	0	0	0	1	0	0	0	0	0	0	0	0	0	0	0	0	0	2	1	0	0	0	2	0	0	0	0	0	0	0	1	1	1	0	0	0	0	1	0	0	0	0	2	0	0	0	0	0	1	0	0	1	0	0	0	1	0	0	0	0	0	1	1	0	0	0	0	0	0	0	0	0	0	0	0	0	0	0	0	0	0	0	0	0	0	0	0	0	0	0	0	0
0.03	south22_all	80	746	806	372	203	155	109	160	81	59	50	79	140	30	115	49	30	25	22	49	39	18	19	43	15	29	16	65	10	15	11	16	13	17	9	6	10	11	17	7	15	15	14	14	3	10	4	6	9	5	3	7	3	5	2	2	2	15	2	4	6	7	4	4	5	4	3	2	0	0	0	1	4	2	2	1	2	1	2	0	0	0	0	6	1	1	0	2	0	1	3	4	2	1	0	0	0	0	4	2	6	0	0	0	0	1	1	0	3	2	0	0	1	0	0	1	0	0	0	1	0	1	0	0	0	0	1	1	0	0	0	2	0	0	0	0	0	1	0	1	1	0	0	0	0	0	0	0	0	0	0	1	0	0	0	0	1	1	0	0	2	0	0	0	2	0	1	0	0	0	0	1	0	0	0	0	0	0	0	0	0	0	0	0	0	0	0	0	0	0	0	0	0	0	0	0	1	0	0	0	0
0.03	south22_active	80	356	503	231	109	89	49	92	36	32	23	35	95	17	78	30	18	13	10	31	19	7	10	23	9	18	11	48	3	8	3	11	7	7	4	2	5	5	9	4	9	8	6	7	3	6	1	2	5	3	2	4	3	5	1	1	1	10	2	3	4	5	2	1	4	2	2	2	0	0	0	1	4	0	1	0	2	1	1	0	0	0	0	2	1	1	0	0	0	0	1	2	1	1	0	0	0	0	3	2	5	0	0	0	0	0	0	0	0	1	0	0	1	0	0	1	0	0	0	0	0	0	0	0	0	0	1	1	0	0	0	2	0	0	0	0	0	0	0	1	1	0	0	0	0	0	0	0	0	0	0	0	0	0	0	0	1	1	0	0	1	0	0	0	1	0	0	0	0	0	0	1	0	0	0	0	0	0	0	0	0	0	0	0	0	0	0	0	0	0	0	0	0	0	0	0	0	0	0	0	0
0.03	south23_all	80	731	859	358	216	161	111	150	82	49	58	72	145	29	117	48	31	31	19	61	37	19	26	41	22	28	14	54	7	11	13	18	17	20	10	5	11	12	18	8	14	12	12	14	3	14	5	5	6	7	4	6	3	3	2	2	3	11	4	4	3	7	4	3	3	6	3	1	5	0	0	4	6	2	4	0	1	5	2	1	1	0	0	6	1	1	5	2	1	1	3	3	1	2	0	0	0	0	1	1	4	1	0	0	0	1	1	0	3	2	0	0	1	0	0	2	0	0	0	1	0	0	0	0	0	0	1	1	0	0	0	2	0	0	0	0	0	1	0	0	0	0	0	0	0	0	0	0	0	0	0	1	0	0	1	0	1	0	0	0	2	0	0	0	0	1	0	0	0	0	0	1	0	0	0	0	0	0	0	0	0	0	1	0	0	0	0	0	0	0	0	0	0	0	0	0	1	0	0	0	0
0.03	south23_active	80	355	535	233	116	95	40	89	40	28	28	33	104	15	76	25	13	16	9	44	16	8	10	23	13	14	10	35	3	6	6	9	11	11	5	2	6	4	7	5	8	7	4	5	3	7	1	2	3	2	2	4	3	3	1	1	2	2	2	3	2	5	2	1	2	4	2	1	0	0	0	2	5	0	2	0	1	4	1	0	0	0	0	2	1	1	5	0	0	0	1	2	0	2	0	0	0	0	1	1	3	0	0	0	0	0	0	0	0	1	0	0	1	0	0	2	0	0	0	0	0	0	0	0	0	0	1	1	0	0	0	2	0	0	0	0	0	0	0	0	0	0	0	0	0	0	0	0	0	0	0	0	0	0	1	0	1	0	0	0	1	0	0	0	0	0	0	0	0	0	0	1	0	0	0	0	0	0	0	0	0	0	0	0	0	0	0	0	0	0	0	0	0	0	0	0	0	0	0	0	0
0.03	south24_all	80	723	815	343	205	157	108	138	85	62	60	69	128	30	96	56	24	27	25	61	27	18	28	35	16	24	15	47	6	11	10	13	13	15	9	9	6	15	14	7	13	9	13	10	3	11	5	9	4	6	2	4	2	3	0	3	3	14	7	10	1	5	3	3	2	6	2	1	5	2	0	3	5	1	4	0	3	4	3	1	1	0	0	5	1	3	5	3	1	2	2	1	1	1	0	0	0	0	1	1	9	1	0	0	0	2	0	0	3	1	0	0	0	0	0	2	0	0	0	1	0	0	0	0	0	0	2	0	0	0	0	0	0	0	0	0	0	1	0	0	0	0	0	2	0	0	1	7	0	1	0	0	0	0	1	0	1	0	0	0	2	0	0	1	0	1	0	1	0	0	0	0	0	0	0	0	0	0	0	0	0	0	1	0	0	0	0	0	0	0	0	0	0	0	0	0	1	0	0	0	0
0.03	south24_active	80	365	511	217	109	82	37	84	40	31	31	31	88	19	62	29	10	14	10	49	12	9	12	19	11	13	9	23	4	8	4	5	8	10	5	3	5	11	4	4	7	7	5	1	2	7	2	4	1	1	0	3	2	3	0	1	2	3	5	5	0	5	1	2	1	4	0	1	0	0	0	1	4	0	2	0	2	3	1	0	0	0	0	2	1	3	5	1	0	1	1	1	0	1	0	0	0	0	1	1	8	0	0	0	0	0	0	0	1	1	0	0	0	0	0	2	0	0	0	0	0	0	0	0	0	0	2	0	0	0	0	0	0	0	0	0	0	0	0	0	0	0	0	2	0	0	0	7	0	0	0	0	0	0	1	0	1	0	0	0	1	0	0	1	0	0	0	1	0	0	0	0	0	0	0	0	0	0	0	0	0	0	0	0	0	0	0	0	0	0	0	0	0	0	0	0	0	0	0	0	0
0.03	south25_all	80	704	767	340	197	156	99	154	75	56	55	69	110	35	89	49	28	28	22	72	33	16	27	33	19	18	10	53	8	9	13	15	9	16	10	11	9	17	10	4	8	10	9	5	4	17	5	9	2	7	2	3	0	3	0	5	3	10	7	8	3	9	2	2	1	5	1	0	5	3	1	4	6	0	5	1	3	4	3	1	1	1	0	2	2	4	6	3	1	2	4	4	2	1	0	0	0	0	2	1	8	1	0	0	0	2	0	0	2	0	0	0	0	0	0	1	0	0	0	1	0	1	0	0	0	0	1	0	0	0	0	0	0	0	0	0	0	0	0	0	0	0	0	3	0	0	1	7	0	1	0	0	0	0	1	0	0	0	0	0	1	0	0	1	0	1	0	1	0	0	0	0	0	0	0	0	0	0	0	0	0	0	1	0	0	1	0	0	0	0	0	0	0	0	0	0	0	0	0	0	0
0.03	south25_active	80	346	488	209	111	79	34	94	35	24	29	36	75	21	51	25	9	16	6	47	15	9	11	20	11	6	4	24	5	6	5	5	6	11	4	4	7	13	2	2	3	9	3	1	2	10	3	5	1	1	0	2	0	2	0	3	2	2	5	2	1	4	1	2	0	4	0	0	0	0	0	2	4	0	4	0	2	3	0	0	0	1	0	1	1	3	6	1	0	2	4	4	2	1	0	0	0	0	2	1	8	0	0	0	0	0	0	0	2	0	0	0	0	0	0	1	0	0	0	0	0	1	0	0	0	0	1	0	0	0	0	0	0	0	0	0	0	0	0	0	0	0	0	2	0	0	0	7	0	0	0	0	0	0	1	0	0	0	0	0	0	0	0	1	0	0	0	1	0	0	0	0	0	0	0	0	0	0	0	0	0	0	0	0	0	0	0	0	0	0	0	0	0	0	0	0	0	0	0	0	0
0.03	south26_all	80	728	756	320	203	159	99	172	75	59	60	73	96	43	80	41	31	26	25	64	29	14	21	34	15	24	10	53	10	9	9	8	10	13	11	12	10	15	9	4	5	23	7	4	6	17	5	10	4	9	1	2	1	2	0	4	2	5	9	8	7	8	2	3	3	3	4	1	2	3	2	2	4	0	3	1	3	2	8	1	0	1	2	1	1	5	3	5	0	2	3	4	3	0	0	1	0	0	2	1	8	1	0	3	1	3	0	1	4	0	0	1	1	0	0	0	0	0	0	0	0	1	0	0	0	1	1	0	0	0	0	0	0	0	0	0	0	0	0	0	0	0	0	3	0	0	1	7	0	1	0	0	0	0	0	0	0	0	0	0	0	0	0	1	0	1	0	1	0	0	0	0	0	0	0	0	0	0	0	0	0	0	1	0	0	1	0	0	0	0	0	0	0	0	0	0	0	0	0	0	0
0.03	south26_active	80	377	483	187	111	75	40	103	31	28	28	32	58	19	46	20	9	15	8	32	17	10	12	20	10	13	4	33	7	7	4	1	7	7	3	4	6	11	3	2	1	20	3	0	3	12	3	6	1	3	0	2	0	0	0	2	1	1	7	2	5	3	1	3	1	1	0	1	1	0	1	2	3	0	2	0	1	1	5	1	0	1	1	1	0	3	3	4	0	2	3	4	3	0	0	1	0	0	2	1	8	0	0	3	1	0	0	0	4	0	0	1	1	0	0	0	0	0	0	0	0	1	0	0	0	0	1	0	0	0	0	0	0	0	0	0	0	0	0	0	0	0	0	2	0	0	0	7	0	0	0	0	0	0	0	0	0	0	0	0	0	0	0	1	0	0	0	1	0	0	0	0	0	0	0	0	0	0	0	0	0	0	0	0	0	0	0	0	0	0	0	0	0	0	0	0	0	0	0	0	0
0.03	south27_all	80	751	760	339	228	145	112	189	76	60	53	83	132	36	94	43	32	27	28	61	29	12	24	34	16	30	12	48	13	9	16	7	9	15	13	9	9	8	9	7	5	22	9	10	7	17	6	8	4	9	3	2	2	7	0	3	4	5	8	3	10	7	3	2	5	2	4	1	8	2	2	2	2	1	2	1	2	2	7	1	1	1	3	1	2	5	1	4	0	2	3	8	3	1	0	1	0	0	2	1	1	0	0	5	1	2	0	1	3	0	0	1	1	3	0	0	0	0	0	0	0	1	0	0	0	1	0	0	0	0	0	0	0	0	0	0	1	0	0	0	0	0	0	1	0	0	1	0	0	1	0	0	0	0	0	0	0	0	0	0	0	0	0	1	0	0	0	1	0	0	0	0	0	1	0	0	0	0	0	0	0	0	0	0	0	1	0	0	0	0	0	0	0	0	0	0	0	0	0	1	0
0.03	south27_active	80	378	480	210	136	75	52	103	35	28	22	35	78	15	58	22	14	15	14	23	17	8	16	24	7	16	5	30	6	4	8	2	6	8	5	5	6	6	5	6	1	18	4	3	2	11	4	3	2	3	2	2	0	2	0	2	1	1	7	2	6	1	1	2	2	0	0	1	4	0	1	1	1	0	2	0	0	2	5	1	1	1	2	1	1	0	1	3	0	2	3	8	3	1	0	1	0	0	2	0	1	0	0	5	1	1	0	0	3	0	0	1	1	2	0	0	0	0	0	0	0	1	0	0	0	0	0	0	0	0	0	0	0	0	0	0	1	0	0	0	0	0	0	0	0	0	1	0	0	0	0	0	0	0	0	0	0	0	0	0	0	0	0	1	0	0	0	1	0	0	0	0	0	0	0	0	0	0	0	0	0	0	0	0	0	0	0	0	0	0	0	0	0	0	0	0	0	0	0	0	0
0.03	south28_all	80	776	877	352	216	138	118	179	82	75	52	80	151	36	101	45	37	23	26	78	31	16	27	43	16	35	14	58	14	6	20	10	11	13	12	6	9	5	17	11	4	25	7	12	5	10	6	9	7	10	6	2	3	8	1	1	3	9	6	3	13	5	3	3	4	4	3	1	21	2	2	1	1	2	0	5	1	2	10	1	1	2	3	0	1	8	9	4	0	1	0	5	2	2	0	1	0	0	1	1	1	0	0	5	1	2	0	1	2	1	0	1	1	3	0	0	0	0	0	0	0	0	0	1	0	1	0	0	0	0	0	0	0	0	1	0	1	0	0	0	1	0	0	0	0	0	1	0	0	0	0	1	0	0	0	0	0	0	0	0	0	0	1	0	0	0	0	0	0	0	0	0	0	1	0	0	0	0	0	0	0	0	0	0	0	0	0	0	0	0	0	0	0	0	0	0	0	0	0	1	0
0.03	south28_active	80	415	561	221	125	69	60	100	34	38	24	32	98	18	70	23	13	10	13	41	18	11	20	33	8	20	8	24	7	2	10	5	6	5	4	4	5	4	9	9	1	20	2	4	1	8	3	4	3	5	3	2	0	3	0	0	0	5	4	2	7	1	1	3	2	0	0	1	16	0	1	0	1	0	0	4	0	2	5	1	1	1	2	0	1	4	6	3	0	1	0	5	2	1	0	1	0	0	1	0	1	0	0	5	1	1	0	0	2	1	0	1	1	2	0	0	0	0	0	0	0	0	0	1	0	0	0	0	0	0	0	0	0	0	0	0	1	0	0	0	1	0	0	0	0	0	1	0	0	0	0	0	0	0	0	0	0	0	0	0	0	0	1	0	0	0	0	0	0	0	0	0	0	0	0	0	0	0	0	0	0	0	0	0	0	0	0	0	0	0	0	0	0	0	0	0	0	0	0	0	0
0.03	south29_all	80	763	866	355	207	132	117	188	79	71	55	89	172	28	104	47	38	27	29	75	26	15	27	39	17	26	16	54	14	14	21	14	10	16	9	6	10	7	16	15	7	25	10	12	4	9	8	10	9	10	5	3	4	9	2	2	3	11	5	10	11	5	2	4	4	6	4	1	22	2	2	1	4	2	0	5	1	2	5	0	1	1	2	0	1	9	10	4	4	1	1	8	2	2	1	2	0	0	1	1	1	0	0	5	0	1	0	2	0	1	0	1	0	3	0	0	1	0	0	0	0	0	1	1	0	1	0	1	0	0	0	0	0	0	1	0	3	0	0	0	1	0	0	1	0	0	1	0	0	0	0	1	0	0	0	0	0	0	0	0	0	0	1	0	0	0	0	0	0	0	0	0	0	1	0	0	0	0	5	0	0	0	0	0	0	0	0	0	1	0	0	0	0	0	0	0	0	0	0	1	0
0.03	south29_active	80	388	563	218	115	74	59	99	33	39	21	34	114	14	74	28	19	10	15	42	12	9	19	26	8	13	10	25	7	5	8	8	6	7	5	4	6	6	8	12	1	21	6	6	1	3	2	4	6	5	3	1	1	3	1	0	1	6	3	3	3	3	1	4	2	1	0	1	15	0	1	0	4	0	0	4	0	2	1	0	1	0	1	0	1	6	6	3	0	1	1	8	2	1	1	1	0	0	1	0	1	0	0	5	0	1	0	0	0	1	0	1	0	2	0	0	1	0	0	0	0	0	0	1	0	0	0	0	0	0	0	0	0	0	0	0	3	0	0	0	1	0	0	0	0	0	1	0	0	0	0	0	0	0	0	0	0	0	0	0	0	0	1	0	0	0	0	0	0	0	0	0	0	0	0	0	0	0	5	0	0	0	0	0	0	0	0	0	0	0	0	0	0	0	0	0	0	0	0	0	0
0.03	south30_all	80	738	880	366	218	139	87	165	69	69	52	82	179	35	107	45	34	19	29	67	31	15	25	43	15	23	18	65	13	16	20	13	10	12	6	9	9	7	11	19	9	29	9	9	4	10	8	8	10	8	4	3	5	8	2	2	2	12	3	9	10	6	3	3	6	5	4	3	22	1	2	0	6	2	1	5	1	0	9	0	0	2	0	0	0	9	11	0	4	2	1	8	1	1	1	2	0	0	2	0	6	0	0	3	0	3	0	2	0	1	0	1	1	3	1	0	1	0	0	0	0	0	1	1	0	0	0	1	0	0	0	0	0	0	1	0	2	0	0	0	1	0	0	1	0	0	1	0	0	0	0	1	0	0	0	0	0	0	0	0	0	0	1	0	0	0	0	0	0	1	0	0	0	1	0	0	0	0	5	0	0	0	0	1	0	0	0	0	1	0	0	1	0	0	0	0	0	0	0	0	0
0.03	south30_active	80	372	575	226	123	75	41	96	28	34	17	36	130	18	77	26	17	3	8	44	17	7	15	33	7	15	11	29	9	5	8	9	5	5	4	5	5	5	6	12	1	21	4	6	2	4	3	4	6	6	2	1	2	2	1	0	2	8	2	2	3	3	2	2	2	2	0	2	17	0	0	0	5	0	1	4	0	0	5	0	0	0	0	0	0	6	6	0	0	0	1	8	1	0	1	1	0	0	1	0	6	0	0	3	0	3	0	1	0	1	0	1	1	2	0	0	1	0	0	0	0	0	0	1	0	0	0	0	0	0	0	0	0	0	0	0	2	0	0	0	1	0	0	0	0	0	1	0	0	0	0	0	0	0	0	0	0	0	0	0	0	0	1	0	0	0	0	0	0	0	0	0	0	0	0	0	0	0	5	0	0	0	0	1	0	0	0	0	0	0	0	1	0	0	0	0	0	0	0	0	0
0.03	south31_all	80	764	646	287	211	118	83	142	66	59	53	60	93	41	121	48	40	23	18	44	49	22	20	39	19	26	9	53	14	11	14	18	13	17	12	8	4	16	17	8	5	6	5	12	4	13	6	7	4	6	5	3	2	8	7	1	0	6	2	5	5	4	2	3	2	6	1	0	4	2	2	3	8	1	0	3	4	5	5	0	2	0	0	5	3	2	2	1	2	1	0	4	4	0	3	1	0	1	1	0	2	1	0	1	1	4	0	0	0	1	3	0	1	1	0	3	7	0	0	4	0	0	1	1	0	0	2	1	0	0	0	0	0	0	0	0	0	0	0	0	0	1	0	0	0	0	0	0	0	0	0	0	0	1	0	0	1	0	0	2	0	0	0	0	0	0	0	0	0	0	0	0	0	0	3	1	1	0	0	0	0	0	0	1	0	0	0	1	0	0	0	0	0	0	0	0	0	0	0	0	0
0.03	south31_active	80	392	398	172	122	61	31	78	33	24	26	37	60	20	67	34	17	8	5	27	32	7	10	26	4	16	7	33	7	5	5	11	8	11	4	2	2	9	8	4	3	3	5	10	3	7	4	4	3	2	2	0	1	7	3	1	0	6	1	4	5	0	2	2	1	5	1	0	2	1	0	3	4	0	0	2	1	0	4	0	1	0	0	2	1	1	1	1	2	0	0	4	4	0	0	0	0	0	1	0	0	1	0	0	0	4	0	0	0	0	2	0	0	1	0	3	0	0	0	4	0	0	0	0	0	0	2	1	0	0	0	0	0	0	0	0	0	0	0	0	0	1	0	0	0	0	0	0	0	0	0	0	0	1	0	0	0	0	0	2	0	0	0	0	0	0	0	0	0	0	0	0	0	0	3	0	0	0	0	0	0	0	0	0	0	0	0	0	0	0	0	0	0	0	0	0	0	0	0	0	0
0.03	south32_all	80	733	628	298	195	128	88	144	64	62	51	59	97	41	111	35	41	24	25	42	34	17	21	42	19	17	13	53	11	10	14	19	8	19	13	7	7	11	16	7	5	8	3	14	3	14	5	3	5	7	4	3	2	7	5	2	0	8	1	3	4	2	3	7	2	6	2	0	4	2	3	1	5	0	1	3	4	4	1	0	2	0	0	4	0	3	2	0	1	2	1	5	4	0	2	0	0	1	1	1	0	1	0	2	1	2	0	0	0	0	1	1	0	1	0	3	7	0	0	0	0	0	1	0	0	0	2	1	0	0	0	0	0	0	0	0	0	0	0	0	0	1	0	0	0	1	0	0	0	0	0	0	0	1	0	0	1	0	0	2	0	0	0	0	0	0	0	0	0	0	0	0	0	0	0	0	1	0	0	0	0	0	0	1	0	0	0	1	0	0	0	0	0	0	0	0	0	0	0	0	0
0.03	south32_active	80	365	383	176	117	65	33	83	29	21	22	36	64	23	67	24	20	9	9	25	22	8	12	29	4	9	8	32	5	5	5	12	5	11	4	2	6	6	10	3	2	2	2	11	3	8	4	2	5	2	2	0	0	6	1	1	0	6	1	3	3	0	2	5	1	5	1	0	2	0	1	1	1	0	1	2	1	0	1	0	2	0	0	4	0	1	2	0	1	1	0	5	4	0	0	0	0	0	1	0	0	1	0	0	0	2	0	0	0	0	0	0	0	1	0	3	0	0	0	0	0	0	0	0	0	0	2	1	0	0	0	0	0	0	0	0	0	0	0	0	0	1	0	0	0	1	0	0	0	0	0	0	0	1	0	0	0	0	0	2	0	0	0	0	0	0	0	0	0	0	0	0	0	0	0	0	0	0	0	0	0	0	0	0	0	0	0	0	0	0	0	0	0	0	0	0	0	0	0	0	0
0.03	south33_all	80	735	665	308	192	131	80	122	62	71	53	65	96	38	102	41	40	25	23	61	25	19	20	32	24	17	11	57	13	10	12	17	10	13	9	8	12	9	11	8	5	11	3	16	8	15	2	3	8	5	3	4	3	8	2	1	1	7	1	6	4	1	4	6	0	5	1	1	1	2	3	1	3	0	2	4	2	3	1	0	2	2	0	4	0	4	3	0	3	2	1	7	0	0	2	0	0	1	1	1	0	0	0	2	1	2	0	1	0	0	1	1	0	1	1	4	0	0	0	0	0	0	0	0	1	0	1	3	0	0	2	0	0	0	0	0	0	0	0	0	0	1	0	0	0	1	0	1	0	0	0	0	0	0	0	0	0	0	0	2	0	0	0	0	0	0	0	0	0	0	0	0	0	0	0	0	0	0	0	0	0	0	0	1	0	0	0	1	0	0	0	0	0	0	0	0	0	0	0	0	0
0.03	south33_active	80	373	426	173	112	66	34	69	28	27	21	46	60	23	62	31	18	12	8	37	14	7	11	23	7	6	5	48	4	4	4	13	5	6	2	1	9	6	5	3	2	4	2	7	4	10	2	2	6	1	1	0	0	6	0	0	0	5	1	6	3	0	2	5	0	5	0	1	0	0	1	1	1	0	1	4	0	0	1	0	2	1	0	3	0	2	2	0	3	1	0	5	0	0	0	0	0	0	1	0	0	0	0	0	0	2	0	0	0	0	0	0	0	1	0	4	0	0	0	0	0	0	0	0	1	0	1	2	0	0	0	0	0	0	0	0	0	0	0	0	0	1	0	0	0	1	0	0	0	0	0	0	0	0	0	0	0	0	0	2	0	0	0	0	0	0	0	0	0	0	0	0	0	0	0	0	0	0	0	0	0	0	0	0	0	0	0	0	0	0	0	0	0	0	0	0	0	0	0	0	0
0.03	south34_all	80	723	702	323	201	141	91	137	66	72	42	66	91	35	102	42	27	28	23	60	23	22	20	23	30	16	10	43	11	8	14	20	8	13	8	10	11	4	13	10	3	15	4	16	8	16	2	4	6	3	2	3	5	3	3	2	2	10	0	9	4	2	4	6	0	1	1	1	3	2	2	1	4	0	3	3	0	4	2	1	1	2	1	4	0	2	3	0	3	1	1	6	0	0	1	0	0	1	1	1	0	0	0	1	1	2	0	4	1	0	0	1	0	1	1	1	0	0	0	0	0	0	0	0	1	0	0	2	0	0	2	0	0	0	0	0	1	0	0	0	0	0	1	0	0	1	0	1	0	0	0	0	1	0	0	0	0	0	0	0	0	0	0	0	0	0	0	0	0	0	0	0	0	0	0	0	0	0	0	0	0	0	0	0	0	0	0	1	0	0	1	0	0	0	0	0	0	0	0	0	0
0.03	south34_active	80	352	435	182	113	70	39	77	26	29	18	45	52	22	73	28	13	13	11	43	12	7	10	15	11	8	3	35	2	2	6	15	4	8	3	2	7	2	8	4	1	6	2	6	4	11	2	2	4	1	0	0	1	1	0	0	0	7	0	9	3	0	2	4	0	0	0	1	2	0	1	1	1	0	2	3	0	3	0	0	1	1	0	3	0	1	2	0	3	1	0	4	0	0	0	0	0	0	1	0	0	0	0	0	0	2	0	0	1	0	0	0	0	0	0	1	0	0	0	0	0	0	0	0	1	0	0	1	0	0	0	0	0	0	0	0	0	0	0	0	0	0	0	0	0	1	0	0	0	0	0	0	1	0	0	0	0	0	0	0	0	0	0	0	0	0	0	0	0	0	0	0	0	0	0	0	0	0	0	0	0	0	0	0	0	0	0	0	0	0	0	0	0	0	0	0	0	0	0	0	0
0.03	south35_all	80	745	695	321	221	139	82	142	67	69	43	72	96	33	102	45	35	30	27	58	26	25	21	33	30	18	11	55	12	12	11	18	10	13	8	11	9	8	14	13	3	17	4	20	6	13	3	5	5	3	1	4	6	3	2	2	4	10	1	8	5	3	5	2	2	1	1	3	3	2	2	2	2	0	2	2	5	3	3	2	1	2	1	7	0	5	10	1	3	2	0	6	0	0	2	0	0	1	1	0	0	0	0	1	0	1	0	4	2	0	0	2	0	1	1	1	0	0	0	1	0	2	0	0	1	0	0	3	0	0	2	0	0	0	0	0	1	0	0	0	0	0	1	0	0	1	0	1	0	0	0	0	1	0	0	0	0	0	0	0	0	0	1	0	0	0	0	0	0	0	0	0	0	0	0	0	0	0	0	0	0	0	0	0	0	0	0	0	0	0	1	0	0	0	0	0	0	0	0	0	0
0.03	south35_active	80	362	439	186	135	67	33	78	32	34	18	43	57	18	79	31	16	16	15	42	14	9	10	22	12	10	5	42	4	7	5	12	5	10	5	2	4	6	9	6	2	10	3	10	2	9	2	0	2	0	0	1	3	1	0	0	1	7	0	8	5	0	3	0	2	0	1	2	3	1	0	1	0	0	1	2	4	3	0	0	1	1	0	6	0	4	9	1	2	1	0	4	0	0	1	0	0	0	1	0	0	0	0	0	0	1	0	0	1	0	0	0	0	0	0	1	0	0	0	1	0	0	0	0	1	0	0	2	0	0	0	0	0	0	0	0	0	0	0	0	0	0	0	0	0	1	0	0	0	0	0	0	1	0	0	0	0	0	0	0	0	0	1	0	0	0	0	0	0	0	0	0	0	0	0	0	0	0	0	0	0	0	0	0	0	0	0	0	0	0	0	0	0	0	0	0	0	0	0	0	0
0.03	south36_all	80	752	700	327	223	143	94	146	73	67	57	66	103	34	109	43	36	36	30	37	31	24	30	34	24	14	10	62	13	11	8	17	9	13	9	10	4	9	13	13	7	12	5	11	1	17	3	6	2	5	2	2	5	3	4	4	3	13	1	3	5	3	3	2	2	2	1	3	4	2	2	3	3	0	2	3	5	3	4	2	2	3	1	11	0	4	10	1	1	1	0	4	0	0	1	0	0	2	1	0	2	0	0	1	0	2	0	3	2	0	0	1	1	1	0	0	0	0	0	1	1	2	0	0	0	0	0	2	0	0	0	0	1	0	0	0	1	0	0	0	0	0	1	0	0	0	0	1	0	0	0	0	1	0	0	0	0	0	0	0	0	0	1	0	0	0	0	0	0	0	0	0	0	0	0	0	0	0	0	0	0	0	0	0	0	0	0	0	0	0	1	0	0	0	0	0	0	0	0	0	0
0.03	south36_active	80	350	434	203	137	69	43	78	34	31	28	31	63	18	79	24	14	15	18	27	16	9	14	23	11	8	4	51	7	6	4	12	6	12	5	3	1	7	10	6	3	8	4	5	0	14	1	1	1	1	1	1	3	0	1	2	1	10	0	3	5	0	2	1	2	0	1	2	4	1	0	1	2	0	1	3	4	3	1	0	2	1	0	11	0	4	10	1	0	0	0	3	0	0	1	0	0	0	1	0	2	0	0	1	0	1	0	0	1	0	0	0	0	0	0	0	0	0	0	1	1	0	0	0	0	0	0	2	0	0	0	0	0	0	0	0	0	0	0	0	0	0	0	0	0	0	0	0	0	0	0	0	1	0	0	0	0	0	0	0	0	0	1	0	0	0	0	0	0	0	0	0	0	0	0	0	0	0	0	0	0	0	0	0	0	0	0	0	0	0	0	0	0	0	0	0	0	0	0	0	0
0.03	south37_all	80	720	664	334	254	144	94	158	66	66	59	68	109	30	96	48	41	41	34	69	35	20	25	29	22	18	14	49	13	10	6	15	12	6	8	11	4	8	17	11	7	15	4	15	2	16	4	6	6	5	1	5	5	3	5	5	5	14	1	0	6	1	3	3	6	4	2	4	3	1	2	4	6	1	1	1	5	4	3	1	2	1	1	16	0	3	12	1	2	1	0	4	0	0	2	0	0	1	1	0	2	0	0	1	0	2	0	1	2	0	0	1	1	0	0	0	0	0	0	1	1	2	0	0	0	0	0	1	1	0	1	2	1	0	1	0	0	0	0	0	0	0	1	0	0	0	0	0	0	0	0	0	0	0	0	1	0	0	0	0	0	0	1	0	0	0	0	0	0	0	0	0	0	0	0	0	0	0	0	0	0	0	0	0	0	0	0	0	0	0	0	0	1	0	0	0	0	0	0	0	1
0.03	south37_active	80	340	415	211	160	68	42	95	29	31	30	34	70	13	66	25	20	19	17	41	24	10	11	19	11	9	9	28	8	5	3	10	8	6	4	4	0	6	13	6	3	11	3	8	1	10	1	1	5	1	1	3	3	1	1	2	3	7	0	0	5	0	2	1	5	1	1	2	3	1	0	2	6	0	0	1	4	3	2	0	2	0	0	16	0	3	12	1	1	0	0	4	0	0	1	0	0	0	1	0	2	0	0	1	0	1	0	0	1	0	0	0	0	0	0	0	0	0	0	1	1	0	0	0	0	0	0	1	1	0	1	0	0	0	0	0	0	0	0	0	0	0	0	0	0	0	0	0	0	0	0	0	0	0	0	1	0	0	0	0	0	0	1	0	0	0	0	0	0	0	0	0	0	0	0	0	0	0	0	0	0	0	0	0	0	0	0	0	0	0	0	0	0	0	0	0	0	0	0	0	0
0.03	south38_all	80	770	698	326	242	141	107	178	73	75	62	63	96	35	104	61	43	33	38	80	35	19	24	23	20	17	17	66	10	9	6	11	10	10	10	10	5	9	12	14	11	15	4	11	2	20	4	3	8	4	2	4	0	3	4	4	4	12	2	3	7	0	2	6	4	4	3	5	4	4	1	4	6	2	3	6	6	1	5	0	1	1	1	17	0	3	3	0	1	0	0	1	0	0	2	0	1	1	0	0	2	0	0	1	0	3	0	0	1	0	0	1	3	0	0	0	0	0	0	1	2	2	0	0	0	0	0	0	1	0	1	2	1	0	1	0	0	0	0	0	0	0	0	0	0	0	0	0	0	0	0	0	0	0	0	1	0	0	0	0	0	0	0	0	0	0	0	0	0	0	0	0	0	0	0	0	0	0	0	0	0	0	0	0	0	0	0	0	0	0	0	0	1	0	0	0	0	0	0	0	1
0.03	south38_active	80	353	442	199	152	72	50	122	29	32	29	34	60	15	76	31	24	18	18	51	22	8	14	15	12	8	10	49	7	2	5	7	7	9	4	7	0	5	9	8	5	10	3	5	1	12	0	2	7	1	1	2	0	1	1	3	3	6	1	2	6	0	0	3	3	1	1	4	4	3	0	2	6	0	0	6	6	0	3	0	1	0	1	16	0	3	3	0	1	0	0	1	0	0	1	0	0	0	0	0	2	0	0	1	0	0	0	0	0	0	0	0	0	0	0	0	0	0	0	0	1	0	0	0	0	0	0	0	1	0	1	0	0	0	0	0	0	0	0	0	0	0	0	0	0	0	0	0	0	0	0	0	0	0	0	1	0	0	0	0	0	0	0	0	0	0	0	0	0	0	0	0	0	0	0	0	0	0	0	0	0	0	0	0	0	0	0	0	0	0	0	0	0	0	0	0	0	0	0	0	0
0.03	south39_all	80	778	707	332	253	146	92	182	66	65	60	74	106	41	109	53	45	31	33	84	31	19	23	27	21	25	18	57	9	8	10	14	13	7	12	14	5	9	15	13	13	14	5	12	5	20	3	2	10	2	2	4	2	3	6	3	5	9	3	5	6	1	2	7	5	7	3	5	5	3	1	4	5	7	7	7	8	1	4	0	1	1	1	8	0	2	2	0	1	0	0	1	0	0	1	0	1	1	0	1	0	0	0	0	0	3	0	0	1	2	0	0	4	0	0	0	0	0	0	1	1	0	0	0	0	0	0	2	1	0	1	3	0	0	1	0	0	0	1	1	0	0	0	0	0	0	0	0	0	0	0	0	0	0	0	1	0	0	0	0	0	0	0	0	0	0	0	0	0	0	0	0	0	0	0	0	0	0	0	0	0	0	0	0	0	0	0	0	0	0	0	0	1	0	0	0	0	0	0	0	1
0.03	south39_active	80	369	451	199	165	74	44	125	28	30	28	40	73	18	81	26	24	16	17	52	19	10	14	17	12	12	11	41	5	1	7	7	8	6	3	10	2	4	12	8	7	10	2	7	2	12	0	2	9	1	0	2	0	3	2	2	2	4	2	4	5	1	0	3	4	4	1	4	5	2	1	2	5	5	3	7	8	0	2	0	1	0	1	7	0	2	2	0	1	0	0	1	0	0	0	0	0	0	0	1	0	0	0	0	0	0	0	0	0	1	0	0	0	0	0	0	0	0	0	0	0	0	0	0	0	0	0	1	1	0	1	1	0	0	0	0	0	0	0	1	0	0	0	0	0	0	0	0	0	0	0	0	0	0	0	1	0	0	0	0	0	0	0	0	0	0	0	0	0	0	0	0	0	0	0	0	0	0	0	0	0	0	0	0	0	0	0	0	0	0	0	0	0	0	0	0	0	0	0	0	0
0.03	south40_all	80	796	755	375	224	147	93	188	68	62	57	82	145	43	123	49	41	24	34	81	32	20	25	28	18	27	18	55	15	10	10	18	11	10	12	12	9	9	11	12	9	11	7	12	3	16	5	2	11	3	4	4	2	4	4	1	4	3	3	5	12	1	2	8	4	5	3	5	8	3	2	2	1	6	8	7	11	1	3	0	2	0	1	4	0	6	0	0	1	0	3	0	1	0	1	0	1	1	1	3	0	0	0	0	0	5	0	0	1	3	0	0	4	0	0	0	2	1	0	1	1	0	0	0	0	0	0	2	2	0	0	1	0	0	0	2	0	0	1	1	0	0	0	0	0	0	0	0	0	0	0	0	0	0	0	0	0	0	0	0	0	0	0	0	0	0	0	0	0	0	0	0	0	0	0	0	0	0	0	0	0	0	0	0	0	0	0	0	0	0	0	0	0	0	0	0	0	0	0	0	1
0.03	south40_active	80	392	474	230	147	78	46	123	34	27	28	47	88	18	89	26	19	13	17	46	20	13	14	17	9	13	9	47	7	3	7	8	7	5	4	8	3	4	7	8	6	8	3	9	1	10	2	2	9	0	1	1	0	4	1	1	2	1	2	4	12	1	1	3	4	4	1	3	4	2	1	1	0	5	4	7	11	0	1	0	2	0	1	3	0	4	0	0	1	0	3	0	1	0	0	0	0	0	0	3	0	0	0	0	0	0	0	0	0	2	0	0	1	0	0	0	0	1	0	0	0	0	0	0	0	0	0	1	2	0	0	1	0	0	0	1	0	0	0	1	0	0	0	0	0	0	0	0	0	0	0	0	0	0	0	0	0	0	0	0	0	0	0	0	0	0	0	0	0	0	0	0	0	0	0	0	0	0	0	0	0	0	0	0	0	0	0	0	0	0	0	0	0	0	0	0	0	0	0	0	0
