label	Group	numOtus	Otu0	Otu1	Otu2	Otu3	Otu4	Otu5	Otu6	Otu7	Otu8	Otu9	Otu10	Otu11	Otu12	Otu13	Otu14	Otu15	Otu16	Otu17	Otu18	Otu19	Otu20	Otu21	Otu22	Otu23	Otu24	Otu25	Otu26	Otu27	Otu28	Otu29	Otu30	Otu31	Otu32	Otu33	Otu34	Otu35	Otu36	Otu37	Otu38	Otu39
0.03	north1_all	80	8151	2715	3628	783	465	528	354	562	132	72	86	53	63	21	21	14	16	6	5	6	6	3	0	2	1	0	2	1	1	0	0	0	1	1	0	0	0	0	0	0
0.03	north1_active	80	5446	1358	3183	320	120	414	249	522	77	38	53	29	46	14	16	4	5	0	0	2	3	0	0	0	1	0	2	1	0	0	0	0	0	0	0	0	0	0	0	0
0.03	north2_all	80	8168	2662	3687	764	477	498	360	595	140	59	86	61	66	23	24	15	18	3	5	6	6	2	0	3	1	0	2	0	1	0	0	0	1	1	0	0	0	0	0	0
0.03	north2_active	80	5426	1314	3240	313	132	388	247	562	81	27	65	32	49	15	17	6	7	0	0	2	3	0	0	0	1	0	2	0	0	0	0	0	0	0	0	0	0	0	0	0
0.03	north3_all	80	8168	2699	3698	773	470	499	374	667	145	68	81	50	70	23	27	16	14	3	4	3	7	3	1	3	0	1	1	0	1	0	0	0	1	0	0	0	0	0	0	0
0.03	north3_active	80	5390	1330	3254	323	125	377	262	634	83	34	67	28	54	18	21	8	7	0	1	1	3	0	0	1	0	1	0	0	0	0	0	0	0	0	0	0	0	0	0	0
0.03	north4_all	80	8338	2639	3505	812	456	514	319	722	151	67	88	46	66	37	35	13	10	4	2	2	8	2	1	3	2	1	2	0	0	0	0	0	1	0	0	0	0	0	0	0
0.03	north4_active	80	5560	1328	3093	361	110	378	224	677	89	37	68	25	59	27	29	8	6	0	1	1	3	0	0	1	2	1	0	0	0	0	0	0	0	0	0	0	0	0	0	0
0.03	north5_all	80	8342	2589	3478	819	422	520	302	667	151	81	74	38	56	42	32	14	8	4	4	2	6	2	2	2	2	2	3	0	0	1	0	0	0	0	0	0	0	0	0	0
0.03	north5_active	80	5610	1319	3042	357	105	379	215	617	88	47	51	21	50	29	27	6	4	1	1	1	2	0	1	1	2	2	0	0	0	0	0	0	0	0	0	0	0	0	0	0
0.03	north6_all	80	8275	2630	3497	821	417	528	292	679	139	82	96	39	55	44	44	16	15	3	7	3	4	3	2	1	2	2	4	0	1	2	0	0	0	0	0	0	0	0	0	0
0.03	north6_active	80	5588	1352	3046	362	99	388	198	623	88	47	55	22	50	27	38	5	12	1	3	1	0	0	1	0	2	2	1	0	0	1	0	0	0	0	0	0	0	0	0	0
0.03	north7_all	80	8322	2611	3404	812	438	512	312	614	142	83	88	40	55	38	50	17	18	7	13	3	4	2	2	1	3	2	2	0	1	2	0	0	0	0	0	0	0	0	0	0
0.03	north7_active	80	5622	1340	2957	344	110	383	217	566	92	47	54	20	46	22	44	4	12	2	6	0	1	0	1	0	2	1	1	0	0	1	0	0	0	0	0	0	0	0	0	0
0.03	north8_all	80	8292	2681	3374	761	449	510	327	685	128	75	95	36	58	38	51	21	20	7	10	5	4	3	2	1	1	1	2	0	1	1	0	0	0	0	0	0	0	0	0	0
0.03	north8_active	80	5626	1405	2911	329	107	388	217	626	85	42	60	19	46	21	47	7	15	2	6	2	1	1	0	0	0	0	1	0	0	1	0	0	0	0	0	0	0	0	0	0
0.03	north9_all	80	8210	2655	3376	781	476	554	342	701	124	75	82	40	53	33	45	23	15	7	8	4	3	1	3	1	1	2	0	0	1	1	0	0	0	0	0	0	0	0	0	0
0.03	north9_active	80	5472	1371	2924	342	114	414	237	641	79	31	55	18	44	21	41	9	11	3	5	2	1	1	0	0	0	1	0	0	0	1	0	0	0	0	0	0	0	0	0	0
0.03	north10_all	80	8264	2688	3397	750	451	552	336	679	126	85	72	44	54	26	38	15	12	8	5	4	2	2	3	1	1	2	0	0	1	0	0	0	0	0	0	0	1	0	0	0
0.03	north10_active	80	5494	1392	2956	296	112	408	244	626	79	42	50	25	41	16	34	7	12	2	3	2	1	1	0	0	0	1	0	0	0	0	0	0	0	0	0	0	1	0	0	0
0.03	north11_all	80	8219	2543	3340	804	440	536	341	661	166	96	70	48	85	39	75	17	9	8	7	3	5	4	0	3	5	0	0	2	1	1	0	0	0	0	0	0	0	0	0	0
0.03	north11_active	80	5475	1308	2927	326	93	411	243	612	100	57	49	26	78	27	70	9	5	0	1	0	1	2	0	2	2	0	0	2	0	0	0	0	0	0	0	0	0	0	0	0
0.03	north12_all	80	8101	2522	3314	786	416	525	350	706	151	106	78	37	89	40	53	21	14	8	6	2	3	4	0	6	5	0	2	0	1	0	0	0	0	0	0	0	0	0	0	0
0.03	north12_active	80	5416	1314	2896	318	104	386	258	656	90	54	49	19	78	31	49	9	8	0	1	0	0	2	0	2	2	0	2	0	0	0	0	0	0	0	0	0	0	0	0	0
0.03	north13_all	80	8106	2534	3319	740	430	556	329	635	155	102	81	43	70	35	48	23	13	11	4	3	4	4	2	6	2	1	3	0	0	0	0	0	0	0	0	0	0	0	0	0
0.03	north13_active	80	5448	1281	2876	306	108	415	237	585	97	56	50	18	56	26	46	14	10	1	0	1	1	1	1	1	0	1	2	0	0	0	0	0	0	0	0	0	0	0	0	0
0.03	north14_all	80	8045	2564	3332	762	450	577	311	609	135	94	76	39	52	23	28	25	15	13	3	3	2	3	2	4	2	1	4	0	0	0	0	0	0	0	0	0	0	0	0	0
0.03	north14_active	80	5396	1281	2914	318	109	423	227	558	82	48	44	17	37	16	26	14	12	1	0	1	1	1	1	0	0	1	2	0	0	0	0	0	0	0	0	0	0	0	0	0
0.03	north15_all	80	7989	2697	3300	797	451	600	312	590	143	97	66	48	47	21	31	22	12	11	6	4	4	4	2	3	1	1	2	5	0	0	0	0	0	0	0	0	0	0	0	0
0.03	north15_active	80	5372	1347	2851	326	98	454	226	535	88	48	48	25	31	15	29	14	10	1	4	2	1	1	1	0	0	1	0	5	0	0	0	0	0	0	0	0	0	0	0	0
0.03	north16_all	80	8073	2648	3363	809	459	565	336	624	131	93	71	43	49	21	44	24	10	9	9	3	8	2	0	2	0	1	2	5	0	0	0	0	0	0	0	0	0	0	0	0
0.03	north16_active	80	5472	1325	2928	350	103	433	248	566	85	50	52	23	39	16	38	17	9	2	5	2	3	0	0	0	0	1	0	5	0	0	0	0	0	0	0	0	0	0	0	0
0.03	north17_all	80	7962	2705	3467	791	454	536	350	667	131	108	73	43	61	25	44	20	10	5	14	5	7	2	0	3	0	1	0	5	0	0	0	0	0	0	0	0	0	0	0	0
0.03	north17_active	80	5397	1344	3027	344	105	400	240	615	88	60	56	28	51	15	35	12	7	2	8	4	3	0	0	1	0	0	0	5	0	0	0	0	0	0	0	0	0	0	0	0
0.03	north18_all	80	8038	2581	3477	767	443	484	357	672	121	92	77	48	59	29	47	22	14	6	13	7	8	0	0	2	0	1	0	0	0	0	0	2	0	0	0	0	0	0	0	0
0.03	north18_active	80	5463	1296	3034	320	116	351	245	619	77	56	57	31	48	15	36	14	9	3	5	5	6	0	0	1	0	0	0	0	0	0	0	2	0	0	0	0	0	0	0	0
0.03	north19_all	80	7979	2568	3553	760	451	510	347	623	133	85	78	46	58	31	42	16	16	10	10	6	8	0	0	1	1	4	0	0	0	0	0	2	0	0	0	0	0	0	0	0
0.03	north19_active	80	5363	1290	3110	303	123	372	234	571	88	51	56	27	46	15	34	7	9	3	4	4	6	0	0	1	1	3	0	0	0	0	0	2	0	0	0	0	0	0	0	0
0.03	north20_all	80	8080	2543	3491	764	442	489	350	632	125	79	94	51	45	31	54	14	15	11	7	4	8	0	0	1	1	3	0	0	0	0	0	2	0	0	0	0	0	0	0	0
0.03	north20_active	80	5446	1303	3063	285	127	360	250	581	78	43	67	30	36	14	49	7	10	1	2	2	5	0	0	1	1	3	0	0	0	0	0	2	0	0	0	0	0	0	0	0
0.03	south21_all	80	6956	2360	1549	861	446	463	221	400	611	193	88	53	35	19	15	18	8	53	7	10	14	3	3	0	1	2	2	1	0	0	5	0	0	0	0	0	0	1	1	0
0.03	south21_active	80	4033	526	844	414	105	341	121	341	578	167	69	11	22	7	12	12	4	49	2	3	13	1	2	0	0	0	2	0	0	0	5	0	0	0	0	0	0	0	0	0
0.03	south22_all	80	6899	2311	1573	806	451	477	237	381	641	204	79	47	39	25	18	13	12	55	10	7	10	4	3	0	2	1	0	1	0	0	5	0	0	0	0	0	0	1	1	0
0.03	south22_active	80	4017	505	889	375	104	337	125	325	611	180	64	10	20	7	13	7	8	47	3	2	9	2	2	0	0	0	0	0	0	0	5	0	0	0	0	0	0	0	0	0
0.03	south23_all	80	6887	2325	1533	776	450	537	239	409	572	189	78	50	42	24	21	9	12	44	8	5	8	5	2	0	2	2	0	1	0	0	0	0	0	0	1	0	0	0	1	0
0.03	south23_active	80	3992	525	876	358	103	399	122	358	539	165	56	11	19	7	15	6	8	35	3	2	7	2	1	0	0	0	0	0	0	0	0	0	0	0	1	0	0	0	0	0
0.03	south24_all	80	6885	2262	1518	781	483	514	248	394	624	176	72	46	40	31	28	6	14	69	11	8	4	3	1	0	1	1	0	1	0	0	0	0	0	1	1	0	0	0	1	0
0.03	south24_active	80	3996	486	882	364	100	379	121	352	590	154	50	10	17	12	21	3	8	62	6	2	4	1	0	0	0	0	0	0	0	0	0	0	0	0	1	0	0	0	0	0
0.03	south25_all	80	6972	2185	1548	813	493	505	233	372	592	155	82	47	34	28	23	11	12	55	7	9	14	2	2	0	0	1	0	1	0	0	0	0	0	1	1	0	0	0	0	0
0.03	south25_active	80	4026	455	880	385	108	379	105	325	560	130	51	9	17	13	17	4	7	51	3	1	14	0	0	0	0	0	0	1	0	0	0	0	0	0	1	0	0	0	0	0
0.03	south26_all	80	7100	2215	1532	791	483	497	214	355	638	172	91	38	28	25	23	11	9	38	6	10	15	3	1	0	1	2	0	1	0	0	0	0	0	1	1	0	0	0	0	0
0.03	south26_active	80	4117	459	879	364	102	378	99	309	609	148	54	4	20	14	16	4	3	35	4	1	15	2	0	0	0	0	0	1	0	0	0	0	0	0	1	0	0	0	0	0
0.03	south27_all	80	7053	2169	1564	840	491	537	201	402	625	183	94	35	25	20	23	15	6	36	5	5	18	2	1	0	1	3	0	1	0	3	0	0	0	0	0	0	1	0	0	0
0.03	south27_active	80	4080	456	894	391	111	408	94	351	597	165	57	4	17	11	15	8	3	32	3	0	17	2	0	0	0	0	0	1	0	3	0	0	0	0	0	0	0	0	0	0
0.03	south28_all	80	7024	2245	1502	830	462	541	220	395	599	207	90	31	28	23	25	12	8	48	8	6	13	2	1	1	2	4	0	0	0	3	0	0	0	0	0	0	1	0	0	0
0.03	south28_active	80	4091	505	883	396	113	404	114	337	569	186	57	4	16	13	15	9	5	43	7	1	12	2	0	1	0	1	0	0	0	3	0	0	0	0	0	0	0	0	0	0
0.03	south29_all	80	6979	2315	1509	796	450	537	206	418	570	219	82	30	29	16	27	15	9	52	8	3	8	6	2	3	4	3	0	0	0	3	0	0	0	0	1	1	1	0	0	0
0.03	south29_active	80	4102	495	882	384	106	390	103	354	539	189	57	6	16	8	18	12	6	47	6	1	7	6	0	3	2	1	0	0	0	3	0	0	0	0	1	1	0	0	0	0
0.03	south30_all	80	6919	2314	1481	791	442	530	259	418	567	206	74	51	35	23	31	14	8	41	16	4	4	5	2	3	4	1	0	0	0	4	0	0	0	0	1	1	1	0	0	0
0.03	south30_active	80	4094	500	860	383	100	377	127	355	530	172	54	12	19	11	21	10	5	35	14	2	4	5	0	3	2	1	0	0	0	3	0	0	0	0	1	1	0	0	0	0
0.03	south31_all	80	6966	2178	1521	801	488	574	236	409	589	253	117	35	48	14	24	19	5	25	8	4	8	4	2	2	1	0	0	0	0	0	0	1	1	0	0	0	0	0	0	1
0.03	south31_active	80	3960	442	889	409	100	404	115	354	561	223	75	10	27	3	18	10	2	23	7	1	7	4	0	1	0	0	0	0	0	0	0	1	0	0	0	0	0	0	0	1
0.03	south32_all	80	6985	2177	1469	773	485	564	244	422	639	274	112	47	31	16	31	19	6	38	11	8	9	3	3	2	0	0	0	0	0	0	0	1	0	0	0	0	0	0	0	1
0.03	south32_active	80	3972	457	830	389	106	397	127	353	611	246	74	12	18	4	23	11	2	35	10	3	7	3	0	2	0	0	0	0	0	0	0	1	0	0	0	0	0	0	0	1
0.03	south33_all	80	6976	2208	1462	792	473	531	252	439	643	254	103	43	31	15	27	19	7	48	11	7	6	2	3	3	1	1	0	1	0	1	0	1	0	0	0	0	0	0	0	0
0.03	south33_active	80	4025	430	822	387	109	353	126	374	610	230	68	11	19	6	23	10	4	45	10	3	4	2	0	2	0	0	0	1	0	1	0	1	0	0	0	0	0	0	0	0
0.03	south34_all	80	7027	2120	1456	789	487	519	245	384	665	263	91	43	42	20	30	17	10	48	12	7	3	1	3	4	1	1	0	1	0	1	0	0	0	0	0	0	0	0	0	0
0.03	south34_active	80	4073	406	830	365	113	364	127	322	631	238	61	6	25	9	27	11	6	45	10	3	1	1	1	3	0	0	0	1	0	1	0	0	0	0	0	0	0	0	0	0
0.03	south35_all	80	7064	2179	1447	864	443	506	244	423	643	232	97	42	46	26	30	17	13	39	8	4	3	0	2	6	2	1	0	1	0	1	0	0	0	0	0	0	0	0	0	0
0.03	south35_active	80	4130	415	809	390	100	363	126	366	612	208	65	11	29	10	27	6	7	37	7	2	1	0	1	4	0	0	0	1	0	1	0	0	0	0	0	0	0	0	0	0
0.03	south36_all	80	7041	2167	1483	915	442	504	223	373	575	209	84	43	37	26	36	16	20	36	5	2	4	0	2	4	1	1	0	1	0	0	0	0	0	0	0	0	0	0	0	0
0.03	south36_active	80	4113	410	840	443	94	379	110	329	547	178	57	12	23	11	30	6	12	33	4	0	4	0	1	3	0	0	0	1	0	0	0	0	0	0	0	0	0	0	0	0
0.03	south37_all	80	7016	2211	1465	894	438	507	219	429	548	187	85	34	28	25	35	15	17	14	2	1	8	3	3	2	1	1	0	0	0	0	0	1	1	0	0	0	0	0	0	0
0.03	south37_active	80	4056	432	825	444	106	389	99	373	522	154	52	12	17	12	25	4	8	12	2	0	8	0	1	1	0	0	0	0	0	0	0	0	0	0	0	0	0	0	0	0
0.03	south38_all	80	7129	2214	1484	852	420	515	208	418	558	185	82	48	33	29	35	14	11	9	2	1	11	3	3	2	0	1	0	0	0	0	0	1	1	0	0	0	0	0	0	0
0.03	south38_active	80	4082	451	858	452	94	395	93	361	535	150	45	12	18	15	22	4	5	8	0	0	11	0	0	1	0	0	0	0	0	0	0	0	0	0	0	0	0	0	0	0
0.03	south39_all	80	7212	2258	1461	811	429	509	233	384	603	219	84	44	36	36	35	18	10	16	4	2	14	4	3	2	1	0	0	0	0	0	0	1	1	0	0	0	0	0	0	0
0.03	south39_active	80	4152	430	846	422	98	389	111	327	581	189	49	10	19	19	18	6	3	13	0	0	14	1	0	1	0	0	0	0	0	0	0	0	0	0	0	0	0	0	0	0
0.03	south40_all	80	7181	2239	1486	790	453	498	223	422	675	206	86	55	49	34	39	15	11	32	9	2	7	1	4	2	1	0	0	0	0	0	0	0	0	0	0	0	0	0	0	0
0.03	south40_active	80	4118	433	876	390	107	376	121	363	650	183	55	11	22	15	23	6	1	29	4	0	7	1	0	1	0	0	0	0	0	0	0	0	0	0	0	0	0	0	0	0
