label	Group	numOtus	Otu0	Otu1	Otu2	Otu3	Otu4	Otu5	Otu6	Otu7	Otu8	Otu9	Otu10	Otu11	Otu12	Otu13	Otu14	Otu15	Otu16	Otu17	Otu18	Otu19	Otu20	Otu21	Otu22	Otu23	Otu24	Otu25	Otu26	Otu27	Otu28	Otu29	Otu30	Otu31	Otu32	Otu33	Otu34	Otu35	Otu36	Otu37	Otu38	Otu39	Otu40	Otu41	Otu42	Otu43	Otu44	Otu45	Otu46	Otu47	Otu48	Otu49	Otu50	Otu51	Otu52	Otu53	Otu54	Otu55	Otu56	Otu57	Otu58	Otu59	Otu60	Otu61	Otu62	Otu63	Otu64	Otu65	Otu66	Otu67	Otu68	Otu69	Otu70	Otu71	Otu72	Otu73
0.03	north1_all	80	19060	3989	2141	1620	1036	781	604	496	389	296	377	185	167	140	113	104	181	105	69	52	60	58	32	32	18	17	14	21	10	18	12	14	9	9	5	12	7	3	7	2	2	1	0	0	2	1	1	0	0	0	1	1	1	1	0	4	0	0	0	1	0	0	0	0	0	1	0	0	0	0	0	0	1	0
0.03	north1_active	80	16127	1983	695	812	291	261	177	189	118	80	272	45	53	39	41	19	155	67	21	19	24	43	10	14	12	9	11	11	6	5	8	12	5	4	2	11	5	0	4	0	1	0	0	0	2	0	1	0	0	0	1	1	0	0	0	4	0	0	0	1	0	0	0	0	0	1	0	0	0	0	0	0	0	0
0.03	north2_all	80	19721	4071	2162	1634	1074	785	626	478	388	289	385	160	168	141	109	102	178	99	62	45	60	63	37	21	16	19	23	24	8	23	14	14	12	10	5	13	3	3	3	2	2	1	1	2	0	1	0	0	0	0	1	0	1	0	0	3	0	0	0	1	0	0	0	0	0	1	0	0	0	0	0	0	0	0
0.03	north2_active	80	16823	2038	685	841	307	275	188	186	120	84	282	44	54	45	43	17	156	64	22	16	21	44	12	8	9	12	18	12	2	8	6	12	7	4	2	12	0	0	1	0	0	0	0	2	0	0	0	0	0	0	1	0	0	0	0	3	0	0	0	0	0	0	0	0	0	1	0	0	0	0	0	0	0	0
0.03	north3_all	80	19648	4072	2239	1665	1080	798	626	470	388	289	396	161	178	146	117	98	194	89	67	42	45	79	33	24	14	26	36	28	9	21	14	6	12	6	2	14	5	1	7	2	2	0	1	4	1	1	1	1	1	1	0	0	1	0	2	3	0	0	0	1	0	0	0	0	0	1	0	1	0	0	0	0	0	0
0.03	north3_active	80	16751	2056	688	844	319	299	187	191	124	85	295	43	56	50	51	17	169	53	24	19	19	59	12	9	9	21	30	11	3	7	6	4	9	3	1	13	3	0	5	0	1	0	0	3	1	0	1	1	0	1	0	0	0	0	2	3	0	0	0	0	0	0	0	0	0	1	0	0	0	0	0	0	0	0
0.03	north4_all	80	19732	4056	2233	1673	1093	791	602	465	387	285	386	165	174	148	118	98	185	99	63	43	47	73	37	23	24	31	42	23	11	13	14	6	9	3	4	20	4	1	10	3	3	1	1	4	1	0	1	1	2	1	1	0	0	0	2	0	0	0	0	1	0	1	0	0	0	0	0	1	0	0	0	0	0	0
0.03	north4_active	80	16815	2055	667	858	333	290	177	210	119	84	282	49	57	47	51	16	160	66	21	18	19	59	13	9	13	23	34	9	2	5	6	3	6	2	1	19	3	0	8	1	1	1	0	3	1	0	1	1	0	1	0	0	0	0	2	0	0	0	0	0	0	1	0	0	0	0	0	0	0	0	0	0	0	0
0.03	north5_all	80	20158	4020	2258	1639	1065	789	584	448	393	301	381	178	174	151	118	93	170	102	59	40	44	76	34	27	23	31	39	19	13	9	10	3	8	3	5	19	4	2	12	3	3	3	1	5	1	8	2	1	2	1	2	0	0	0	2	0	0	0	0	1	0	1	0	0	0	0	0	1	0	0	0	0	0	0
0.03	north5_active	80	17221	2042	687	830	339	268	183	197	119	83	259	52	52	37	49	15	138	68	24	18	23	61	11	14	15	22	33	6	4	5	6	1	4	3	1	18	3	0	11	1	1	1	0	4	1	8	1	1	0	1	0	0	0	0	2	0	0	0	0	0	0	1	0	0	0	0	0	0	0	0	0	0	0	0
0.03	north6_all	80	20321	3956	2165	1611	1071	760	560	458	385	307	423	175	165	132	122	84	195	113	58	46	54	58	34	25	26	23	35	14	12	11	9	5	11	6	6	16	5	3	12	4	5	5	2	4	2	11	1	1	2	3	2	0	0	0	3	0	0	0	0	0	0	1	0	0	0	0	0	1	0	0	0	0	0	0
0.03	north6_active	80	17344	2000	675	804	340	259	165	204	109	87	279	50	51	30	55	12	160	79	22	17	30	47	11	14	15	12	28	4	4	3	5	2	7	5	2	14	2	0	11	1	2	2	1	3	1	11	0	1	0	3	0	0	0	0	3	0	0	0	0	0	0	1	0	0	0	0	0	0	0	0	0	0	0	0
0.03	north7_all	80	20550	3937	2186	1628	1072	775	576	484	403	312	411	178	175	127	122	90	181	96	63	41	51	60	29	28	22	19	31	16	11	14	8	7	11	4	5	5	4	3	11	2	3	4	2	2	1	11	1	2	1	5	1	0	0	2	1	0	0	0	0	0	0	1	0	0	0	0	0	0	0	0	0	0	0	0
0.03	north7_active	80	17655	1985	711	821	332	274	166	215	106	84	267	53	52	33	55	18	146	63	22	17	22	47	7	15	11	10	23	5	3	5	5	3	7	3	1	4	0	0	9	0	1	1	1	2	0	11	0	1	0	5	0	0	0	0	1	0	0	0	0	0	0	1	0	0	0	0	0	0	0	0	0	0	0	0
0.03	north8_all	80	20469	4023	2218	1680	1043	784	576	500	403	310	415	185	179	123	126	98	199	93	60	49	52	65	25	27	19	15	24	18	9	12	6	10	6	8	4	5	3	6	11	4	3	3	2	2	1	11	1	3	0	5	1	0	1	2	1	0	0	1	0	0	0	0	0	0	0	0	0	0	0	0	0	0	0	0
0.03	north8_active	80	17642	2045	681	870	319	277	170	227	116	78	276	37	48	31	52	25	175	58	20	17	22	44	7	15	7	6	14	6	3	3	4	6	5	4	1	4	0	2	9	1	2	1	1	2	0	11	0	2	0	5	0	0	0	0	1	0	0	1	0	0	0	0	0	0	0	0	0	0	0	0	0	0	0	0
0.03	north9_all	80	20322	4035	2251	1646	1026	803	567	516	382	326	370	199	184	128	127	103	205	82	57	44	46	67	27	36	18	14	25	22	11	16	7	12	3	5	5	9	2	4	4	2	1	2	2	2	0	0	1	4	0	2	1	0	1	2	0	0	0	1	0	0	0	0	0	0	0	0	0	0	0	0	0	0	0	0
0.03	north9_active	80	17550	2075	673	847	293	269	171	233	111	82	258	47	48	32	46	28	181	51	19	18	15	47	6	17	5	6	15	10	5	8	4	9	3	2	1	8	0	2	3	1	1	0	1	1	0	0	0	3	0	2	0	0	0	0	0	0	0	1	0	0	0	0	0	0	0	0	0	0	0	0	0	0	0	0
0.03	north10_all	80	20053	4017	2269	1678	1051	844	576	524	372	334	366	210	171	142	130	99	203	74	52	53	44	72	24	37	31	16	33	17	17	17	11	17	3	10	4	13	1	3	3	2	2	1	1	2	0	0	2	4	0	1	1	0	2	1	0	0	0	1	0	0	0	1	0	0	0	0	0	0	0	0	0	0	0	0
0.03	north10_active	80	17222	2043	673	848	307	296	185	229	115	85	265	55	52	42	49	31	180	37	15	18	16	53	7	17	14	8	22	7	5	8	7	13	3	4	0	11	0	2	2	1	2	0	0	0	0	0	0	3	0	1	0	0	1	0	0	0	0	1	0	0	0	0	0	0	0	0	0	0	0	0	0	0	0	0
0.03	north11_all	80	20100	4077	2139	1656	985	800	642	481	377	254	355	200	188	135	91	100	268	83	68	52	36	53	39	17	17	19	44	18	6	9	8	15	11	11	8	12	2	9	6	3	2	3	1	1	1	3	0	1	0	0	1	0	0	0	0	0	0	0	0	0	0	0	0	0	1	0	1	0	1	0	0	0	0	0
0.03	north11_active	80	17304	2100	699	830	316	287	185	196	119	82	257	48	62	47	34	18	246	55	32	17	13	33	11	7	9	8	40	11	4	0	5	12	6	3	2	7	0	3	5	0	2	2	0	0	1	2	0	1	0	0	0	0	0	0	0	0	0	0	0	0	0	0	0	0	0	0	1	0	1	0	0	0	0	0
0.03	north12_all	80	19804	4061	2133	1670	1002	774	644	505	357	258	371	209	191	161	110	103	214	77	62	49	45	60	34	18	21	23	57	17	10	9	7	16	7	9	5	10	2	4	6	2	1	1	1	2	1	3	0	1	0	0	1	0	0	0	0	0	2	1	0	0	0	0	0	0	1	0	0	0	1	0	1	0	0	0
0.03	north12_active	80	16982	2074	683	834	313	271	185	202	117	77	276	56	69	49	38	18	192	46	30	16	15	41	8	6	15	11	50	10	5	1	5	12	4	4	1	7	1	1	5	0	1	1	0	1	1	2	0	1	0	0	0	0	0	0	0	0	1	1	0	0	0	0	0	0	0	0	0	0	1	0	1	0	0	0
0.03	north13_all	80	19767	4160	2207	1663	1055	731	608	458	380	284	386	212	185	161	130	110	223	87	61	56	50	71	31	19	30	24	55	16	14	8	8	10	5	3	8	5	3	7	5	2	1	0	0	2	1	3	1	1	0	3	0	0	0	0	0	0	2	1	0	0	0	0	0	0	1	0	0	0	1	0	1	0	0	0
0.03	north13_active	80	16869	2095	681	823	325	245	181	193	108	75	275	54	67	49	46	21	198	55	24	16	19	59	9	7	22	10	47	9	6	2	6	8	4	1	1	4	1	1	5	0	1	0	0	1	1	2	0	1	0	3	0	0	0	0	0	0	1	1	0	0	0	0	0	0	0	0	0	0	1	0	1	0	0	0
0.03	north14_all	80	19549	4066	2189	1687	1055	740	589	468	366	317	395	207	181	152	126	110	221	85	55	53	42	68	23	23	38	21	49	23	19	11	12	13	4	5	5	5	4	5	0	1	1	1	2	4	1	4	1	1	1	3	0	0	0	1	0	0	2	2	0	0	0	0	0	1	0	0	0	0	1	0	1	0	0	0
0.03	north14_active	80	16633	2089	668	856	315	254	182	181	109	87	279	51	64	42	46	22	185	52	18	14	17	58	8	10	28	8	40	9	6	3	7	11	3	1	2	4	2	1	0	0	1	0	1	3	1	2	0	1	1	3	0	0	0	0	0	0	1	2	0	0	0	0	0	0	0	0	0	0	1	0	1	0	0	0
0.03	north15_all	80	19689	4084	2147	1685	1039	753	616	453	352	319	387	199	182	143	115	106	242	105	54	48	43	60	26	29	38	25	34	23	18	10	10	13	9	3	6	10	6	7	4	2	3	1	4	4	0	7	1	2	1	3	1	0	1	1	0	0	1	2	0	0	1	0	0	1	0	0	0	0	0	0	1	0	0	0
0.03	north15_active	80	16765	2113	637	878	295	251	199	170	100	86	265	50	60	33	50	25	204	65	12	13	20	51	11	12	28	12	27	7	6	3	4	12	7	0	2	7	3	1	4	1	2	0	2	3	0	6	0	2	1	3	0	0	1	0	0	0	1	2	0	0	0	0	0	0	0	0	0	0	0	0	1	0	0	0
0.03	north16_all	80	19963	4041	2117	1679	1013	772	606	485	356	316	383	192	181	134	118	99	244	110	58	48	52	58	29	37	33	20	39	21	16	8	15	12	10	5	4	14	5	4	6	3	3	3	4	4	0	6	1	4	7	3	1	0	3	1	0	0	2	1	0	0	1	0	0	1	0	0	0	0	0	0	0	0	0	0
0.03	north16_active	80	17048	2098	654	872	284	266	180	185	98	92	268	46	54	29	48	27	211	66	13	18	30	49	10	17	20	8	34	7	6	3	9	11	7	1	2	9	3	1	6	1	2	0	2	3	0	4	0	3	7	3	0	0	1	0	0	0	2	1	0	0	0	0	0	0	0	0	0	0	0	0	0	0	0	0
0.03	north17_all	80	20213	4100	2122	1696	1015	766	582	500	369	298	380	201	177	132	118	107	239	109	57	48	47	65	32	38	29	18	43	16	9	7	18	16	12	6	4	13	6	4	7	4	3	2	6	5	0	9	1	5	7	0	1	0	4	0	0	0	2	0	0	0	1	0	1	0	0	0	0	0	0	0	0	0	0	0
0.03	north17_active	80	17308	2121	667	893	285	265	167	198	103	85	272	51	50	30	48	31	209	62	13	18	27	57	10	15	12	7	38	5	4	4	11	13	8	3	2	8	3	0	6	1	2	0	2	3	0	7	0	4	7	0	0	0	2	0	0	0	2	0	0	0	0	0	1	0	0	0	0	0	0	0	0	0	0	0
0.03	north18_all	80	20371	4061	2190	1712	991	767	626	529	402	293	394	203	190	127	122	97	214	95	53	50	52	71	20	35	31	15	35	13	10	8	13	15	11	7	5	7	5	6	6	4	1	3	4	3	0	6	1	6	6	0	1	1	4	0	0	1	2	0	0	0	1	0	1	0	0	0	0	0	0	0	0	0	0	0
0.03	north18_active	80	17497	2093	694	881	283	272	177	227	127	88	288	62	55	38	50	22	186	51	17	18	27	56	7	16	13	4	32	3	3	3	10	11	5	4	2	3	0	2	5	1	1	0	1	2	0	5	0	5	6	0	0	0	2	0	0	1	2	0	0	0	1	0	1	0	0	0	0	0	0	0	0	0	0	0
0.03	north19_all	80	20462	3997	2176	1675	1014	774	629	518	395	300	401	205	199	132	123	93	206	92	43	44	38	93	23	26	40	14	38	12	9	7	10	17	10	7	4	5	5	7	2	4	0	2	3	2	1	6	0	11	0	0	0	1	1	0	0	1	0	0	0	0	1	0	1	0	0	0	0	0	0	0	0	0	0	0
0.03	north19_active	80	17546	2043	687	853	307	283	178	234	122	85	283	65	54	43	52	17	175	49	14	14	16	79	9	12	21	6	34	3	2	3	4	11	7	3	2	4	1	2	1	1	0	0	1	1	0	5	0	10	0	0	0	0	1	0	0	1	0	0	0	0	1	0	1	0	0	0	0	0	0	0	0	0	0	0
0.03	north20_all	80	20346	4029	2216	1655	1058	753	642	523	369	307	386	216	201	140	127	86	222	79	39	49	46	84	27	23	36	22	47	16	9	4	11	14	9	4	4	4	6	7	9	3	1	3	2	1	3	5	1	9	0	0	0	1	0	0	2	1	0	0	0	0	1	0	1	0	0	0	0	0	0	0	0	0	0	0
0.03	north20_active	80	17457	2031	715	828	344	280	195	245	114	85	271	72	55	43	51	12	166	49	15	16	20	71	9	10	22	13	41	4	2	0	3	8	5	2	2	3	2	2	9	1	1	1	1	1	1	5	0	9	0	0	0	0	0	0	2	1	0	0	0	0	1	0	1	0	0	0	0	0	0	0	0	0	0	0
0.03	south21_all	80	19929	4155	2275	1637	1075	781	584	482	394	331	399	231	158	137	103	92	222	84	52	51	46	86	35	25	33	15	46	21	13	10	16	21	12	5	10	3	0	0	9	3	3	2	1	5	4	2	2	4	3	0	0	2	0	1	0	0	0	0	0	0	0	1	0	1	0	0	0	0	0	1	0	0	0	0
0.03	south21_active	80	17000	2058	729	828	292	274	169	219	114	105	278	63	48	41	37	18	192	59	14	13	19	68	6	12	19	5	41	6	4	3	9	15	9	3	3	3	0	0	7	2	1	0	1	3	1	0	0	4	2	0	0	1	0	0	0	0	0	0	0	0	0	0	0	0	0	0	0	0	0	0	0	0	0	0
0.03	south22_all	80	19979	4158	2253	1575	1062	788	580	489	376	326	385	227	163	137	111	99	231	93	58	43	52	100	35	24	37	11	45	17	10	10	15	17	8	8	8	5	2	2	4	1	4	1	4	4	4	0	2	3	1	0	0	1	0	1	0	0	0	0	0	0	0	1	0	1	0	0	0	0	0	1	0	0	0	0
0.03	south22_active	80	17040	2055	730	772	307	281	172	216	104	104	266	56	53	49	40	18	204	65	16	14	18	83	6	13	20	6	37	5	1	5	8	14	5	4	2	5	1	1	2	1	2	0	3	2	1	0	0	3	0	0	0	0	0	0	0	0	0	0	0	0	0	0	0	0	0	0	0	0	0	0	0	0	0	0
0.03	south23_all	80	20066	4067	2173	1570	1044	762	560	471	383	322	396	227	167	134	123	99	247	96	55	46	44	91	30	20	34	14	45	14	14	8	17	15	10	7	8	7	2	2	5	0	5	3	5	5	3	1	1	1	4	1	0	1	0	1	0	0	0	1	0	0	0	1	0	0	0	0	0	0	0	0	0	0	0	0
0.03	south23_active	80	17138	2013	687	726	318	279	179	192	106	104	263	58	52	53	45	17	217	64	17	18	14	77	5	11	22	6	37	5	2	3	11	12	7	4	4	6	1	1	2	0	2	1	3	3	0	1	0	1	3	0	0	0	0	0	0	0	0	1	0	0	0	0	0	0	0	0	0	0	0	0	0	0	0	0
0.03	south24_all	80	20012	4039	2157	1550	1044	759	552	471	382	304	418	196	179	127	116	89	229	98	56	44	38	91	28	15	37	21	52	15	15	11	17	8	9	8	7	7	3	2	9	0	3	4	4	4	0	1	2	0	5	1	0	1	0	0	0	0	0	1	0	0	0	0	0	0	0	0	0	0	0	0	0	1	0	0
0.03	south24_active	80	17101	2008	682	729	303	283	188	198	99	99	281	59	56	50	37	19	203	68	21	21	12	72	4	7	23	10	45	5	3	4	14	6	7	5	3	5	1	1	4	0	1	1	2	3	0	1	0	0	4	0	0	0	0	0	0	0	0	1	0	0	0	0	0	0	0	0	0	0	0	0	0	0	0	0
0.03	south25_all	80	20049	3978	2145	1621	1045	735	569	441	378	293	411	191	176	139	111	81	216	103	57	48	40	90	29	19	30	24	41	13	18	16	10	10	5	8	8	10	4	1	15	1	2	3	3	2	1	1	2	0	5	1	1	1	0	0	0	0	0	1	0	0	0	0	0	0	0	0	0	0	0	0	0	1	0	0
0.03	south25_active	80	17124	1984	700	788	303	278	187	192	114	84	284	54	55	42	38	14	183	64	23	24	13	69	4	6	19	11	37	4	4	5	10	8	2	4	3	8	2	0	11	0	1	1	0	1	1	1	0	0	5	0	1	0	0	0	0	0	0	1	0	0	0	0	0	0	0	0	0	0	0	0	0	0	0	0
0.03	south26_all	80	19929	3987	2105	1725	1045	748	590	430	381	289	398	195	191	138	110	86	165	97	62	51	43	75	28	20	26	28	49	13	21	18	10	15	5	8	6	7	5	0	14	1	4	2	1	4	2	1	1	0	3	1	1	3	0	0	0	0	0	1	0	0	1	0	0	0	0	0	0	0	0	0	0	1	0	0
0.03	south26_active	80	17013	1972	662	871	302	271	187	194	125	78	291	63	60	45	38	14	133	60	24	19	15	56	4	6	16	15	44	4	9	5	8	14	3	5	1	6	2	0	11	0	4	1	0	3	2	0	0	0	3	0	1	1	0	0	0	0	0	1	0	0	0	0	0	0	0	0	0	0	0	0	0	0	0	0
0.03	south27_all	80	20081	3991	2112	1722	1062	736	610	465	357	278	352	192	190	145	105	100	172	97	60	49	41	81	32	25	20	25	43	18	18	20	6	16	8	7	4	8	4	5	12	2	4	4	1	4	2	2	2	0	3	0	1	3	0	0	0	0	0	0	0	0	1	0	0	0	0	0	0	0	0	0	0	0	0	0
0.03	south27_active	80	17141	2017	670	881	313	247	179	206	117	65	256	60	54	50	41	16	138	58	24	19	15	63	5	8	13	14	38	5	8	7	2	15	6	2	0	6	2	1	10	0	4	1	0	3	2	0	0	0	3	0	1	1	0	0	0	0	0	0	0	0	0	0	0	0	0	0	0	0	0	0	0	0	0	0
0.03	south28_all	80	20143	4067	2133	1741	1024	798	603	488	358	284	366	211	187	151	119	103	175	82	54	48	42	79	29	22	20	24	39	21	19	18	10	20	8	8	6	10	3	6	4	2	3	3	0	4	1	3	1	2	4	0	2	2	0	0	3	0	0	1	0	0	1	0	0	0	1	0	0	0	1	0	0	0	0	0
0.03	south28_active	80	17203	2064	662	884	316	270	168	218	111	60	268	73	52	54	49	17	142	53	22	12	20	69	8	6	9	12	30	7	8	6	4	19	7	3	1	8	1	2	2	0	3	1	0	3	1	0	0	1	4	0	1	1	0	0	3	0	0	1	0	0	0	0	0	0	0	0	0	0	1	0	0	0	0	0
0.03	south29_all	80	20084	4063	2181	1678	988	806	589	506	337	278	385	205	169	159	123	104	181	83	45	45	39	88	27	20	26	22	44	18	21	14	12	18	8	8	5	15	2	6	5	5	0	3	2	0	0	3	1	3	3	0	1	1	0	0	3	0	0	1	0	0	0	0	0	0	1	0	0	0	1	0	0	0	0	0
0.03	south29_active	80	17160	2071	691	851	300	292	165	220	101	60	267	74	45	52	45	20	149	55	19	14	19	82	7	5	13	12	35	7	7	6	6	16	6	4	1	13	0	2	3	1	0	0	0	0	0	0	0	1	3	0	0	1	0	0	3	0	0	1	0	0	0	0	0	0	0	0	0	0	1	0	0	0	0	0
0.03	south30_all	80	20186	4137	2231	1626	969	802	623	483	365	295	450	212	182	138	117	103	192	81	55	51	46	77	30	18	31	21	41	17	21	8	19	16	5	6	5	16	4	3	7	7	2	2	3	0	2	2	0	3	1	0	1	0	0	1	3	1	0	1	0	0	0	1	0	0	1	0	0	0	1	0	0	0	0	0
0.03	south30_active	80	17213	2085	698	836	303	282	168	204	111	66	318	72	54	35	48	21	161	55	19	21	18	71	11	5	14	11	31	7	7	3	14	12	3	3	1	13	0	1	5	3	1	0	0	0	1	0	0	1	1	0	0	0	0	0	3	1	0	1	0	0	0	0	0	0	0	0	0	0	1	0	0	0	0	0
0.03	south31_all	80	20174	4138	2204	1692	1097	786	624	489	330	319	429	173	165	139	105	139	205	93	56	46	46	66	28	35	30	23	37	16	14	6	8	22	9	3	9	11	3	3	3	2	3	4	1	5	0	0	1	1	6	3	0	0	0	0	0	0	3	0	0	0	0	0	0	0	0	0	0	0	0	0	0	0	0	0
0.03	south31_active	80	17270	2113	720	888	351	279	186	223	101	90	325	56	61	28	50	27	183	57	14	16	18	57	10	17	18	11	32	4	6	3	3	14	5	0	4	10	1	2	2	2	2	1	1	2	0	0	0	1	6	3	0	0	0	0	0	0	2	0	0	0	0	0	0	0	0	0	0	0	0	0	0	0	0	0
0.03	south32_all	80	19924	4167	2205	1687	999	820	646	477	354	322	405	183	168	146	114	112	192	93	44	47	44	75	24	32	32	28	43	17	12	6	6	15	15	6	10	9	3	3	5	2	2	4	0	4	0	1	1	2	6	6	0	2	0	0	0	0	2	0	0	0	0	0	0	0	0	0	0	0	0	0	0	0	0	0
0.03	south32_active	80	17045	2109	709	819	345	272	184	226	96	89	301	53	57	34	55	23	164	58	10	17	11	63	6	13	22	15	35	7	6	2	2	7	11	2	3	9	1	1	4	1	1	1	0	2	0	1	0	2	6	6	0	0	0	0	0	0	2	0	0	0	0	0	0	0	0	0	0	0	0	0	0	0	0	0
0.03	south33_all	80	20032	4068	2195	1661	949	792	618	472	420	317	406	200	163	145	126	116	239	94	45	53	43	104	22	35	29	24	46	14	14	9	5	15	16	9	10	7	2	3	8	1	2	1	0	4	0	1	2	1	2	6	0	2	0	0	0	0	3	0	0	0	0	1	0	0	0	0	0	0	0	0	0	0	0	0
0.03	south33_active	80	17175	2048	708	828	305	267	185	216	116	75	281	52	50	35	57	27	211	59	11	19	14	89	4	14	16	14	39	6	7	3	2	6	9	4	3	7	0	1	7	0	1	0	0	3	0	1	0	1	1	6	0	0	0	0	0	0	3	0	0	0	0	1	0	0	0	0	0	0	0	0	0	0	0	0
0.03	south34_all	80	20445	4139	2208	1614	971	773	622	484	424	296	398	209	158	140	132	115	237	101	50	54	40	97	23	32	35	21	38	13	12	14	5	10	20	13	7	9	1	4	11	1	1	1	0	3	0	1	2	1	3	3	1	2	0	1	1	0	4	0	0	1	0	1	0	0	0	0	0	0	0	0	0	0	0	0
0.03	south34_active	80	17577	2103	714	803	293	261	188	210	114	74	278	53	47	42	52	26	208	67	14	17	12	85	5	7	19	12	29	5	5	6	3	5	11	6	1	7	0	2	9	0	0	1	0	3	0	1	0	1	2	3	0	0	0	1	1	0	4	0	0	0	0	1	0	0	0	0	0	0	0	0	0	0	0	0
0.03	south35_all	80	20353	4162	2232	1585	1000	765	605	504	392	288	460	205	152	143	125	117	256	107	53	65	44	110	28	32	33	23	47	7	10	14	8	10	19	13	4	17	1	4	12	0	2	3	0	1	0	1	1	0	3	0	1	2	1	1	1	0	2	0	1	1	0	1	0	0	0	0	0	0	0	0	0	0	0	1
0.03	south35_active	80	17534	2143	708	822	310	267	183	213	107	72	347	59	55	46	51	24	223	79	14	22	19	91	7	10	21	14	39	2	4	7	8	5	11	5	1	14	0	2	10	0	0	3	0	1	0	1	0	0	2	0	0	0	0	1	1	0	2	0	1	0	0	1	0	0	0	0	0	0	0	0	0	0	0	1
0.03	south36_all	80	20413	4136	2178	1665	1028	786	588	497	387	284	453	202	171	155	123	112	221	121	62	63	44	86	27	31	33	20	45	9	10	17	14	10	7	9	3	16	1	8	10	1	3	4	1	2	0	2	0	2	1	0	1	0	1	1	2	0	4	0	1	1	4	0	0	0	0	0	0	0	0	0	0	0	0	1
0.03	south36_active	80	17541	2113	696	864	334	289	169	198	104	75	347	69	65	53	50	25	189	81	20	22	16	68	8	6	18	13	36	5	1	10	12	7	4	3	1	11	0	3	7	1	2	3	0	1	0	1	0	2	1	0	0	0	0	1	2	0	2	0	1	0	3	0	0	0	0	0	0	0	0	0	0	0	0	1
0.03	south37_all	80	20306	4110	2154	1703	1022	806	598	483	367	295	466	193	171	163	123	106	189	106	56	61	46	80	33	36	32	22	41	10	11	13	15	15	3	6	3	22	3	8	8	4	3	4	1	1	1	2	0	3	1	1	1	0	1	1	3	0	3	0	1	1	4	0	0	0	0	0	0	0	0	0	0	0	0	1
0.03	south37_active	80	17390	2095	709	885	335	293	189	190	96	80	357	65	55	54	52	20	162	67	16	22	19	60	10	11	17	11	34	4	1	6	13	11	2	3	1	16	0	3	6	2	2	2	0	0	0	1	0	3	0	1	0	0	0	1	3	0	1	0	1	0	3	0	0	0	0	0	0	0	0	0	0	0	0	1
0.03	south38_all	80	19818	4085	2104	1711	1037	829	590	490	368	308	457	203	168	152	131	117	175	102	53	57	37	73	30	41	25	28	33	16	12	14	15	12	4	8	4	16	4	8	9	4	4	3	1	4	2	1	0	5	1	6	2	3	1	0	3	0	2	0	0	1	4	0	0	0	0	0	0	0	0	0	0	0	0	1
0.03	south38_active	80	16998	2070	707	906	342	292	187	194	93	89	341	65	50	46	48	20	158	60	16	21	13	53	9	12	14	12	29	5	1	6	10	9	3	4	1	12	0	3	8	2	3	1	0	3	0	0	0	4	0	6	0	2	0	0	3	0	0	0	0	0	3	0	0	0	0	0	0	0	0	0	0	0	0	1
0.03	south39_all	80	20143	4047	2093	1658	1009	816	599	483	393	292	409	211	173	143	131	114	162	84	55	54	46	47	30	29	24	28	37	16	12	12	10	12	2	9	8	13	5	8	6	4	2	4	3	3	4	1	0	3	2	8	2	3	0	1	2	0	2	0	1	2	1	0	0	0	0	0	0	0	0	0	0	0	0	0
0.03	south39_active	80	17259	2070	705	860	321	287	188	197	122	85	285	64	46	39	41	24	144	50	10	14	15	29	8	12	12	11	35	5	4	5	7	9	2	5	2	9	0	4	6	1	1	1	0	3	0	0	0	2	1	7	0	2	0	0	2	0	0	0	1	1	0	0	0	0	0	0	0	0	0	0	0	0	0	0
0.03	south40_all	80	19894	4074	2136	1620	1026	846	585	498	368	300	368	207	171	156	129	121	175	78	48	51	39	50	28	22	22	32	32	17	12	8	5	7	4	6	7	5	6	5	14	1	4	2	3	3	5	0	0	2	3	7	1	3	0	1	0	0	0	0	1	1	0	0	0	1	0	0	0	0	0	0	0	0	0	0
0.03	south40_active	80	16956	2092	713	830	328	301	174	211	112	84	260	55	50	42	37	23	151	49	11	13	9	34	7	9	12	16	30	6	6	4	2	6	2	3	2	4	1	1	13	0	2	1	0	3	0	0	0	1	3	6	0	2	0	0	0	0	0	0	1	1	0	0	0	1	0	0	0	0	0	0	0	0	0	0
