label	Group	numOtus	Otu0	Otu1	Otu2	Otu3	Otu4	Otu5	Otu6	Otu7	Otu8	Otu9	Otu10	Otu11	Otu12	Otu13	Otu14	Otu15	Otu16	Otu17	Otu18	Otu19	Otu20	Otu21	Otu22	Otu23	Otu24	Otu25	Otu26	Otu27	Otu28	Otu29	Otu30	Otu31	Otu32	Otu33	Otu34	Otu35	Otu36	Otu37	Otu38	Otu39	Otu40	Otu41	Otu42	Otu43	Otu44	Otu45	Otu46	Otu47	Otu48	Otu49	Otu50	Otu51	Otu52	Otu53	Otu54	Otu55	Otu56	Otu57	Otu58	Otu59	Otu60	Otu61	Otu62	Otu63	Otu64	Otu65	Otu66	Otu67	Otu68	Otu69	Otu70	Otu71	Otu72	Otu73	Otu74	Otu75	Otu76	Otu77	Otu78	Otu79	Otu80	Otu81	Otu82	Otu83	Otu84	Otu85	Otu86	Otu87	Otu88	Otu89	Otu90	Otu91	Otu92	Otu93	Otu94	Otu95	Otu96	Otu97	Otu98	Otu99	Otu100	Otu101	Otu102	Otu103	Otu104	Otu105	Otu106	Otu107	Otu108	Otu109	Otu110	Otu111	Otu112	Otu113	Otu114	Otu115	Otu116	Otu117	Otu118	Otu119	Otu120	Otu121	Otu122	Otu123	Otu124	Otu125	Otu126	Otu127	Otu128	Otu129	Otu130	Otu131	Otu132	Otu133	Otu134	Otu135	Otu136
0.03	north1_all	80	2194	1234	1026	591	455	960	422	172	193	170	110	410	119	90	146	110	57	134	86	71	42	25	37	26	27	26	31	27	29	27	23	25	55	13	14	20	9	16	35	14	13	8	14	10	26	19	12	15	13	6	8	3	3	11	1	4	14	1	4	1	9	1	5	0	14	4	3	6	2	3	3	2	6	0	1	4	0	2	0	1	2	2	0	0	0	1	2	2	0	0	0	2	0	2	0	0	0	0	0	0	0	1	0	0	1	0	1	0	0	1	0	0	0	0	0	0	1	0	0	0	0	0	0	0	0	0	0	1	0	0	1	0	0	2	0	0	0
0.03	north1_active	80	1095	663	604	336	247	651	267	82	108	99	56	279	62	45	91	58	24	76	52	39	24	14	22	15	13	15	14	13	13	15	14	13	37	5	8	11	3	9	25	6	5	3	6	6	20	4	4	13	5	4	4	2	0	8	1	0	11	0	0	1	6	0	3	0	7	3	2	6	1	1	1	0	5	0	0	0	0	0	0	0	1	1	0	0	0	0	2	2	0	0	0	0	0	2	0	0	0	0	0	0	0	0	0	0	1	0	0	0	0	1	0	0	0	0	0	0	0	0	0	0	0	0	0	0	0	0	0	1	0	0	1	0	0	2	0	0	0
0.03	north2_all	80	2142	1228	1039	573	441	994	392	167	202	191	110	421	97	96	133	100	50	137	83	68	41	30	32	26	30	22	27	28	24	26	34	22	70	11	11	15	9	14	30	16	12	7	20	11	20	30	9	16	13	4	8	3	3	6	2	2	18	2	2	3	9	1	3	2	16	4	3	6	2	3	2	2	1	0	1	4	1	2	0	0	1	1	0	0	0	3	1	4	0	0	0	2	0	2	0	0	0	0	0	1	0	1	0	0	1	0	1	0	0	1	0	0	0	0	0	1	1	0	0	0	0	0	0	0	0	0	0	1	0	0	0	0	0	2	0	0	0
0.03	north2_active	80	1073	684	620	323	249	676	233	81	124	111	53	285	48	49	79	50	17	73	51	41	18	16	19	12	12	11	12	13	11	12	26	12	53	5	8	10	4	7	19	8	6	4	11	4	17	13	3	13	4	2	6	2	0	5	2	0	17	0	0	3	6	0	2	1	8	2	2	6	1	1	2	1	0	0	0	0	0	0	0	0	1	0	0	0	0	2	1	4	0	0	0	0	0	2	0	0	0	0	0	0	0	0	0	0	1	0	0	0	0	1	0	0	0	0	0	1	0	0	0	0	0	0	0	0	0	0	0	1	0	0	0	0	0	2	0	0	0
0.03	north3_all	80	2144	1262	1019	598	448	923	381	174	217	181	110	386	111	84	135	109	56	139	68	62	42	36	41	28	35	23	31	27	29	25	34	24	58	11	9	11	8	13	28	14	17	4	14	10	15	19	11	15	14	6	4	4	4	3	5	1	17	3	1	4	13	1	3	2	18	3	2	5	1	2	2	2	2	0	2	2	1	2	0	0	1	0	0	0	0	3	1	5	1	0	1	2	0	2	0	0	0	0	0	1	0	1	0	0	1	0	1	0	1	1	0	0	0	0	0	1	0	0	0	0	0	0	0	0	0	0	0	1	0	0	0	0	0	0	0	0	0
0.03	north3_active	80	1072	716	596	341	255	631	239	81	125	102	58	285	66	37	73	61	25	85	42	40	16	18	23	13	14	9	15	12	12	12	26	12	41	5	5	6	6	6	19	9	11	2	9	2	14	12	5	13	9	5	3	2	1	3	4	0	17	0	0	4	12	0	2	1	8	1	2	5	1	1	2	1	2	0	1	0	0	0	0	0	0	0	0	0	0	2	1	5	0	0	0	0	0	2	0	0	0	0	0	0	0	0	0	0	1	0	0	0	1	1	0	0	0	0	0	1	0	0	0	0	0	0	0	0	0	0	0	1	0	0	0	0	0	0	0	0	0
0.03	north4_all	80	2117	1304	1035	562	443	959	420	176	210	164	108	375	118	75	111	128	71	156	63	49	40	41	38	23	35	26	32	35	23	17	34	19	51	14	12	12	10	11	40	13	27	11	11	12	11	20	9	11	16	9	4	5	3	5	4	2	25	4	0	5	12	4	2	2	20	2	2	7	1	1	3	1	3	0	3	0	1	2	1	1	1	1	0	0	0	3	0	6	1	0	1	0	0	3	0	0	0	0	0	1	0	1	0	0	1	0	1	0	1	0	0	0	0	0	0	1	0	0	0	0	0	0	0	0	0	0	0	0	0	0	0	0	0	0	0	0	0
0.03	north4_active	80	1079	772	620	319	247	651	271	77	128	87	46	290	64	29	52	79	39	114	42	33	18	20	21	10	15	11	19	17	9	6	27	9	34	7	6	5	8	3	31	8	13	3	8	4	10	16	6	8	8	7	2	3	1	4	3	1	24	1	0	5	12	1	2	1	10	1	2	7	1	0	2	1	3	0	2	0	0	0	0	0	0	1	0	0	0	2	0	5	0	0	0	0	0	2	0	0	0	0	0	0	0	0	0	0	1	0	0	0	1	0	0	0	0	0	0	1	0	0	0	0	0	0	0	0	0	0	0	0	0	0	0	0	0	0	0	0	0
0.03	north5_all	80	2098	1297	1025	553	461	952	420	187	214	163	110	378	128	74	120	133	69	144	71	56	48	45	45	28	32	28	31	38	26	19	33	19	45	12	8	14	13	11	36	10	37	12	9	9	11	23	11	12	13	10	4	7	2	5	6	4	20	5	0	6	14	7	2	1	6	4	2	4	2	0	2	0	3	1	2	4	1	1	2	1	1	1	0	0	0	1	0	4	1	0	2	0	0	1	0	0	0	0	0	0	0	0	0	0	1	0	0	1	1	0	0	0	0	0	0	0	0	0	0	0	0	0	0	0	0	0	0	0	0	0	0	0	0	0	0	0	0
0.03	north5_active	80	1066	749	614	311	253	626	280	83	112	96	47	296	73	32	53	79	42	98	52	32	25	19	26	14	15	10	19	19	12	9	24	8	24	6	3	5	11	4	28	7	22	2	6	8	10	17	7	10	8	7	2	5	1	3	4	3	19	2	0	5	12	1	2	0	2	1	2	4	2	0	1	0	3	0	2	4	1	0	1	0	0	1	0	0	0	0	0	3	0	0	0	0	0	0	0	0	0	0	0	0	0	0	0	0	1	0	0	0	1	0	0	0	0	0	0	0	0	0	0	0	0	0	0	0	0	0	0	0	0	0	0	0	0	0	0	0	0
0.03	north6_all	80	2128	1344	1069	568	466	979	463	198	228	183	110	369	128	70	125	122	66	138	80	61	43	37	46	28	34	28	37	33	24	24	28	16	46	16	6	14	9	10	36	9	35	12	6	8	10	40	8	11	5	7	2	8	3	6	3	6	15	4	2	4	14	7	2	0	4	3	3	4	1	0	1	0	3	2	1	4	1	2	2	2	0	1	0	0	1	1	2	1	2	0	2	0	0	2	0	0	0	0	0	0	0	0	0	0	0	0	0	1	1	0	0	0	0	0	0	0	0	0	0	0	0	0	0	0	0	0	0	0	0	0	0	0	0	0	0	0	0
0.03	north6_active	80	1066	781	640	322	256	661	295	93	131	111	45	282	64	32	72	80	38	88	56	38	20	13	27	11	20	12	22	16	14	9	18	5	26	7	2	5	7	5	30	6	21	3	4	8	7	27	4	9	2	5	0	5	2	3	2	4	13	3	1	2	12	1	2	0	3	1	3	3	1	0	0	0	3	1	1	4	1	0	1	0	0	1	0	0	1	0	1	0	0	0	0	0	0	0	0	0	0	0	0	0	0	0	0	0	0	0	0	0	1	0	0	0	0	0	0	0	0	0	0	0	0	0	0	0	0	0	0	0	0	0	0	0	0	0	0	0	0
0.03	north7_all	80	2148	1308	1073	568	466	997	413	205	202	184	112	348	125	76	151	112	60	143	85	55	46	26	51	27	26	28	28	33	21	22	30	26	40	16	6	12	10	10	14	10	27	11	5	11	11	37	9	12	6	7	2	5	4	7	3	8	17	3	2	3	6	6	2	1	5	3	1	2	1	1	2	1	3	3	0	4	1	3	1	3	1	0	0	0	1	0	2	0	1	0	1	1	0	1	0	0	0	1	0	0	0	1	0	0	0	0	0	1	0	0	0	0	0	0	0	0	0	0	0	0	0	0	0	0	0	0	0	0	0	0	0	0	0	0	0	0	0
0.03	north7_active	80	1067	740	640	311	270	663	247	108	114	113	45	255	61	38	105	67	39	86	50	34	23	10	31	13	14	12	18	17	13	10	16	13	29	7	1	6	9	7	10	7	17	3	3	10	8	24	5	10	4	5	0	4	3	5	2	5	14	2	1	1	3	1	0	0	4	1	1	1	1	0	1	0	3	1	0	4	1	1	1	0	1	0	0	0	1	0	1	0	0	0	0	0	0	0	0	0	0	0	0	0	0	0	0	0	0	0	0	0	0	0	0	0	0	0	0	0	0	0	0	0	0	0	0	0	0	0	0	0	0	0	0	0	0	0	0	0	0
0.03	north8_all	80	2167	1280	1078	550	453	971	402	189	200	196	115	303	130	83	167	119	59	133	70	58	37	24	36	26	29	27	30	27	19	20	24	23	36	16	12	11	7	10	17	13	8	5	8	9	11	39	10	9	7	7	1	5	6	8	2	8	8	3	2	4	4	2	2	1	3	0	2	3	3	2	3	1	4	2	0	1	1	3	0	2	1	0	0	0	1	0	3	0	1	0	0	1	0	1	0	0	0	1	0	0	0	1	0	0	0	0	0	0	0	0	0	0	0	0	0	1	0	0	0	0	0	0	0	0	0	0	0	0	0	0	0	0	0	0	0	0	0
0.03	north8_active	80	1066	695	683	308	253	643	234	99	121	112	54	210	64	42	120	75	37	80	36	38	18	10	19	12	13	8	21	14	12	8	12	14	21	7	7	6	6	6	13	9	5	4	3	7	7	22	5	7	6	5	0	4	4	7	2	6	4	2	1	1	2	0	0	0	3	0	1	1	2	0	1	0	3	1	0	0	0	1	0	0	1	0	0	0	1	0	1	0	0	0	0	0	0	0	0	0	0	0	0	0	0	0	0	0	0	0	0	0	0	0	0	0	0	0	0	1	0	0	0	0	0	0	0	0	0	0	0	0	0	0	0	0	0	0	0	0	0
0.03	north9_all	80	2188	1285	1061	562	450	958	385	179	208	179	104	319	136	80	165	110	64	118	68	66	34	29	31	27	32	27	38	30	20	21	21	26	24	13	14	11	6	10	30	10	9	9	10	9	12	11	11	12	9	8	3	4	4	11	4	8	6	2	1	4	6	1	2	1	2	0	2	2	2	3	3	3	6	2	0	1	1	3	0	3	1	0	0	0	1	0	2	3	0	1	1	3	0	1	0	0	0	1	0	1	0	1	0	0	0	0	0	0	0	0	0	0	0	0	0	1	0	0	0	0	0	0	0	0	0	0	0	0	0	0	0	0	0	0	0	0	0
0.03	north9_active	80	1096	689	679	306	251	626	240	89	115	104	52	216	70	38	111	68	39	77	34	50	17	11	17	11	15	10	30	14	9	13	9	14	12	7	7	6	4	6	14	6	5	5	3	7	6	6	5	6	5	6	1	3	3	10	2	6	2	1	0	2	5	0	0	0	2	0	1	0	1	0	1	0	3	1	0	0	0	1	0	1	1	0	0	0	1	0	1	3	0	1	1	2	0	0	0	0	0	0	0	1	0	0	0	0	0	0	0	0	0	0	0	0	0	0	0	1	0	0	0	0	0	0	0	0	0	0	0	0	0	0	0	0	0	0	0	0	0
0.03	north10_all	80	2157	1312	1049	558	461	971	404	178	207	161	109	359	141	77	146	120	63	126	65	64	28	30	16	28	30	26	37	24	19	21	20	18	35	11	16	11	5	8	33	9	16	11	11	10	12	16	9	15	8	5	4	7	5	15	4	5	3	0	1	6	9	2	3	1	2	0	9	1	2	4	2	2	7	2	0	1	1	1	1	1	1	0	0	0	0	2	1	3	0	1	3	2	0	0	0	0	2	2	0	1	0	0	0	0	0	0	0	0	0	0	0	0	0	0	0	1	0	0	0	0	0	0	0	0	0	0	0	0	0	0	0	0	0	0	0	0	0
0.03	north10_active	80	1100	691	655	299	257	625	250	85	117	95	59	215	88	37	88	83	33	83	35	46	13	14	9	12	13	11	27	10	8	12	8	8	22	7	8	6	2	3	17	5	12	4	4	5	6	8	5	9	4	2	2	5	2	15	1	5	0	0	0	4	8	0	0	1	2	0	8	0	1	1	0	0	4	1	0	0	0	0	0	1	1	0	0	0	0	0	0	3	0	1	1	2	0	0	0	0	2	1	0	1	0	0	0	0	0	0	0	0	0	0	0	0	0	0	0	1	0	0	0	0	0	0	0	0	0	0	0	0	0	0	0	0	0	0	0	0	0
0.03	north11_all	80	2165	1305	1076	569	435	1039	409	165	242	208	103	353	136	97	126	140	62	126	66	59	40	27	31	29	53	27	30	15	21	28	14	18	43	18	21	17	7	6	19	20	12	12	6	4	8	28	7	17	16	9	5	4	1	8	3	3	6	3	3	3	2	0	2	3	19	5	4	0	1	3	3	2	4	0	2	9	1	0	1	0	0	1	0	3	2	1	2	0	2	0	0	0	1	0	0	0	0	0	0	0	0	0	0	0	0	0	5	0	1	0	0	0	0	0	0	0	0	0	0	0	1	0	0	0	1	0	0	0	1	0	0	0	0	0	0	0	0
0.03	north11_active	80	1057	722	623	326	261	722	246	81	120	117	52	245	63	44	75	93	30	80	43	39	17	11	18	12	31	12	13	6	10	11	8	12	29	8	8	10	5	5	14	10	5	8	4	1	5	26	4	10	12	7	3	4	0	6	2	2	5	1	1	2	0	0	1	2	18	5	3	0	1	2	1	1	3	0	1	7	0	0	1	0	0	1	0	2	1	1	1	0	1	0	0	0	1	0	0	0	0	0	0	0	0	0	0	0	0	0	4	0	0	0	0	0	0	0	0	0	0	0	0	0	0	0	0	0	1	0	0	0	1	0	0	0	0	0	0	0	0
0.03	north12_all	80	2119	1322	1105	609	426	1009	429	171	219	213	112	361	121	93	106	139	67	125	60	55	36	28	35	22	53	20	23	15	20	23	14	16	43	12	20	18	6	10	11	18	13	9	5	6	9	28	5	27	12	10	4	3	1	9	7	6	8	1	3	1	7	0	3	2	19	5	7	1	1	3	3	2	3	0	3	9	1	1	1	0	0	1	1	3	2	2	1	0	1	0	0	0	0	0	0	1	0	0	0	0	1	0	0	0	0	0	5	0	0	0	0	1	0	0	0	0	0	1	0	0	1	0	0	0	1	0	0	0	1	0	0	0	0	0	0	0	0
0.03	north12_active	80	1064	742	662	339	251	668	270	84	107	119	55	259	49	46	62	81	27	85	33	36	17	11	17	13	34	12	9	7	11	8	10	10	28	5	10	12	2	7	6	10	5	7	4	1	7	22	3	22	8	8	1	2	1	7	5	4	7	0	1	0	4	0	1	2	19	5	6	1	1	2	1	1	2	0	0	8	0	0	1	0	0	1	0	2	1	2	0	0	1	0	0	0	0	0	0	1	0	0	0	0	1	0	0	0	0	0	4	0	0	0	0	0	0	0	0	0	0	1	0	0	0	0	0	0	1	0	0	0	1	0	0	0	0	0	0	0	0
0.03	north13_all	80	2088	1321	1087	599	436	941	438	170	228	214	111	361	119	83	111	140	65	121	54	58	34	28	37	23	45	29	22	21	23	24	19	20	42	12	17	12	6	10	16	13	15	7	3	15	15	31	12	23	12	9	5	5	3	6	7	11	6	1	2	2	15	1	2	1	18	4	6	4	0	1	3	2	1	0	3	10	1	1	0	1	1	1	3	2	0	2	1	0	0	1	0	1	0	0	0	1	0	0	0	0	1	0	0	0	0	0	0	0	0	0	0	1	0	0	0	0	0	1	0	0	1	0	0	0	1	0	0	0	0	0	0	0	0	0	0	0	0
0.03	north13_active	80	1045	764	643	322	249	641	280	93	115	120	53	250	52	44	65	88	26	74	25	36	17	12	19	12	31	14	7	11	18	10	12	14	29	4	11	9	1	5	11	7	5	5	2	10	10	15	9	17	9	6	0	3	2	4	5	6	5	0	1	0	4	0	1	1	15	4	6	4	0	1	1	1	1	0	0	9	0	0	0	0	0	1	2	2	0	2	0	0	0	0	0	1	0	0	0	1	0	0	0	0	1	0	0	0	0	0	0	0	0	0	0	0	0	0	0	0	0	1	0	0	0	0	0	0	1	0	0	0	0	0	0	0	0	0	0	0	0
0.03	north14_all	80	2104	1296	1080	579	437	946	414	182	223	213	116	373	123	90	121	131	62	139	57	59	33	29	44	20	37	33	24	26	21	23	20	20	27	10	16	11	10	12	28	15	19	8	7	15	12	31	12	25	14	8	8	4	5	6	6	12	5	0	0	5	15	2	1	2	5	4	6	9	0	1	2	1	1	0	2	7	0	2	2	1	2	0	4	1	1	1	1	0	2	1	0	1	0	0	0	1	0	0	0	0	1	0	0	0	0	0	0	0	0	0	0	1	0	1	0	0	0	1	0	0	0	0	0	0	0	0	0	0	0	0	0	0	0	0	0	0	0
0.03	north14_active	80	1082	764	638	310	242	653	264	93	119	111	49	264	58	48	75	81	27	89	27	37	17	10	26	8	24	16	10	16	13	14	12	13	17	3	12	6	3	7	17	5	8	6	2	11	7	14	8	16	13	6	3	2	4	3	4	6	4	0	0	1	4	0	0	0	2	3	4	7	0	1	2	0	1	0	0	6	0	1	0	0	0	0	2	1	1	1	0	0	2	0	0	1	0	0	0	1	0	0	0	0	1	0	0	0	0	0	0	0	0	0	0	0	0	1	0	0	0	1	0	0	0	0	0	0	0	0	0	0	0	0	0	0	0	0	0	0	0
0.03	north15_all	80	2116	1296	1041	549	428	963	387	193	225	239	125	386	130	93	134	125	58	158	57	60	32	32	43	18	33	38	30	33	23	22	19	25	29	10	15	11	14	9	44	13	13	10	9	17	13	24	14	27	13	8	7	3	6	6	2	10	5	1	0	5	10	3	1	3	5	4	3	8	3	1	1	0	1	0	2	1	0	2	2	1	2	0	6	0	1	0	0	1	2	1	0	2	0	0	1	0	0	1	0	0	0	0	0	0	0	0	0	0	0	0	0	0	0	1	0	0	1	0	0	0	0	0	0	0	0	0	0	0	0	0	0	0	0	0	0	0	0
0.03	north15_active	80	1077	758	609	291	238	650	236	94	125	133	50	261	74	49	76	88	28	104	30	39	16	11	25	9	23	18	12	21	12	12	10	13	20	5	12	4	3	6	29	4	8	7	4	12	6	10	8	21	13	5	3	1	4	3	0	5	5	1	0	1	1	0	1	0	2	3	1	6	0	1	1	0	1	0	0	1	0	2	0	0	0	0	4	0	1	0	0	0	2	0	0	1	0	0	0	0	0	0	0	0	0	0	0	0	0	0	0	0	0	0	0	0	0	1	0	0	1	0	0	0	0	0	0	0	0	0	0	0	0	0	0	0	0	0	0	0	0
0.03	north16_all	80	2159	1256	1060	555	405	983	397	193	238	244	120	412	139	102	142	131	59	166	74	49	34	32	40	16	32	35	31	34	22	24	18	29	25	8	16	14	15	9	51	13	9	12	12	11	7	21	8	36	17	8	4	2	4	8	1	9	5	2	0	3	1	2	1	5	2	4	5	6	3	2	1	0	0	1	0	0	0	2	2	0	1	0	8	0	2	0	0	1	2	1	0	2	0	1	2	1	1	1	0	0	0	0	0	0	0	0	0	0	0	2	0	0	0	1	0	0	1	0	0	1	0	1	0	0	0	0	0	0	0	0	0	0	0	0	0	1	0
0.03	north16_active	80	1085	713	620	294	225	668	242	85	132	138	53	298	77	47	92	96	29	124	42	37	19	10	26	8	20	16	12	20	6	13	9	10	15	3	11	6	5	5	40	5	7	7	7	7	4	10	3	19	16	5	3	0	2	5	0	6	5	1	0	1	1	0	1	2	2	3	2	4	0	2	1	0	0	1	0	0	0	2	0	0	0	0	4	0	1	0	0	0	2	1	0	0	0	0	0	1	0	0	0	0	0	0	0	0	0	0	0	0	0	0	0	0	0	1	0	0	1	0	0	0	0	0	0	0	0	0	0	0	0	0	0	0	0	0	0	0	0
0.03	north17_all	80	2137	1270	1141	575	404	1039	416	186	226	232	114	437	126	93	131	132	55	170	75	47	32	30	39	21	29	33	31	31	23	20	21	33	29	8	18	16	14	5	46	8	9	11	9	10	7	29	9	35	10	8	4	2	2	7	0	8	8	2	0	2	5	2	4	3	4	1	2	2	3	1	0	0	1	1	0	7	0	1	0	0	1	1	6	0	3	1	1	1	2	1	0	2	0	1	2	1	1	1	0	0	0	0	0	0	0	0	0	0	0	2	0	0	0	0	1	0	1	0	0	1	0	1	0	0	0	0	0	0	0	0	0	0	0	0	0	1	0
0.03	north17_active	80	1078	717	698	302	230	691	254	76	123	134	52	319	64	42	84	93	27	130	48	35	18	9	24	10	18	16	14	15	5	12	8	13	17	5	10	7	3	3	37	6	7	6	6	6	4	13	7	20	8	5	2	0	1	6	0	5	7	1	0	2	5	1	2	2	4	0	1	2	0	1	0	0	1	1	0	7	0	1	0	0	0	1	2	0	2	1	0	0	2	1	0	0	0	0	0	1	0	0	0	0	0	0	0	0	0	0	0	0	0	0	0	0	0	0	0	0	1	0	0	0	0	0	0	0	0	0	0	0	0	0	0	0	0	0	0	0	0
0.03	north18_all	80	2160	1258	1096	579	430	938	423	175	238	215	98	406	132	101	110	124	64	162	88	72	39	28	40	24	28	28	30	26	25	19	18	36	35	9	20	12	11	7	37	8	10	14	9	14	12	32	7	24	15	5	3	3	0	8	0	7	14	1	0	4	6	2	4	2	4	4	2	3	2	1	0	1	2	1	0	7	0	2	0	0	0	1	6	0	2	1	2	0	0	1	0	2	0	1	1	1	1	2	0	0	0	1	0	0	0	0	0	0	0	2	0	0	0	0	1	0	1	0	0	2	0	1	0	0	0	0	0	0	0	0	0	0	0	0	0	1	0
0.03	north18_active	80	1077	676	685	286	245	633	256	78	129	130	48	285	60	45	67	82	29	120	54	56	26	10	21	10	19	15	16	13	7	12	6	16	21	6	12	8	3	4	31	7	7	6	4	7	8	12	7	9	10	3	1	0	0	7	0	3	13	0	0	3	4	2	2	2	4	1	1	2	0	1	0	1	2	1	0	7	0	2	0	0	0	1	2	0	1	1	0	0	0	1	0	0	0	0	0	1	0	0	0	0	0	0	0	0	0	0	0	0	0	0	0	0	0	0	0	0	1	0	0	0	0	0	0	0	0	0	0	0	0	0	0	0	0	0	0	0	0
0.03	north19_all	80	2145	1295	1077	596	442	964	426	166	231	195	86	349	147	94	118	118	56	152	90	72	47	28	36	24	30	30	36	28	23	18	21	31	41	10	25	13	11	7	30	7	16	10	5	17	11	27	8	17	11	9	3	4	3	7	0	5	9	2	3	6	21	2	3	1	3	5	2	3	0	1	0	1	3	0	2	7	0	2	0	0	0	1	1	0	1	1	2	1	0	1	2	2	0	0	0	0	0	1	0	0	0	1	0	0	0	1	0	0	0	0	0	0	0	0	1	0	0	1	0	2	0	0	0	0	0	0	0	0	0	0	0	0	0	0	0	1	0
0.03	north19_active	80	1080	729	671	303	254	669	255	74	121	110	45	248	69	40	70	80	23	103	60	57	30	10	17	10	20	19	20	18	8	12	9	13	23	5	14	6	4	3	23	4	10	5	1	10	7	10	7	9	6	4	1	1	1	5	0	1	8	1	2	3	19	2	1	0	3	1	2	2	0	0	0	1	3	0	2	7	0	2	0	0	0	1	0	0	1	1	0	0	0	1	1	1	0	0	0	0	0	0	0	0	0	0	0	0	0	1	0	0	0	0	0	0	0	0	0	0	0	0	0	0	0	0	0	0	0	0	0	0	0	0	0	0	0	0	0	0	0
0.03	north20_all	80	2214	1272	1007	612	433	947	426	172	255	193	96	328	151	93	132	118	69	166	89	70	53	30	36	23	39	26	34	21	19	15	16	27	30	6	19	11	17	11	20	13	22	10	7	16	19	19	4	11	12	8	4	8	5	6	0	4	11	2	3	4	18	1	4	1	2	5	5	4	0	1	0	1	2	1	2	11	1	2	0	0	1	0	1	0	3	1	1	2	0	0	2	2	0	0	0	0	0	1	0	0	0	1	0	1	0	1	0	0	0	0	0	0	0	0	1	0	0	1	0	1	0	0	0	0	0	0	0	0	0	0	0	0	0	0	0	0	0
0.03	north20_active	80	1127	736	605	337	241	683	272	82	139	103	50	214	73	38	72	81	31	113	61	50	34	11	21	8	25	17	19	15	8	8	7	15	17	2	10	6	8	5	14	6	17	5	1	8	13	8	2	5	8	4	3	2	2	4	0	1	9	1	2	1	15	1	2	0	1	1	4	2	0	0	0	1	2	0	2	8	0	2	0	0	0	0	0	0	3	1	0	1	0	0	1	1	0	0	0	0	0	0	0	0	0	0	0	1	0	1	0	0	0	0	0	0	0	0	0	0	0	0	0	0	0	0	0	0	0	0	0	0	0	0	0	0	0	0	0	0	0
0.03	south21_all	80	1787	864	1202	894	341	267	482	168	148	160	319	113	177	90	114	61	47	71	43	50	40	37	28	33	67	63	44	25	16	52	10	16	14	16	13	13	18	8	21	15	14	17	9	4	6	7	16	6	6	1	2	4	10	5	2	5	4	4	0	7	5	1	1	2	1	0	1	3	1	1	2	2	1	4	0	0	2	4	1	3	0	2	0	0	3	0	1	0	0	0	1	0	0	0	0	0	0	0	0	0	0	0	1	1	0	0	2	0	0	0	1	1	0	0	0	0	0	0	1	0	0	0	0	0	0	0	0	0	0	0	0	0	0	0	0	0	0
0.03	south21_active	80	842	360	764	575	163	129	296	80	75	87	229	57	106	49	68	27	22	41	15	33	15	17	11	20	56	44	31	16	11	27	7	9	4	5	9	4	8	3	10	9	9	13	6	2	2	3	13	2	4	0	0	3	5	3	0	5	1	2	0	4	1	1	1	1	1	0	1	2	1	0	2	1	1	3	0	0	1	2	0	2	0	1	0	0	3	0	1	0	0	0	0	0	0	0	0	0	0	0	0	0	0	0	0	0	0	0	1	0	0	0	0	1	0	0	0	0	0	0	0	0	0	0	0	0	0	0	0	0	0	0	0	0	0	0	0	0	0
0.03	south22_all	80	1851	907	1290	920	361	284	485	151	152	163	328	104	183	98	124	61	56	81	46	57	36	38	31	41	88	66	34	28	20	67	15	20	17	15	14	14	20	7	20	17	12	20	6	5	4	2	13	5	3	1	2	5	16	3	4	6	4	3	1	8	4	1	2	1	2	0	2	4	2	1	1	2	1	2	0	1	2	2	1	3	0	0	0	0	2	0	1	0	0	1	1	0	0	0	0	0	0	0	0	0	0	0	1	1	0	0	2	0	0	0	1	0	0	0	0	0	1	0	0	0	0	0	0	0	0	0	0	0	0	0	0	0	0	0	0	0	0
0.03	south22_active	80	880	388	812	593	174	147	302	67	65	90	235	54	116	50	73	26	28	50	17	33	14	14	14	28	70	45	21	17	11	41	8	9	7	7	10	5	9	3	7	9	8	14	4	2	1	1	9	1	3	0	1	3	11	2	1	2	1	2	0	3	1	0	2	0	1	0	2	3	1	0	1	2	1	1	0	0	1	0	0	2	0	0	0	0	2	0	1	0	0	0	0	0	0	0	0	0	0	0	0	0	0	0	0	0	0	0	1	0	0	0	0	0	0	0	0	0	0	0	0	0	0	0	0	0	0	0	0	0	0	0	0	0	0	0	0	0	0
0.03	south23_all	80	1868	922	1428	959	377	275	529	169	159	151	378	111	189	107	136	62	57	86	41	57	44	40	30	48	85	87	38	28	23	66	19	17	18	16	24	13	21	6	25	20	10	20	6	3	5	7	18	6	2	2	2	6	15	4	4	11	1	3	1	3	2	2	3	1	2	1	2	2	1	0	0	1	1	0	2	1	2	1	3	2	0	0	0	1	0	0	1	0	1	1	1	0	0	0	0	0	0	0	0	1	2	1	1	1	0	0	1	0	0	0	0	0	0	0	0	0	1	0	0	0	0	0	0	0	0	0	0	0	0	0	0	0	1	0	0	0	0
0.03	south23_active	80	904	417	901	629	193	141	344	84	61	80	276	59	122	55	84	27	27	50	17	31	19	14	14	33	64	64	22	18	13	31	12	7	8	9	19	6	11	0	9	10	5	14	3	2	1	5	7	1	1	0	1	5	10	3	1	2	0	2	0	1	0	0	3	0	1	0	2	1	0	0	0	1	1	0	0	0	1	0	1	1	0	0	0	1	0	0	1	0	1	0	0	0	0	0	0	0	0	0	0	0	0	1	0	0	0	0	0	0	0	0	0	0	0	0	0	0	0	0	0	0	0	0	0	0	0	0	0	0	0	0	0	0	0	0	0	0	0
0.03	south24_all	80	1930	904	1529	1037	405	281	567	177	152	156	427	137	193	122	135	61	50	81	44	64	45	34	27	52	89	95	27	38	20	75	27	17	20	12	23	13	18	7	24	21	9	20	5	4	6	14	19	7	3	3	3	4	15	3	6	10	3	3	1	2	2	3	7	0	1	1	2	2	1	0	0	2	0	1	2	1	2	1	3	0	0	1	0	1	2	0	0	0	1	1	0	0	0	1	0	0	0	0	0	1	3	1	0	0	0	0	0	0	0	0	0	0	1	0	0	0	1	0	0	0	0	0	0	0	0	0	0	0	0	0	0	0	1	0	0	0	0
0.03	south24_active	80	894	426	989	672	197	143	372	93	56	83	302	68	120	66	92	32	29	47	16	33	21	11	14	32	62	72	13	24	10	47	18	6	10	9	18	6	8	1	4	14	5	12	3	3	3	8	7	3	1	1	1	2	10	3	1	1	1	3	0	0	0	0	7	0	0	0	2	1	0	0	0	2	0	1	0	0	1	0	1	0	0	1	0	1	2	0	0	0	1	0	0	0	0	1	0	0	0	0	0	0	1	1	0	0	0	0	0	0	0	0	0	0	0	0	0	0	0	0	0	0	0	0	0	0	0	0	0	0	0	0	0	0	0	0	0	0	0
0.03	south25_all	80	1954	865	1557	1117	372	265	617	187	160	147	429	127	220	125	137	61	55	76	42	64	52	26	25	49	70	111	27	44	16	80	21	16	22	11	25	15	15	9	21	21	8	17	8	4	9	14	22	7	4	3	3	6	12	4	3	8	3	2	4	4	3	3	8	0	2	1	2	2	1	3	1	2	0	1	3	1	1	0	2	0	0	2	0	2	2	0	2	0	2	1	0	0	1	4	0	1	0	0	0	1	3	1	1	0	0	0	0	1	0	0	0	0	1	0	0	0	1	0	0	0	0	0	0	0	0	0	0	0	0	0	0	0	1	0	0	0	0
0.03	south25_active	80	910	402	1030	733	181	137	409	97	70	74	303	64	144	66	95	39	35	43	21	35	29	10	10	30	46	87	12	27	8	51	15	9	9	9	21	8	10	1	5	14	5	14	4	2	6	9	12	3	2	2	2	4	9	2	0	2	1	2	2	1	1	0	7	0	0	0	2	1	0	2	0	2	0	1	1	1	1	0	1	0	0	1	0	1	2	0	2	0	2	0	0	0	0	4	0	1	0	0	0	0	1	1	1	0	0	0	0	1	0	0	0	0	0	0	0	0	0	0	0	0	0	0	0	0	0	0	0	0	0	0	0	0	0	0	0	0	0
0.03	south26_all	80	1965	840	1502	1153	392	272	642	198	152	153	401	121	246	113	120	63	51	71	37	62	51	35	31	45	79	120	26	42	12	79	20	14	21	11	18	17	12	10	23	17	7	13	18	4	9	12	23	8	7	5	2	5	10	9	3	10	2	6	5	4	4	2	6	1	2	0	0	2	1	3	1	1	1	1	3	1	1	0	0	1	1	2	0	1	2	0	2	0	2	0	0	0	1	4	0	1	0	0	0	1	3	0	1	0	0	0	0	1	0	0	0	0	1	0	0	0	0	0	0	0	0	0	0	0	0	0	0	0	0	1	0	0	0	0	0	0	0
0.03	south26_active	80	911	395	996	761	191	137	417	93	84	75	273	64	158	57	72	37	29	40	17	41	30	15	13	26	54	83	12	22	4	56	14	9	10	10	13	10	7	3	4	13	5	11	13	2	6	8	22	4	4	2	1	3	7	6	1	2	1	6	2	1	3	0	5	1	0	0	0	1	1	2	0	1	1	1	2	1	1	0	0	1	0	1	0	0	2	0	2	0	2	0	0	0	0	4	0	1	0	0	0	1	1	0	1	0	0	0	0	1	0	0	0	0	0	0	0	0	0	0	0	0	0	0	0	0	0	0	0	0	0	0	0	0	0	0	0	0	0
0.03	south27_all	80	1906	814	1468	1170	379	286	640	194	149	142	375	114	228	106	122	67	52	69	38	65	49	34	37	40	80	105	34	49	15	79	22	15	21	13	23	17	14	10	24	19	8	19	21	5	15	5	25	5	6	5	2	6	9	9	2	8	1	4	5	5	4	2	2	1	5	0	1	2	2	5	2	0	1	1	3	2	0	0	1	1	1	2	0	1	0	0	2	0	1	0	0	0	1	3	0	2	0	0	0	1	1	1	1	0	0	0	0	1	0	0	0	0	0	0	0	0	0	0	0	0	0	0	0	0	0	0	0	0	0	1	0	0	0	0	0	0	0
0.03	south27_active	80	915	373	951	782	202	138	435	99	87	69	240	58	136	53	77	37	24	45	20	41	23	19	15	22	51	79	23	27	5	49	7	12	10	10	15	10	8	3	9	16	6	8	13	3	11	4	23	4	5	1	2	3	7	6	1	4	0	4	2	2	3	0	1	1	1	0	0	1	1	4	1	0	1	1	2	2	0	0	0	1	0	1	0	0	0	0	2	0	1	0	0	0	0	3	0	2	0	0	0	1	1	1	1	0	0	0	0	1	0	0	0	0	0	0	0	0	0	0	0	0	0	0	0	0	0	0	0	0	0	0	0	0	0	0	0	0	0
0.03	south28_all	80	1880	838	1508	1191	402	273	679	196	146	153	395	121	235	96	113	65	50	74	40	63	45	39	40	34	103	103	35	49	12	80	21	17	19	13	18	10	18	10	28	13	10	28	23	4	15	5	18	3	10	8	3	8	13	9	2	6	0	5	3	3	2	2	2	3	5	4	1	1	2	4	1	0	1	0	2	2	1	2	1	1	1	3	0	1	0	0	0	0	0	0	0	0	0	3	0	1	0	0	1	1	0	1	1	2	0	0	0	0	0	0	0	0	0	1	0	0	0	0	0	0	0	0	0	0	0	0	0	0	0	1	0	0	0	0	0	0	0
0.03	south28_active	80	894	374	955	807	218	133	445	100	83	77	253	61	139	53	65	33	23	43	23	35	16	23	19	18	70	73	23	29	7	40	4	15	8	8	11	6	12	5	18	9	6	18	13	3	12	4	16	2	9	4	2	4	11	7	1	3	0	4	1	1	2	0	1	1	1	3	0	1	1	4	1	0	1	0	1	2	1	2	0	1	0	2	0	0	0	0	0	0	0	0	0	0	0	3	0	1	0	0	0	1	0	1	1	2	0	0	0	0	0	0	0	0	0	0	0	0	0	0	0	0	0	0	0	0	0	0	0	0	0	0	0	0	0	0	0	0	0
0.03	south29_all	80	1863	887	1554	1225	408	257	663	192	138	147	416	114	251	103	121	71	56	78	41	54	48	33	35	36	85	96	34	39	16	70	20	19	15	17	15	7	20	11	29	19	10	28	17	6	26	7	11	3	10	9	3	9	11	4	3	11	1	2	2	1	1	2	9	3	5	5	2	0	2	2	2	0	1	0	2	1	1	2	2	0	3	2	0	0	0	0	0	0	4	0	0	0	0	0	0	2	0	2	1	0	0	1	0	2	0	0	0	0	0	0	1	0	0	1	0	0	0	0	0	0	0	0	0	0	0	0	0	0	0	0	0	0	0	0	0	0	0
0.03	south29_active	80	868	387	1004	818	226	127	444	94	64	76	265	54	145	57	72	38	28	53	24	31	19	19	19	18	53	64	22	20	8	31	3	13	5	6	7	3	13	5	19	13	7	17	7	3	14	5	6	1	9	5	2	6	9	2	0	3	0	1	0	1	1	1	9	1	1	3	1	0	1	2	2	0	1	0	0	1	1	2	0	0	2	2	0	0	0	0	0	0	4	0	0	0	0	0	0	1	0	0	0	0	0	1	0	2	0	0	0	0	0	0	0	0	0	0	0	0	0	0	0	0	0	0	0	0	0	0	0	0	0	0	0	0	0	0	0	0	0
0.03	south30_all	80	1849	908	1588	1159	416	254	646	192	162	162	412	116	272	107	133	67	63	74	45	47	60	31	31	47	84	87	23	34	18	63	17	18	13	15	17	7	22	12	20	19	12	29	22	7	19	5	11	3	9	7	2	9	12	3	4	12	3	2	1	3	1	1	11	2	4	5	2	1	0	3	2	0	0	0	2	0	1	2	1	0	2	2	0	0	0	0	0	0	8	0	0	0	0	0	0	2	0	2	1	0	0	0	0	2	0	0	0	0	0	0	1	0	0	1	0	0	0	0	0	0	0	0	0	0	0	1	0	0	0	0	0	0	0	0	0	0	1
0.03	south30_active	80	879	405	1053	760	220	132	423	97	71	84	280	55	166	58	79	35	34	43	28	28	26	18	12	28	63	58	13	11	11	30	8	11	5	5	5	4	14	6	15	16	8	27	13	3	10	4	7	2	6	5	1	7	10	2	0	6	1	0	0	1	1	1	11	0	0	3	1	1	0	3	2	0	0	0	1	0	1	2	0	0	2	2	0	0	0	0	0	0	4	0	0	0	0	0	0	1	0	0	0	0	0	0	0	2	0	0	0	0	0	0	0	0	0	0	0	0	0	0	0	0	0	0	0	0	0	0	0	0	0	0	0	0	0	0	0	0	0
0.03	south31_all	80	1845	828	1202	850	374	269	550	202	144	150	303	90	205	83	113	66	71	57	56	54	35	35	31	30	76	65	23	38	12	54	19	14	11	16	23	11	10	16	19	15	16	15	14	5	13	13	17	4	3	1	2	1	7	3	4	7	4	6	1	1	3	3	11	2	0	1	2	4	0	1	1	2	2	0	0	1	1	1	1	5	4	0	1	0	0	0	1	1	0	1	0	0	1	0	0	0	0	0	1	3	0	0	0	1	0	0	0	0	0	0	0	0	0	0	1	0	0	0	2	0	1	0	1	0	0	0	0	0	0	3	0	1	0	0	0	0	0
0.03	south31_active	80	821	384	712	530	206	132	344	109	68	74	187	46	136	46	67	29	28	32	27	26	25	11	14	18	49	38	12	24	6	33	11	6	6	9	8	5	5	9	12	7	8	7	6	2	11	7	10	2	3	1	1	1	3	3	0	5	3	3	1	1	1	1	9	2	0	1	1	2	0	1	0	0	0	0	0	0	1	1	0	5	4	0	0	0	0	0	0	1	0	1	0	0	1	0	0	0	0	0	0	1	0	0	0	1	0	0	0	0	0	0	0	0	0	0	1	0	0	0	2	0	1	0	0	0	0	0	0	0	0	3	0	0	0	0	0	0	0
0.03	south32_all	80	1872	844	1289	950	361	280	596	194	149	158	376	102	211	78	121	54	69	68	46	65	54	36	31	40	80	65	20	28	11	62	18	16	19	18	18	10	13	10	19	15	15	17	16	5	14	13	14	3	4	2	2	2	9	4	2	8	2	6	2	3	2	4	12	5	1	1	2	4	1	1	1	2	0	0	0	1	3	1	1	5	2	0	1	1	1	1	0	1	0	0	0	0	1	0	0	0	0	0	1	4	1	0	0	1	0	0	0	0	0	0	0	0	0	0	1	1	0	0	0	4	0	0	1	0	0	0	1	0	0	0	0	1	0	0	0	0	0
0.03	south32_active	80	846	402	790	604	205	132	385	98	70	85	250	54	131	37	70	23	28	37	25	33	37	19	16	23	54	43	13	18	2	39	10	8	13	10	7	7	9	5	12	7	7	8	8	2	12	8	12	2	4	1	1	0	5	3	1	6	2	3	1	2	0	2	10	2	0	1	1	3	1	1	0	0	0	0	0	1	1	0	0	5	2	0	0	0	1	1	0	1	0	0	0	0	0	0	0	0	0	0	0	2	0	0	0	1	0	0	0	0	0	0	0	0	0	0	1	0	0	0	0	4	0	0	0	0	0	0	0	0	0	0	0	0	0	0	0	0	0
0.03	south33_all	80	1864	900	1356	1050	348	295	585	188	159	152	410	103	220	90	103	64	62	58	42	61	57	37	26	42	82	66	19	27	18	64	18	22	20	24	20	12	23	11	21	10	13	16	20	7	18	10	20	3	3	2	2	7	7	6	2	15	3	3	3	6	1	5	13	6	2	1	1	5	5	4	1	1	0	0	0	1	2	2	1	5	0	1	1	1	1	1	0	1	0	0	0	0	1	0	0	0	0	0	1	3	1	0	0	0	0	0	0	0	0	0	0	0	0	1	0	1	0	0	0	4	0	0	1	0	0	0	1	0	0	0	0	0	0	0	0	0	0
0.03	south33_active	80	858	448	864	707	201	139	385	101	71	79	260	53	139	45	64	27	32	34	20	35	32	20	11	25	59	42	13	14	3	35	6	10	13	14	11	8	14	5	13	4	7	7	13	4	17	6	17	2	3	1	2	2	4	4	2	13	3	2	2	4	0	3	9	3	0	1	1	3	4	3	0	0	0	0	0	1	0	1	0	5	0	0	1	0	1	1	0	1	0	0	0	0	0	0	0	0	0	0	0	2	0	0	0	0	0	0	0	0	0	0	0	0	0	0	0	0	0	0	0	4	0	0	0	0	0	0	0	0	0	0	0	0	0	0	0	0	0
0.03	south34_all	80	1862	916	1435	1119	375	260	558	189	141	165	464	126	221	91	117	68	63	63	46	66	65	40	26	48	79	60	21	35	15	62	18	19	22	21	16	14	19	9	27	5	11	20	25	7	19	7	20	3	4	2	4	9	5	6	3	14	5	3	5	7	0	4	12	4	2	1	1	4	6	5	1	0	1	0	3	1	2	5	0	2	0	1	3	1	1	1	0	0	0	0	0	0	1	0	0	0	0	0	1	1	1	0	0	0	0	0	0	0	0	0	0	0	0	1	0	1	0	0	0	4	0	0	1	0	0	0	1	0	0	0	0	0	0	0	0	0	0
0.03	south34_active	80	877	457	908	749	212	127	368	105	63	92	294	69	136	46	82	32	38	40	19	36	33	22	11	28	55	35	16	17	2	30	6	7	12	11	8	8	11	2	16	3	7	11	17	4	17	3	17	2	3	0	4	3	2	2	3	13	4	2	4	5	0	4	8	1	0	0	1	3	5	2	0	0	1	0	3	1	0	4	0	2	0	0	1	0	1	1	0	0	0	0	0	0	0	0	0	0	0	0	0	1	0	0	0	0	0	0	0	0	0	0	0	0	0	0	0	0	0	0	0	4	0	0	0	0	0	0	0	0	0	0	0	0	0	0	0	0	0
0.03	south35_all	80	1782	909	1369	1072	365	267	524	153	142	152	420	118	217	93	127	76	64	66	49	53	60	43	31	46	75	68	29	36	12	63	15	23	26	18	18	14	19	11	31	4	11	23	25	7	13	5	18	4	4	2	6	10	6	5	3	8	3	1	6	7	0	2	6	3	3	1	1	2	5	5	1	0	1	0	4	1	0	4	0	2	0	2	3	1	1	1	0	0	0	0	0	0	1	0	0	0	0	0	0	0	1	0	0	0	0	0	0	0	0	0	0	0	0	1	0	0	0	0	0	4	0	0	0	0	0	0	0	0	0	0	0	0	0	0	0	0	0
0.03	south35_active	80	856	424	868	719	194	126	345	87	62	84	256	64	137	48	95	36	35	39	18	29	32	24	11	29	54	41	18	17	2	30	6	9	16	8	9	8	9	3	17	3	5	16	15	4	10	1	15	2	1	0	6	4	6	1	2	8	2	1	6	5	0	2	3	1	1	0	0	1	4	2	0	0	1	0	3	0	0	4	0	2	0	1	1	0	1	0	0	0	0	0	0	0	0	0	0	0	0	0	0	0	0	0	0	0	0	0	0	0	0	0	0	0	0	0	0	0	0	0	0	4	0	0	0	0	0	0	0	0	0	0	0	0	0	0	0	0	0
0.03	south36_all	80	1829	888	1306	988	363	258	529	164	126	154	365	116	193	95	118	70	63	68	47	44	58	45	29	35	59	56	34	41	15	59	16	21	19	11	13	13	13	12	27	2	11	20	20	8	16	5	9	5	5	2	6	7	5	4	2	5	4	1	6	7	2	5	7	2	2	1	2	1	4	3	2	0	1	0	5	1	0	4	0	2	0	2	2	4	2	1	1	1	0	0	0	1	0	0	0	0	0	0	1	0	0	0	0	0	0	0	0	0	0	0	0	0	0	0	0	0	0	0	0	0	0	0	0	0	0	0	0	0	0	0	0	0	0	0	0	0	0
0.03	south36_active	80	870	409	792	656	180	124	345	76	55	86	219	67	131	51	90	39	28	44	17	23	31	20	10	22	37	34	21	21	6	29	8	10	8	6	6	7	5	4	14	2	7	16	12	2	10	1	7	3	1	1	6	4	5	1	1	4	2	1	5	3	1	3	6	2	2	0	0	1	1	0	0	0	1	0	3	0	0	4	0	2	0	1	0	1	2	0	1	1	0	0	0	0	0	0	0	0	0	0	1	0	0	0	0	0	0	0	0	0	0	0	0	0	0	0	0	0	0	0	0	0	0	0	0	0	0	0	0	0	0	0	0	0	0	0	0	0	0
0.03	south37_all	80	1822	846	1316	951	341	263	521	161	136	146	382	96	196	98	139	71	54	70	38	44	59	49	25	29	68	53	32	46	12	66	18	17	16	11	12	15	12	11	24	4	12	18	16	9	11	5	10	6	7	3	5	6	11	2	3	6	3	1	4	4	3	3	8	1	3	4	3	1	3	1	3	1	1	1	3	1	0	2	0	3	0	2	1	4	3	1	2	1	0	0	1	1	0	0	0	0	0	0	1	0	0	0	0	0	0	0	0	0	0	0	0	0	0	0	0	0	0	0	0	0	0	0	0	0	0	0	0	0	0	0	0	0	0	0	0	0	0
0.03	south37_active	80	841	375	833	636	173	122	352	64	55	75	253	54	139	60	96	38	23	43	12	24	35	21	9	16	45	40	17	27	5	44	12	9	8	7	5	8	5	6	15	1	6	16	9	3	6	2	6	3	2	1	5	5	11	1	2	4	1	0	3	0	1	1	7	1	3	2	0	1	0	0	0	0	1	1	1	0	0	1	0	2	0	1	0	1	3	0	2	1	0	0	1	0	0	0	0	0	0	0	1	0	0	0	0	0	0	0	0	0	0	0	0	0	0	0	0	0	0	0	0	0	0	0	0	0	0	0	0	0	0	0	0	0	0	0	0	0	0
0.03	south38_all	80	1833	863	1350	960	356	271	525	193	128	153	407	103	215	111	119	48	47	64	37	47	56	40	26	39	84	74	27	47	14	62	23	19	11	17	13	17	20	11	20	3	10	19	21	7	13	7	6	6	5	4	4	5	12	3	4	8	2	3	2	6	6	5	6	3	2	5	2	1	3	0	4	1	1	1	2	0	1	1	0	1	0	1	1	3	3	1	2	2	0	0	1	1	0	0	0	0	0	0	1	2	1	0	0	0	0	0	0	0	0	0	0	0	0	0	0	0	0	0	0	0	0	0	0	1	0	0	0	0	0	0	0	0	0	0	1	0	0
0.03	south38_active	80	846	393	846	648	182	128	330	79	46	82	271	61	158	64	73	24	25	36	12	25	37	18	15	21	56	57	13	31	6	42	13	11	3	11	4	9	11	8	14	0	5	17	12	2	7	3	1	4	3	3	3	4	7	2	1	5	1	1	1	0	3	2	5	1	2	2	0	1	0	0	2	0	0	1	1	0	0	0	0	0	0	0	0	1	3	0	2	2	0	0	1	0	0	0	0	0	0	0	1	0	0	0	0	0	0	0	0	0	0	0	0	0	0	0	0	0	0	0	0	0	0	0	0	1	0	0	0	0	0	0	0	0	0	0	1	0	0
0.03	south39_all	80	1842	864	1462	1016	403	283	549	200	141	153	438	92	212	108	141	53	43	63	43	49	58	37	29	40	91	86	18	35	16	43	27	16	12	22	15	16	15	10	23	6	16	17	26	7	12	7	10	7	7	5	2	7	15	4	3	12	1	3	0	6	6	2	4	3	1	6	1	3	1	0	4	1	1	1	2	1	1	1	0	1	1	1	2	0	1	0	1	3	0	0	1	0	0	0	0	1	0	0	0	3	2	0	0	0	0	0	0	0	0	2	0	0	0	0	0	0	0	0	0	0	0	0	0	1	0	0	0	0	0	0	0	0	0	0	1	0	0
0.03	south39_active	80	864	397	946	668	222	134	330	98	65	80	289	48	155	63	85	29	24	33	20	27	34	14	19	15	65	70	10	23	6	34	13	7	6	14	4	6	9	8	18	2	8	15	17	2	7	2	4	4	6	4	1	6	8	3	1	9	1	1	0	0	4	1	3	1	1	2	0	3	0	0	3	0	0	1	1	1	0	0	0	0	0	0	0	0	1	0	1	3	0	0	1	0	0	0	0	1	0	0	0	0	1	0	0	0	0	0	0	0	0	2	0	0	0	0	0	0	0	0	0	0	0	0	0	1	0	0	0	0	0	0	0	0	0	0	1	0	0
0.03	south40_all	80	1896	880	1475	1091	417	282	617	184	146	162	417	98	192	105	147	52	51	68	50	54	61	39	32	44	88	82	21	39	20	58	25	20	12	25	16	20	14	9	20	8	16	20	30	6	21	8	9	6	6	5	2	7	16	3	2	8	2	3	0	4	5	2	10	3	0	3	1	4	1	1	3	1	2	1	0	1	1	0	1	0	2	1	1	0	0	0	0	3	1	0	0	0	0	0	0	1	0	0	0	3	3	0	1	1	0	0	0	0	0	2	0	0	0	3	0	0	0	0	0	0	0	0	0	1	0	0	0	0	0	0	0	0	0	0	1	0	0
0.03	south40_active	80	909	406	948	709	232	126	352	93	68	92	280	48	132	52	89	30	28	35	23	29	40	17	20	18	52	67	13	20	6	44	13	6	4	17	6	10	9	6	15	6	8	15	21	3	13	5	3	3	6	4	1	6	9	2	0	5	1	1	0	0	4	1	9	1	0	1	1	4	0	1	3	0	1	1	0	1	0	0	1	0	0	0	0	0	0	0	0	3	1	0	0	0	0	0	0	1	0	0	0	0	1	0	1	1	0	0	0	0	0	2	0	0	0	3	0	0	0	0	0	0	0	0	0	1	0	0	0	0	0	0	0	0	0	0	1	0	0
