label	Group	numOtus	Otu0	Otu1	Otu2	Otu3	Otu4	Otu5	Otu6	Otu7	Otu8	Otu9	Otu10	Otu11	Otu12	Otu13	Otu14	Otu15	Otu16	Otu17	Otu18	Otu19	Otu20	Otu21	Otu22	Otu23	Otu24	Otu25	Otu26	Otu27	Otu28	Otu29	Otu30	Otu31	Otu32	Otu33	Otu34	Otu35	Otu36	Otu37	Otu38	Otu39	Otu40	Otu41	Otu42	Otu43	Otu44	Otu45	Otu46	Otu47	Otu48	Otu49	Otu50	Otu51	Otu52	Otu53	Otu54	Otu55	Otu56	Otu57	Otu58	Otu59	Otu60	Otu61	Otu62	Otu63	Otu64	Otu65	Otu66	Otu67	Otu68	Otu69	Otu70	Otu71	Otu72	Otu73	Otu74	Otu75	Otu76	Otu77	Otu78	Otu79	Otu80	Otu81	Otu82	Otu83	Otu84	Otu85	Otu86	Otu87	Otu88	Otu89	Otu90	Otu91	Otu92	Otu93	Otu94	Otu95	Otu96	Otu97	Otu98	Otu99	Otu100	Otu101	Otu102	Otu103	Otu104	Otu105	Otu106	Otu107	Otu108	Otu109	Otu110	Otu111	Otu112	Otu113	Otu114	Otu115	Otu116	Otu117	Otu118	Otu119	Otu120	Otu121	Otu122	Otu123	Otu124	Otu125	Otu126	Otu127	Otu128	Otu129	Otu130	Otu131	Otu132	Otu133	Otu134	Otu135	Otu136	Otu137	Otu138	Otu139	Otu140	Otu141	Otu142	Otu143	Otu144
0.03	north1_all	80	6394	3472	2463	1254	832	633	1083	358	460	335	472	409	215	188	221	141	148	270	166	166	145	71	85	115	61	46	42	72	73	61	84	41	45	42	26	39	30	34	34	23	24	19	5	6	20	13	11	11	10	8	16	12	12	5	15	9	5	5	6	4	4	4	4	4	9	0	3	8	12	3	1	5	4	3	7	5	1	3	3	1	1	2	3	5	0	3	2	1	0	4	0	1	3	2	0	0	1	1	1	1	0	1	0	1	1	0	0	0	0	0	0	0	0	0	0	0	0	1	0	0	0	0	0	0	0	0	0	0	0	0	0	0	0	1	0	0	0	0	0	0	0	0	0	0	0
0.03	north1_active	80	3501	2003	1478	681	398	303	660	170	225	159	278	258	103	94	122	61	82	186	99	100	85	43	38	70	28	22	16	36	44	33	57	21	29	23	10	19	15	18	19	8	11	8	4	3	12	8	7	5	4	2	11	6	9	3	11	6	2	3	2	1	3	2	3	3	6	0	3	6	7	1	1	2	3	2	6	3	0	2	2	0	1	1	2	3	0	1	1	1	0	0	0	1	2	0	0	0	1	0	0	0	0	0	0	1	1	0	0	0	0	0	0	0	0	0	0	0	0	0	0	0	0	0	0	0	0	0	0	0	0	0	0	0	0	0	0	0	0	0	0	0	0	0	0	0	0
0.03	north2_all	80	6457	3602	2643	1278	822	616	1157	386	482	355	512	483	203	178	225	149	145	278	171	179	137	100	82	118	75	48	47	73	76	53	88	42	48	36	29	36	24	42	37	20	27	12	11	8	21	15	14	11	14	12	15	9	11	5	12	7	7	4	5	6	4	5	4	5	9	0	3	7	8	5	3	5	7	3	2	4	0	4	2	1	0	1	1	2	1	2	0	1	0	4	0	2	2	3	1	0	1	1	1	1	1	0	0	2	0	0	0	0	0	0	0	0	0	0	0	0	0	0	0	0	0	0	2	0	0	0	0	0	0	0	0	0	0	2	0	0	0	0	0	0	0	0	0	0	0
0.03	north2_active	80	3567	2070	1631	722	425	297	728	180	262	174	305	307	85	83	124	74	74	188	85	113	77	56	41	79	33	22	20	34	45	30	59	21	32	23	10	19	11	22	21	7	15	2	8	5	13	6	10	4	7	4	13	4	4	3	8	3	2	3	2	1	3	3	3	2	6	0	3	4	4	3	1	5	5	3	2	3	0	2	1	0	0	1	1	1	1	1	0	0	0	0	0	1	1	2	0	0	1	1	0	0	1	0	0	2	0	0	0	0	0	0	0	0	0	0	0	0	0	0	0	0	0	0	2	0	0	0	0	0	0	0	0	0	0	1	0	0	0	0	0	0	0	0	0	0	0
0.03	north3_all	80	6719	3811	2807	1336	883	637	1319	392	507	350	579	525	210	185	243	162	154	269	189	196	129	92	83	104	72	47	48	66	79	42	108	48	49	38	37	40	30	42	38	19	27	11	14	8	17	21	14	10	19	12	14	15	9	6	9	6	7	4	6	6	8	7	5	12	7	5	3	7	5	7	2	10	9	4	2	2	0	4	2	2	0	2	1	1	1	5	0	2	0	2	2	1	1	3	1	0	3	1	2	0	1	0	0	1	0	0	0	1	0	0	0	0	0	0	0	0	0	0	0	0	0	0	3	1	2	0	0	0	0	0	0	0	0	1	0	0	0	0	0	0	2	0	0	0	0
0.03	north3_active	80	3827	2217	1755	754	483	311	827	182	282	177	347	329	98	79	132	88	83	173	93	129	72	48	38	72	32	20	22	30	48	23	71	27	30	26	14	20	14	21	18	5	15	3	6	5	9	10	10	4	13	4	10	8	4	2	6	2	2	2	4	0	5	2	3	10	4	2	3	3	2	5	0	9	8	4	2	1	0	2	1	0	0	2	1	1	1	3	0	0	0	0	0	0	0	2	0	0	3	1	0	0	1	0	0	1	0	0	0	0	0	0	0	0	0	0	0	0	0	0	0	0	0	0	2	1	1	0	0	0	0	0	0	0	0	1	0	0	0	0	0	0	2	0	0	0	0
0.03	north4_all	80	7015	4076	3019	1373	928	642	1331	401	500	353	654	560	216	175	245	194	178	282	186	189	145	92	80	120	71	61	51	60	81	52	115	45	55	37	32	32	27	57	43	19	25	14	23	8	14	16	15	16	19	9	21	12	12	9	6	6	7	4	6	5	7	8	4	12	2	7	3	6	5	7	4	11	9	4	1	2	0	3	2	2	0	2	2	1	1	3	0	2	0	2	2	1	1	3	2	0	3	1	2	0	1	0	0	1	1	1	0	1	0	0	1	0	0	0	0	0	0	0	0	0	1	0	3	1	2	0	0	0	0	0	0	0	0	1	0	0	0	0	0	0	2	0	0	0	0
0.03	north4_active	80	4043	2456	1925	776	514	327	851	185	289	191	416	361	94	79	132	107	102	196	87	112	83	44	32	73	30	32	23	29	46	35	74	27	29	22	13	14	12	34	16	5	18	8	11	4	9	7	10	9	11	3	15	8	4	4	3	1	2	2	5	0	3	2	0	10	0	2	3	2	3	4	2	10	8	4	1	2	0	1	1	0	0	2	1	1	1	2	0	0	0	0	0	0	0	2	1	0	2	1	0	0	1	0	0	1	1	0	0	0	0	0	0	0	0	0	0	0	0	0	0	0	1	0	2	1	1	0	0	0	0	0	0	0	0	1	0	0	0	0	0	0	2	0	0	0	0
0.03	north5_all	80	7176	4229	3036	1375	945	680	1342	399	511	360	668	517	230	182	255	212	200	340	182	176	154	86	68	119	69	69	54	65	91	61	125	42	53	40	27	26	35	58	36	20	37	17	30	9	12	18	16	14	17	6	30	11	11	9	8	8	12	4	8	4	7	6	4	12	3	7	4	5	5	5	2	10	6	5	2	3	1	4	0	2	0	1	2	1	1	5	1	2	0	0	2	2	1	2	1	0	3	0	2	0	3	2	0	1	1	2	0	1	0	0	1	0	0	1	0	0	0	0	0	0	1	0	1	1	2	0	0	0	0	0	0	0	0	0	0	0	0	0	0	0	2	0	0	0	0
0.03	north5_active	80	4162	2637	1922	749	521	348	862	190	290	207	442	332	108	87	142	108	118	245	100	103	89	39	28	68	28	36	21	34	54	37	77	24	26	21	15	11	17	41	12	6	25	8	12	3	8	9	8	8	8	3	22	8	4	4	5	4	6	2	8	1	3	1	0	11	1	2	4	2	3	3	2	7	5	5	2	2	1	1	0	0	0	1	0	1	1	3	0	0	0	0	0	1	0	2	1	0	2	0	1	0	0	2	0	1	1	1	0	0	0	0	0	0	0	0	0	0	0	0	0	0	1	0	0	1	1	0	0	0	0	0	0	0	0	0	0	0	0	0	0	0	2	0	0	0	0
0.03	north6_all	80	7284	4156	3068	1337	957	710	1314	397	523	381	662	495	230	183	235	219	206	346	180	173	158	77	64	130	66	72	56	58	108	68	102	40	55	45	28	16	38	60	30	19	39	20	29	11	17	20	15	16	12	8	36	13	12	9	11	8	10	2	5	3	4	5	5	6	3	6	5	3	5	8	3	5	5	2	2	2	2	2	0	1	0	1	4	2	1	2	2	0	3	1	1	1	0	1	1	0	1	0	2	0	6	2	0	0	1	2	0	0	0	0	1	0	0	1	0	0	0	1	0	0	1	0	0	0	0	0	0	0	1	0	0	0	0	0	0	0	0	0	0	0	0	0	0	0	0
0.03	north6_active	80	4161	2621	1945	717	526	386	855	187	300	197	440	325	109	87	122	111	118	243	105	100	92	35	28	76	30	39	24	30	66	40	61	20	28	24	16	10	22	41	14	7	22	9	11	3	12	9	8	10	3	6	28	9	7	7	7	3	5	2	5	2	1	0	0	4	2	2	5	2	2	5	3	3	3	2	2	1	1	1	0	0	0	1	1	2	1	1	1	0	2	0	0	1	0	1	1	0	0	0	1	0	3	2	0	0	1	1	0	0	0	0	0	0	0	0	0	0	0	0	0	0	1	0	0	0	0	0	0	0	0	0	0	0	0	0	0	0	0	0	0	0	0	0	0	0	0
0.03	north7_all	80	7357	4146	3020	1297	946	712	1331	409	513	398	603	498	222	178	247	218	186	330	161	182	151	84	61	124	64	69	64	54	121	67	91	37	50	40	29	19	33	54	24	23	37	20	23	13	17	18	18	12	12	6	29	22	11	8	17	8	10	2	7	5	6	2	3	6	3	2	5	2	7	4	4	4	3	2	3	2	3	1	0	0	0	0	5	1	1	3	2	0	5	1	1	1	0	1	1	1	1	0	1	1	7	2	0	1	0	1	0	1	0	0	0	0	0	1	0	0	0	1	0	0	0	0	0	0	0	0	0	0	1	0	0	0	0	0	0	0	0	0	0	0	0	0	0	0	0
0.03	north7_active	80	4237	2555	1904	674	493	380	860	193	295	207	410	321	101	89	127	115	107	231	91	110	93	45	33	77	34	37	30	24	76	35	45	17	31	20	14	10	19	30	11	8	20	9	7	5	12	7	9	8	4	6	22	17	7	6	13	3	5	1	7	3	3	0	0	4	2	0	5	1	3	3	4	2	1	2	3	0	2	0	0	0	0	0	1	1	1	2	1	0	4	0	1	1	0	1	1	0	0	0	1	1	3	2	0	1	0	1	0	0	0	0	0	0	0	0	0	0	0	0	0	0	0	0	0	0	0	0	0	0	0	0	0	0	0	0	0	0	0	0	0	0	0	0	0	0	0
0.03	north8_all	80	7307	3995	3059	1273	900	650	1351	449	521	384	568	551	219	172	241	179	182	292	172	184	134	90	66	124	57	54	56	50	127	63	76	42	56	45	32	20	36	46	27	22	34	21	18	13	18	15	14	14	9	10	24	31	10	8	14	6	10	2	4	4	6	1	2	8	4	3	3	1	7	7	2	3	3	1	4	2	6	2	1	0	1	0	4	2	1	1	2	0	6	1	1	0	0	1	0	1	0	0	1	1	4	2	0	1	0	0	0	2	0	0	3	0	0	0	0	0	0	1	0	0	0	0	0	0	0	0	0	0	1	0	0	0	0	0	0	0	0	0	0	0	0	1	0	0	0
0.03	north8_active	80	4188	2407	1948	666	431	345	871	220	292	181	376	364	92	82	123	81	108	183	102	103	87	49	32	79	32	28	26	19	85	32	36	18	32	28	15	12	25	24	16	9	18	11	5	7	13	6	7	7	5	6	16	23	8	5	11	2	5	1	4	3	4	0	0	4	2	1	3	1	4	5	2	1	1	1	4	0	4	0	0	0	0	0	1	1	0	1	1	0	4	0	1	0	0	1	0	0	0	0	1	1	3	0	0	1	0	0	0	1	0	0	0	0	0	0	0	0	0	0	0	0	0	0	0	0	0	0	0	0	0	0	0	0	0	0	0	0	0	0	0	0	0	0	0	0	0
0.03	north9_all	80	7192	4087	3152	1235	864	611	1365	451	472	384	620	537	216	168	255	173	177	274	175	179	128	86	72	116	55	51	57	49	115	63	91	38	61	49	32	24	27	57	26	24	20	23	18	12	18	15	20	17	12	6	23	29	10	10	15	3	8	5	3	5	7	1	3	6	2	5	5	0	9	3	2	3	2	1	5	1	4	1	1	0	2	1	4	2	2	4	0	0	11	0	1	0	0	1	0	1	0	0	0	1	1	3	0	1	0	0	0	2	0	0	3	0	0	0	0	0	0	0	0	0	0	0	0	0	0	0	0	0	0	0	0	0	0	0	0	0	0	0	0	0	0	1	0	0	0
0.03	north9_active	80	4180	2469	2015	640	410	308	887	223	265	180	405	344	86	80	136	77	107	170	100	92	83	45	38	76	29	25	24	19	74	32	52	19	37	32	20	11	20	27	13	11	10	10	5	6	10	7	8	9	9	2	15	20	5	6	13	0	2	3	3	2	4	1	2	3	1	1	3	0	7	2	2	1	1	0	4	0	3	0	0	0	1	0	1	1	1	4	0	0	5	0	1	0	0	1	0	0	0	0	0	1	0	1	0	1	0	0	0	1	0	0	0	0	0	0	0	0	0	0	0	0	0	0	0	0	0	0	0	0	0	0	0	0	0	0	0	0	0	0	0	0	0	0	0	0	0
0.03	north10_all	80	7093	4001	3094	1230	882	621	1368	463	477	364	620	572	201	175	254	172	174	277	189	186	129	94	72	124	60	52	68	48	105	70	94	29	58	53	22	27	33	59	23	23	25	24	17	16	16	17	20	15	18	10	25	27	8	9	12	4	6	8	3	5	7	2	6	11	1	6	4	1	6	3	1	6	2	1	4	3	3	1	2	0	2	2	3	1	2	4	1	1	9	1	0	0	0	1	2	1	0	0	2	2	1	3	0	1	0	0	0	1	0	0	3	0	0	0	0	0	1	0	0	0	0	0	0	0	0	0	0	0	1	1	0	0	0	0	0	0	0	0	0	0	0	1	0	0	0
0.03	north10_active	80	4142	2441	1950	652	419	305	913	232	266	179	402	348	88	74	156	81	102	182	112	105	76	44	31	75	28	28	33	21	59	38	62	11	36	36	14	10	23	33	13	10	11	10	6	7	7	7	8	9	12	5	18	20	4	4	8	0	1	5	2	1	5	1	3	7	0	3	1	0	6	2	1	3	2	0	3	3	2	0	1	0	1	1	1	0	1	4	0	1	4	0	0	0	0	1	2	0	0	0	2	1	0	1	0	1	0	0	0	1	0	0	0	0	0	0	0	0	1	0	0	0	0	0	0	0	0	0	0	0	1	1	0	0	0	0	0	0	0	0	0	0	0	0	0	0	0
0.03	north11_all	80	6085	3444	2548	1165	841	593	1115	406	452	327	478	444	231	170	220	155	171	219	186	138	136	87	75	109	77	57	49	59	112	71	102	33	55	32	36	41	25	31	29	15	34	18	19	20	18	10	13	13	14	10	19	17	7	8	7	3	8	2	7	7	3	5	4	11	8	5	3	3	2	4	0	2	2	5	5	1	3	2	2	2	2	1	1	1	0	0	3	1	3	1	3	2	3	3	0	1	2	0	2	0	1	0	1	0	0	0	0	0	0	0	0	0	0	0	0	0	0	0	0	0	0	0	0	0	0	0	0	0	0	0	0	0	0	0	0	0	0	0	1	0	0	0	0	1	0
0.03	north11_active	80	3378	1987	1514	612	411	284	695	176	221	190	285	253	112	76	124	80	83	132	105	84	75	40	29	65	25	25	20	34	76	35	68	18	34	17	18	20	11	20	12	7	23	6	12	11	9	6	7	4	9	3	15	10	2	6	3	3	3	0	3	5	2	1	3	11	7	3	0	1	1	2	0	2	1	4	4	0	1	2	1	0	1	0	0	1	0	0	2	1	3	1	3	2	2	3	0	0	1	0	1	0	1	0	1	0	0	0	0	0	0	0	0	0	0	0	0	0	0	0	0	0	0	0	0	0	0	0	0	0	0	0	0	0	0	0	0	0	0	0	0	0	0	0	0	0	0
0.03	north12_all	80	6241	3614	2623	1218	861	615	1142	406	449	340	511	430	224	169	232	156	164	218	196	140	132	90	76	111	72	49	56	47	110	62	82	36	62	37	36	36	21	33	26	14	23	15	17	18	21	13	8	16	14	12	22	22	5	8	9	5	10	3	11	8	6	4	5	11	6	5	4	6	4	4	1	1	1	4	4	3	3	2	1	1	1	1	1	1	1	2	3	1	0	1	0	3	4	1	0	0	2	0	2	0	1	0	0	0	0	0	0	0	0	1	0	0	0	0	0	0	1	0	0	0	0	0	0	0	0	0	0	0	0	0	0	0	0	0	0	0	0	0	0	0	0	0	0	1	0
0.03	north12_active	80	3492	2164	1554	635	437	293	725	190	218	194	307	245	110	85	133	84	87	123	121	87	67	48	30	74	28	19	24	21	75	32	55	19	33	19	15	18	7	18	12	6	14	5	9	9	10	6	6	7	10	5	16	14	0	5	4	1	4	0	5	5	4	1	4	8	5	3	0	2	3	1	0	1	0	3	3	1	1	2	0	0	1	0	0	1	1	2	2	1	0	1	0	3	3	1	0	0	1	0	1	0	1	0	0	0	0	0	0	0	0	1	0	0	0	0	0	0	0	0	0	0	0	0	0	0	0	0	0	0	0	0	0	0	0	0	0	0	0	0	0	0	0	0	0	0	0
0.03	north13_all	80	6606	3758	2750	1256	892	637	1150	394	473	338	558	476	212	170	234	159	162	230	167	140	130	101	72	106	70	46	54	42	105	63	88	34	64	33	30	38	27	38	32	10	27	10	14	17	16	17	8	17	11	16	20	23	7	10	9	9	11	4	11	6	5	2	4	14	4	2	8	5	5	5	1	3	1	5	2	3	1	1	1	1	2	2	1	1	1	2	2	0	1	1	0	3	4	1	0	0	1	1	3	0	1	0	0	2	0	1	1	0	1	1	0	0	0	0	1	1	1	0	0	0	0	0	0	1	0	0	0	0	0	0	0	0	0	0	0	0	0	0	0	0	0	0	0	0	0
0.03	north13_active	80	3761	2291	1675	656	461	313	700	186	252	182	344	280	99	84	136	81	88	143	110	86	66	59	32	63	29	21	24	19	69	38	60	17	40	18	14	22	9	25	15	4	17	3	6	8	7	9	4	7	5	10	15	15	4	5	4	4	5	1	5	4	3	0	4	11	2	1	4	2	3	4	0	2	0	2	2	1	0	1	0	0	2	0	0	1	1	2	2	0	1	1	0	3	3	1	0	0	0	0	1	0	1	0	0	2	0	1	0	0	0	1	0	0	0	0	0	1	0	0	0	0	0	0	0	0	0	0	0	0	0	0	0	0	0	0	0	0	0	0	0	0	0	0	0	0	0
0.03	north14_all	80	6858	3928	2915	1266	893	671	1241	428	482	341	572	511	210	179	249	172	151	268	169	160	140	104	65	123	61	47	52	49	92	58	95	39	52	41	31	30	26	41	33	14	34	9	8	12	14	14	11	19	9	13	13	22	9	8	8	12	9	5	11	6	9	3	6	8	3	2	8	4	7	5	2	17	3	6	4	2	0	1	0	0	1	1	1	1	1	2	1	1	1	1	0	3	3	0	0	0	1	1	2	0	0	0	0	2	0	1	1	0	2	1	0	0	0	0	1	1	1	0	0	0	0	0	0	1	0	0	0	0	0	0	0	0	0	0	0	0	0	0	0	0	0	0	0	0	0
0.03	north14_active	80	3930	2445	1804	674	452	329	789	211	264	165	362	320	97	95	151	86	86	163	110	99	75	62	27	76	30	22	23	27	64	35	72	21	27	20	15	18	8	33	18	7	22	3	2	8	5	8	7	7	5	9	8	17	4	4	5	4	4	2	4	2	5	1	5	4	2	1	5	1	5	4	0	7	2	1	2	1	0	0	0	0	1	0	0	1	1	2	1	0	1	0	0	3	3	0	0	0	0	0	1	0	0	0	0	2	0	1	0	0	0	1	0	0	0	0	0	1	0	0	0	0	0	0	0	0	0	0	0	0	0	0	0	0	0	0	0	0	0	0	0	0	0	0	0	0	0
0.03	north15_all	80	7138	4091	3111	1293	926	682	1281	416	471	330	612	550	214	193	260	181	162	292	157	171	152	96	71	129	61	52	46	55	91	53	107	36	50	40	30	22	25	50	38	20	36	13	7	9	12	11	11	15	8	11	18	23	12	6	9	12	9	5	5	5	6	2	4	9	7	1	7	3	6	4	4	18	2	5	4	0	0	1	2	1	1	1	2	1	1	0	2	2	4	1	0	3	2	0	0	0	0	1	1	0	0	0	0	2	0	2	1	0	2	1	0	0	0	0	1	1	0	0	0	0	0	0	0	1	0	0	0	0	0	0	0	0	0	0	0	0	0	0	0	0	0	0	0	0	0
0.03	north15_active	80	4104	2493	1984	691	474	345	833	197	270	166	400	358	105	98	164	83	92	184	99	116	88	60	33	79	30	25	19	33	60	32	79	19	27	23	18	15	8	28	20	9	20	3	2	6	4	7	6	5	4	9	9	15	7	4	6	4	4	2	1	2	3	1	2	5	5	1	5	1	5	4	2	7	2	1	2	0	0	0	1	1	1	0	0	1	1	0	1	1	4	0	0	2	2	0	0	0	0	0	0	0	0	0	0	2	0	1	0	0	0	1	0	0	0	0	0	1	0	0	0	0	0	0	0	0	0	0	0	0	0	0	0	0	0	0	0	0	0	0	0	0	0	0	0	0	0
0.03	north16_all	80	7126	4003	3142	1287	920	690	1229	422	457	317	592	518	217	188	266	175	161	298	176	166	154	94	74	132	64	63	55	59	96	60	111	38	45	40	26	27	24	52	38	21	34	14	9	13	18	16	13	14	9	7	28	24	11	7	8	8	5	4	4	6	10	4	8	7	9	1	3	2	4	4	5	19	2	5	3	0	1	1	2	1	3	0	2	3	0	2	2	2	4	1	2	3	2	0	0	1	0	2	1	0	0	0	0	0	0	1	1	1	1	0	0	0	1	0	1	1	0	0	0	0	0	0	0	0	0	0	0	0	0	0	0	0	1	0	2	0	0	0	0	0	0	0	0	0	0
0.03	north16_active	80	4038	2412	1983	696	456	325	798	193	254	152	392	332	103	97	160	89	88	194	111	112	93	57	36	82	27	26	23	32	63	39	67	20	24	21	17	16	10	30	24	12	17	3	3	7	7	10	8	4	2	6	22	16	7	3	6	2	3	1	0	3	6	1	3	3	6	1	1	2	4	3	3	8	2	1	1	0	0	0	1	1	0	0	0	3	0	1	1	1	4	0	1	1	1	0	0	1	0	2	0	0	0	0	0	0	0	0	0	1	0	0	0	0	0	0	0	1	0	0	0	0	0	0	0	0	0	0	0	0	0	0	0	0	1	0	2	0	0	0	0	0	0	0	0	0	0
0.03	north17_all	80	7117	4060	3032	1326	930	680	1207	398	446	323	606	512	216	199	249	192	151	255	196	170	140	100	74	114	67	64	60	63	106	56	117	41	43	30	38	26	16	52	41	23	29	19	16	15	18	12	11	10	16	8	33	26	11	8	10	7	4	6	6	5	9	10	10	4	11	2	5	4	4	11	4	8	1	3	1	0	1	0	2	2	3	1	3	4	0	3	2	1	3	0	3	3	1	0	0	1	0	2	1	0	0	0	0	0	1	2	1	1	1	0	0	1	1	0	0	0	0	0	1	0	0	0	0	0	0	0	0	0	0	0	0	0	1	0	2	0	0	0	0	0	0	0	0	0	0
0.03	north17_active	80	4080	2462	1885	688	468	334	772	181	246	159	406	335	103	92	152	109	84	178	131	110	85	56	38	69	26	24	29	32	67	36	71	20	22	16	24	17	8	28	29	13	16	9	6	10	10	7	7	4	9	5	27	17	8	4	5	1	2	1	0	3	4	7	3	1	7	2	2	3	3	9	3	6	1	2	0	0	0	0	1	1	0	1	1	4	0	2	1	1	3	0	1	1	0	0	0	1	0	2	0	0	0	0	0	0	0	0	1	1	0	0	0	1	0	0	0	0	0	0	0	0	0	0	0	0	0	0	0	0	0	0	0	0	1	0	2	0	0	0	0	0	0	0	0	0	0
0.03	north18_all	80	7120	4043	3080	1317	917	696	1273	402	490	357	554	476	196	185	252	182	150	250	196	169	144	99	77	131	72	72	60	63	114	66	122	48	47	26	37	27	15	34	45	26	24	22	19	17	26	14	10	8	17	8	32	24	9	8	9	6	4	5	6	6	8	8	9	9	7	3	6	4	6	10	5	2	2	3	2	0	1	0	2	3	4	2	2	5	0	3	2	0	0	0	3	2	2	0	0	1	1	2	1	0	1	1	0	0	2	5	1	1	0	1	0	1	1	0	0	1	0	0	1	0	0	0	0	0	0	0	0	0	0	0	0	0	1	0	2	0	0	0	0	0	0	0	0	0	0
0.03	north18_active	80	4103	2487	1903	676	455	330	816	186	265	183	369	313	88	90	160	111	85	180	127	102	97	57	37	79	26	28	32	31	70	45	77	25	29	16	25	18	8	24	32	13	14	14	7	10	17	9	6	4	7	4	24	16	6	4	2	2	2	1	1	3	4	6	3	5	3	2	2	2	4	8	3	1	1	2	1	0	0	0	1	2	0	2	1	3	0	2	1	0	0	0	1	1	0	0	0	1	1	2	0	0	1	0	0	0	0	3	1	1	0	1	0	1	0	0	0	0	0	0	0	0	0	0	0	0	0	0	0	0	0	0	0	0	1	0	2	0	0	0	0	0	0	0	0	0	0
0.03	north19_all	80	7102	4053	3122	1322	969	678	1283	420	501	361	545	451	190	203	241	179	176	247	196	184	151	110	75	133	67	58	53	60	108	67	148	49	49	26	35	21	15	30	43	22	21	27	17	14	28	10	9	8	14	11	26	20	12	7	13	7	7	6	6	4	5	6	5	10	6	3	6	5	5	8	1	1	3	3	2	2	2	1	1	3	3	2	2	4	0	1	0	0	0	0	1	0	3	0	0	1	1	1	1	0	2	1	0	0	2	4	1	1	1	1	0	1	1	0	0	1	0	0	1	0	0	0	0	0	0	0	0	0	0	0	0	0	1	0	0	0	0	0	0	0	0	0	0	0	0
0.03	north19_active	80	4151	2480	1918	698	483	339	830	186	269	191	347	291	82	85	140	106	103	181	121	104	100	57	39	76	28	24	31	28	72	40	102	24	31	16	20	14	8	23	29	10	11	18	8	8	18	5	6	5	8	7	19	13	6	4	5	3	2	2	2	1	2	6	1	7	2	2	3	2	3	7	0	0	1	2	1	1	2	0	0	1	0	2	1	1	0	1	0	0	0	0	0	0	1	0	0	1	1	1	0	0	1	0	0	0	0	3	1	1	1	1	0	1	0	0	0	0	0	0	0	0	0	0	0	0	0	0	0	0	0	0	0	0	1	0	0	0	0	0	0	0	0	0	0	0	0
0.03	north20_all	80	7247	4050	3092	1321	949	672	1281	403	507	354	512	460	193	188	249	170	185	267	182	168	170	103	84	137	58	59	51	63	92	66	140	44	54	24	31	24	22	25	27	20	34	23	13	12	28	14	12	8	12	12	15	8	14	7	15	7	9	6	9	5	10	6	4	11	4	4	4	8	3	5	1	1	3	4	2	5	3	2	1	3	1	1	1	3	0	0	0	0	1	0	2	1	2	1	0	1	1	0	1	0	2	1	4	0	1	3	0	0	1	1	0	1	0	0	0	1	0	0	1	0	0	0	0	0	0	0	0	0	0	0	0	0	0	0	0	0	0	0	0	0	0	0	0	0	0
0.03	north20_active	80	4210	2472	1901	700	478	330	831	173	270	190	327	309	91	70	146	99	102	188	107	98	115	54	38	76	24	29	26	29	55	43	101	21	30	15	17	13	6	17	15	10	23	17	6	6	17	7	4	3	5	8	7	4	7	3	7	3	3	4	5	3	2	3	3	7	0	3	1	6	2	3	0	0	1	2	1	2	3	0	0	2	0	1	0	0	0	0	0	0	1	0	0	0	1	1	0	0	1	0	0	0	1	0	4	0	0	3	0	0	1	1	0	1	0	0	0	0	0	0	0	0	0	0	0	0	0	0	0	0	0	0	0	0	0	0	0	0	0	0	0	0	0	0	0	0	0
0.03	south21_all	80	8412	5167	1607	1267	1783	881	511	427	591	320	329	645	209	236	163	222	132	125	119	192	99	129	73	73	119	121	55	69	113	75	64	56	35	25	39	16	33	33	25	27	42	15	21	13	19	31	10	9	11	10	24	21	10	37	33	8	12	13	6	3	3	8	8	10	0	2	20	5	5	5	1	4	2	2	8	1	1	0	1	2	0	6	7	0	0	1	2	1	5	2	5	1	2	3	1	1	1	1	0	0	0	0	0	3	4	0	4	1	0	1	1	2	0	0	2	0	0	0	0	0	0	1	0	0	0	0	0	0	0	0	0	0	0	0	0	0	0	0	0	0	0	0	0	0	0
0.03	south21_active	80	5092	3343	807	653	1161	479	229	199	339	136	180	453	99	122	74	126	55	63	59	123	44	84	39	38	59	67	29	38	69	46	40	32	18	6	15	8	20	15	12	14	26	9	10	5	11	17	3	2	5	6	10	19	7	30	13	6	7	10	3	0	0	3	7	7	0	1	3	0	5	3	0	3	0	0	6	0	0	0	1	2	0	5	4	0	0	1	1	0	4	2	5	1	0	2	0	0	0	1	0	0	0	0	0	2	3	0	3	1	0	0	1	1	0	0	2	0	0	0	0	0	0	0	0	0	0	0	0	0	0	0	0	0	0	0	0	0	0	0	0	0	0	0	0	0	0
0.03	south22_all	80	8457	5173	1631	1241	1843	882	505	413	589	315	319	634	197	222	156	215	121	145	110	201	104	125	67	69	142	129	49	66	104	57	55	62	36	22	32	19	34	35	29	24	40	17	24	14	25	21	9	11	17	16	21	18	7	34	39	8	10	12	9	1	4	10	7	8	7	2	3	4	5	3	2	5	3	3	8	0	4	1	1	0	0	8	7	1	0	1	1	2	4	2	1	1	2	3	1	1	0	1	0	0	1	0	1	0	4	0	4	0	0	0	1	2	0	0	0	0	0	0	0	0	0	1	0	0	0	0	0	1	0	0	0	0	0	0	0	0	0	0	0	0	0	0	0	0	0
0.03	south22_active	80	5120	3316	812	639	1204	474	218	200	334	133	172	443	100	106	76	126	53	75	56	125	45	83	32	33	71	75	27	36	59	37	33	34	17	9	13	6	20	22	11	13	23	9	10	6	16	13	2	2	11	12	7	14	5	26	20	6	4	7	5	0	1	3	7	5	7	2	3	0	5	3	1	3	0	0	6	0	3	1	1	0	0	6	3	0	0	1	1	0	3	2	0	1	0	2	0	0	0	1	0	0	0	0	1	0	3	0	3	0	0	0	1	1	0	0	0	0	0	0	0	0	0	0	0	0	0	0	0	0	0	0	0	0	0	0	0	0	0	0	0	0	0	0	0	0	0
0.03	south23_all	80	8165	4867	1620	1184	1610	854	497	382	610	299	309	578	210	221	146	218	122	161	97	177	96	109	67	60	153	119	53	54	85	61	52	44	36	25	26	21	44	37	23	25	28	23	31	15	26	20	8	12	17	18	21	20	7	34	32	6	10	11	12	2	6	7	3	8	9	4	3	6	4	5	3	5	4	4	7	1	4	1	1	0	0	5	7	4	1	2	1	2	1	0	3	1	1	1	1	2	0	1	0	0	1	0	1	0	1	0	4	0	0	0	1	1	0	0	0	1	0	0	0	0	0	1	0	0	0	0	0	1	0	0	0	0	0	0	0	0	0	0	0	0	0	0	0	0	0
0.03	south23_active	80	4902	3047	794	603	1038	433	212	178	363	132	156	384	100	97	70	127	55	88	48	103	43	62	30	31	84	81	26	25	52	39	27	17	17	10	8	5	28	25	9	15	13	11	15	8	18	13	2	3	10	14	7	16	5	27	22	4	5	4	6	1	4	2	2	5	8	4	2	0	4	2	2	3	1	0	4	1	3	1	1	0	0	4	3	3	0	2	1	0	0	0	2	0	0	1	0	1	0	1	0	0	0	0	1	0	0	0	3	0	0	0	1	1	0	0	0	0	0	0	0	0	0	0	0	0	0	0	0	0	0	0	0	0	0	0	0	0	0	0	0	0	0	0	0	0	0
0.03	south24_all	80	7699	4574	1547	1151	1528	810	499	363	581	312	292	506	202	208	160	214	125	163	88	173	96	99	75	57	154	136	55	56	86	54	59	42	40	23	33	25	54	38	23	24	31	22	35	17	27	20	3	10	18	23	12	11	8	15	34	6	9	11	13	2	7	5	10	6	10	4	5	5	6	5	4	5	4	4	3	3	5	1	1	0	0	4	4	4	2	1	0	2	1	0	3	1	1	1	0	3	1	0	1	1	1	0	1	0	1	0	0	0	4	0	0	1	0	0	0	1	0	0	0	0	0	0	0	0	0	0	0	1	0	0	0	0	0	0	0	0	1	1	0	0	0	0	0	0	0
0.03	south24_active	80	4567	2878	755	580	964	393	209	155	333	144	143	329	90	92	75	124	55	89	45	102	41	59	34	26	95	97	29	30	59	33	29	22	18	12	12	9	34	30	12	14	15	11	18	11	17	11	2	3	12	17	4	7	3	11	22	4	6	5	7	1	5	1	7	4	9	4	3	0	5	1	3	2	2	1	0	2	3	1	0	0	0	3	0	3	0	1	0	0	0	0	2	0	0	1	0	2	0	0	0	0	0	0	1	0	0	0	0	0	4	0	0	1	0	0	0	0	0	0	0	0	0	0	0	0	0	0	0	0	0	0	0	0	0	0	0	0	0	1	0	0	0	0	0	0	0
0.03	south25_all	80	8053	4726	1556	1200	1507	767	483	364	623	314	305	532	212	214	157	218	117	162	94	175	94	91	73	65	140	137	56	62	93	69	67	40	40	34	36	27	56	36	17	35	29	20	30	18	31	20	6	8	13	19	12	12	12	15	21	7	8	8	10	3	7	2	14	6	4	6	5	4	4	4	4	3	4	3	2	4	6	0	1	1	1	3	4	3	2	1	0	0	2	0	5	4	1	0	0	3	2	0	1	1	0	0	0	0	0	1	0	0	4	0	3	1	0	1	0	1	0	0	0	0	0	0	0	0	0	0	0	0	0	0	0	0	0	0	0	0	1	1	0	0	0	0	0	0	0
0.03	south25_active	80	4884	2949	755	636	936	404	204	154	368	147	151	346	97	100	73	129	52	87	45	97	41	52	33	35	80	96	25	30	61	45	39	21	16	16	13	14	37	25	11	20	15	11	17	11	19	12	4	2	8	13	5	8	4	12	14	6	5	4	4	2	4	2	7	4	2	5	1	1	3	0	2	1	3	1	0	3	3	0	0	1	1	2	1	3	0	1	0	0	1	0	4	1	0	0	0	2	1	0	0	0	0	0	0	0	0	1	0	0	4	0	0	1	0	1	0	0	0	0	0	0	0	0	0	0	0	0	0	0	0	0	0	0	0	0	0	0	0	1	0	0	0	0	0	0	0
0.03	south26_all	80	8318	5054	1544	1249	1620	771	525	371	639	315	334	560	225	221	173	210	137	179	99	152	83	105	73	72	140	155	54	61	107	80	75	50	32	35	32	23	68	38	20	37	37	22	27	19	31	16	7	9	18	17	13	15	13	11	6	9	6	7	9	6	5	4	15	3	2	4	5	3	8	5	4	3	3	2	1	5	7	0	1	2	1	3	3	1	1	1	0	0	2	0	2	3	1	1	1	2	2	0	1	1	0	1	0	0	0	1	1	0	4	1	3	1	0	1	0	1	0	0	0	0	0	0	0	0	0	0	0	0	0	0	0	0	0	0	0	0	1	1	0	0	0	0	1	0	0
0.03	south26_active	80	5050	3212	757	675	1024	428	236	154	368	143	164	369	107	105	90	130	59	100	49	81	33	61	33	42	77	111	25	28	64	49	45	29	15	15	12	17	47	25	13	21	18	13	17	11	18	8	4	1	8	11	5	7	5	10	3	6	3	5	5	4	3	4	8	2	1	3	1	2	6	0	1	0	2	2	0	4	2	0	0	2	1	2	1	1	0	1	0	0	1	0	2	1	0	0	1	1	1	0	0	0	0	0	0	0	0	1	1	0	4	0	0	1	0	1	0	0	0	0	0	0	0	0	0	0	0	0	0	0	0	0	0	0	0	0	0	0	0	1	0	0	0	0	0	0	0
0.03	south27_all	80	8794	5297	1573	1246	1802	770	519	387	647	315	341	571	212	223	177	211	149	187	105	142	74	115	78	68	155	158	56	58	112	77	91	48	37	36	32	31	62	38	24	35	33	21	17	20	43	24	14	8	20	13	14	19	12	11	14	7	6	5	7	5	5	4	14	8	2	2	5	3	8	2	3	2	6	1	0	2	5	0	1	2	2	1	6	1	1	0	1	0	2	1	2	6	1	1	1	1	2	0	1	1	1	1	0	0	0	1	3	0	4	1	3	0	0	1	0	0	0	0	1	0	0	0	0	0	0	0	0	1	0	0	0	0	0	0	0	0	0	0	0	0	0	0	1	0	0
0.03	south27_active	80	5437	3290	795	688	1174	445	232	169	388	141	178	360	106	112	91	135	69	111	51	68	31	64	39	38	75	104	21	24	69	46	54	27	19	14	13	20	39	28	12	20	16	12	10	7	29	16	8	1	9	8	7	11	6	9	13	5	3	4	5	4	1	4	7	4	1	1	0	3	6	0	0	1	3	1	0	2	2	0	0	2	2	0	2	1	0	0	1	0	1	0	2	3	0	0	1	0	1	0	0	0	0	0	0	0	0	1	2	0	4	0	0	0	0	1	0	0	0	0	0	0	0	0	0	0	0	0	0	1	0	0	0	0	0	0	0	0	0	0	0	0	0	0	0	0	0
0.03	south28_all	80	8853	5419	1578	1261	1910	790	511	376	687	301	354	636	197	215	175	216	156	192	96	140	77	119	83	66	157	172	51	53	115	89	85	47	29	30	26	27	58	43	27	23	25	22	21	25	39	25	14	10	28	12	14	23	9	13	17	9	3	7	7	4	5	3	10	8	3	4	3	3	5	3	1	2	9	2	7	1	2	1	0	5	2	1	3	1	0	1	1	0	1	1	0	4	3	1	1	0	0	0	0	1	1	1	0	0	0	0	3	0	0	1	0	0	0	2	1	0	0	0	1	0	0	3	0	0	0	0	0	1	0	0	0	0	0	0	0	0	0	0	0	0	0	0	1	0	0
0.03	south28_active	80	5419	3417	807	692	1264	467	227	170	410	135	189	416	89	108	88	128	69	108	46	71	31	56	46	29	81	101	20	24	70	45	41	23	14	12	11	15	31	31	13	13	12	11	14	9	25	17	8	1	14	7	7	12	5	9	15	5	3	6	5	3	1	3	4	4	2	1	0	3	4	0	0	1	6	1	2	1	0	1	0	5	1	1	1	1	0	0	1	0	0	0	0	3	0	0	1	0	0	0	0	1	0	0	0	0	0	0	2	0	0	0	0	0	0	1	0	0	0	0	0	0	0	0	0	0	0	0	0	1	0	0	0	0	0	0	0	0	0	0	0	0	0	0	0	0	0
0.03	south29_all	80	8928	5381	1615	1270	2030	787	503	391	676	307	333	648	190	225	166	214	158	165	89	144	88	116	89	64	147	165	63	51	124	87	80	50	33	28	23	26	50	47	25	32	25	21	16	21	34	24	12	13	27	8	14	18	14	18	22	8	3	5	9	2	6	4	14	7	7	5	4	3	6	3	1	1	7	1	11	1	0	4	1	3	4	2	3	1	0	1	1	0	0	2	0	4	3	1	0	0	0	1	0	1	2	0	0	0	2	0	2	0	0	0	0	0	0	1	1	0	0	0	1	0	0	3	0	0	0	0	1	1	0	0	0	0	0	0	0	0	0	0	0	0	0	0	0	0	0
0.03	south29_active	80	5425	3370	830	689	1321	433	233	182	406	130	191	425	95	117	78	124	67	89	48	83	36	53	45	28	80	95	31	23	88	40	45	27	14	15	11	14	26	31	11	22	16	10	11	7	24	16	6	7	15	4	8	12	6	13	20	5	3	4	7	2	2	2	7	3	4	2	2	3	5	1	1	1	5	0	2	1	0	2	0	3	2	1	1	0	0	0	1	0	0	0	0	2	0	0	0	0	0	0	0	1	0	0	0	0	0	0	1	0	0	0	0	0	0	0	0	0	0	0	0	0	0	0	0	0	0	0	1	1	0	0	0	0	0	0	0	0	0	0	0	0	0	0	0	0	0
0.03	south30_all	80	8492	5064	1556	1243	1921	758	495	384	648	309	331	608	214	222	165	212	142	154	99	169	95	109	96	68	169	169	68	48	126	94	79	51	28	26	25	28	47	44	21	37	21	21	17	13	26	17	13	15	32	10	12	16	10	13	22	9	3	5	10	0	6	4	13	2	7	7	3	3	9	4	1	1	5	2	11	1	0	4	1	3	5	2	3	3	0	1	1	0	0	1	0	3	3	1	0	0	1	1	2	1	1	0	0	0	2	0	0	0	0	1	0	0	0	1	1	0	0	1	0	1	0	3	0	0	0	0	1	1	0	0	0	0	0	0	0	0	0	0	0	0	0	0	0	0	1
0.03	south30_active	80	5088	3152	784	678	1203	401	218	180	376	127	179	397	100	113	77	116	61	82	50	100	39	45	52	29	109	95	35	25	80	45	40	27	10	15	12	13	23	24	12	27	14	12	10	6	16	8	5	9	18	6	7	7	3	9	18	5	3	4	5	0	2	1	9	1	3	2	2	3	7	2	1	0	4	0	2	1	0	2	0	3	3	1	1	2	0	0	1	0	0	0	0	2	0	0	0	0	0	0	2	1	0	0	0	0	0	0	0	0	0	1	0	0	0	0	0	0	0	0	0	0	0	0	0	0	0	0	1	1	0	0	0	0	0	0	0	0	0	0	0	0	0	0	0	0	0
0.03	south31_all	80	8099	4910	1600	1261	1745	751	513	412	659	306	351	568	241	205	155	214	123	136	127	166	76	149	71	76	147	144	44	54	104	94	68	44	34	31	26	25	56	36	19	32	26	18	10	14	19	24	13	21	27	10	14	24	8	16	16	13	1	6	9	4	4	3	8	4	5	4	5	6	10	5	2	5	0	3	9	3	2	0	2	0	1	3	4	1	0	1	1	0	3	1	1	1	1	2	0	0	0	0	2	1	0	1	4	0	0	0	0	0	0	2	0	4	0	1	0	0	0	1	0	0	0	0	0	0	0	0	0	1	0	0	0	0	0	0	0	1	0	0	0	1	0	0	0	0	0
0.03	south31_active	80	4813	3037	804	668	1117	384	242	190	404	138	184	370	123	97	74	128	65	88	57	98	36	91	33	31	80	93	16	20	70	49	37	27	21	11	15	12	39	17	10	19	12	7	5	6	9	19	8	14	15	6	9	12	3	14	13	9	1	4	4	1	1	2	5	3	5	2	1	3	5	4	1	3	0	2	6	2	2	0	0	0	0	2	2	0	0	0	0	0	3	0	1	1	0	1	0	0	0	0	1	0	0	1	4	0	0	0	0	0	0	0	0	2	0	0	0	0	0	0	0	0	0	0	0	0	0	0	0	0	0	0	0	0	0	0	0	0	0	0	0	0	0	0	0	0	0
0.03	south32_all	80	8090	5000	1581	1231	1881	768	491	416	686	297	353	598	244	230	144	198	130	133	120	187	69	146	90	81	165	162	39	51	103	93	57	57	31	31	26	23	69	34	19	38	24	19	9	12	21	32	12	21	24	14	13	31	7	15	14	16	7	4	9	4	4	4	7	5	3	4	5	5	9	4	4	4	0	1	5	2	6	0	3	0	0	2	6	1	1	3	1	0	5	0	1	1	3	2	0	0	0	0	1	1	0	1	4	0	0	0	0	0	0	1	1	3	0	1	0	0	1	1	0	0	0	0	1	0	0	1	0	0	1	0	0	0	0	0	0	1	0	0	0	1	0	0	0	0	0
0.03	south32_active	80	4793	3095	799	637	1202	398	238	197	437	125	188	405	122	98	70	120	71	80	49	126	35	88	46	39	83	96	17	20	61	50	30	34	18	11	15	9	46	23	9	21	10	11	5	5	10	25	7	13	15	9	9	20	2	13	12	9	3	2	5	1	1	2	4	3	3	2	1	5	4	4	2	2	0	1	4	0	5	0	1	0	0	2	2	0	0	3	0	0	5	0	1	1	0	1	0	0	0	0	1	0	0	1	4	0	0	0	0	0	0	0	0	2	0	0	0	0	1	0	0	0	0	0	0	0	0	1	0	0	0	0	0	0	0	0	0	0	0	0	0	0	0	0	0	0	0
0.03	south33_all	80	8127	5058	1602	1233	1812	813	495	395	703	302	367	555	230	228	126	190	143	148	114	187	73	121	84	86	184	151	41	50	137	87	48	56	24	26	26	27	67	30	20	44	30	21	12	13	15	34	11	18	24	19	16	31	5	14	11	13	8	4	9	4	3	4	5	5	3	4	8	6	7	9	5	2	0	0	3	2	5	1	1	0	0	1	3	0	1	3	1	0	5	0	0	1	3	0	0	1	0	1	0	1	0	1	4	0	1	0	0	0	6	0	2	3	0	0	0	1	1	1	0	0	0	0	1	0	0	3	0	0	1	0	0	0	0	0	0	0	0	0	0	1	0	0	0	0	0
0.03	south33_active	80	4910	3169	807	653	1147	427	242	180	448	127	197	368	110	103	55	101	70	85	47	137	33	71	44	40	85	84	19	23	79	49	26	34	14	11	13	11	44	20	8	24	17	10	7	6	8	25	6	13	18	14	10	22	1	12	8	6	3	2	6	1	0	2	3	3	3	1	3	5	2	3	2	1	0	0	2	1	4	0	1	0	0	1	0	0	0	3	0	0	4	0	0	1	0	0	0	0	0	1	0	0	0	1	4	0	0	0	0	0	6	0	0	2	0	0	0	0	1	0	0	0	0	0	0	0	0	3	0	0	0	0	0	0	0	0	0	0	0	0	0	0	0	0	0	0	0
0.03	south34_all	80	7908	4895	1604	1228	1780	839	511	402	700	302	361	546	229	227	121	201	146	138	102	178	74	99	90	71	175	150	56	45	136	58	52	62	24	28	33	31	50	30	25	46	29	23	15	20	16	28	13	12	18	19	12	37	15	8	14	13	8	3	3	3	3	3	5	7	2	2	8	8	4	10	4	2	3	3	7	2	5	1	2	1	1	0	5	0	2	3	1	1	5	1	5	1	4	1	2	1	1	1	0	1	0	0	0	0	1	0	0	0	6	0	2	2	0	0	0	1	1	0	2	0	0	0	1	0	0	3	0	0	1	0	0	0	0	0	0	0	0	0	0	0	0	0	0	0	0
0.03	south34_active	80	4820	3066	798	671	1143	442	236	174	428	137	198	363	112	102	56	108	63	76	41	121	35	58	43	36	81	84	24	20	84	40	26	35	12	11	20	19	31	15	9	28	20	12	8	10	10	16	5	10	13	12	8	29	5	6	10	6	3	1	2	1	0	1	4	4	2	0	2	5	1	4	2	1	3	2	6	1	4	0	2	0	1	0	1	0	0	3	0	1	4	1	0	1	0	0	0	0	0	1	0	1	0	0	0	0	0	0	0	0	6	0	0	2	0	0	0	0	1	0	1	0	0	0	0	0	0	3	0	0	0	0	0	0	0	0	0	0	0	0	0	0	0	0	0	0	0
0.03	south35_all	80	8195	4961	1621	1229	1745	816	534	408	698	296	366	556	231	208	129	197	146	145	99	184	91	99	80	73	175	145	57	47	140	46	59	57	24	31	29	33	46	32	25	36	34	21	16	21	28	23	15	6	16	17	14	25	15	10	21	8	10	3	3	3	4	4	8	7	4	3	9	6	1	13	1	2	3	4	9	5	3	2	3	1	1	0	4	1	2	1	1	1	4	2	5	1	1	1	2	1	4	1	2	2	0	0	0	0	1	0	0	0	7	0	2	0	0	0	0	1	1	0	2	0	0	0	0	0	0	2	0	0	1	0	0	0	0	0	0	0	0	0	0	0	0	0	0	0	0
0.03	south35_active	80	5008	3073	795	681	1118	436	238	176	404	131	196	367	103	106	65	98	63	73	42	124	46	58	39	33	90	83	22	22	94	30	36	28	14	11	19	21	28	16	11	22	23	9	9	10	18	13	5	6	12	12	11	19	5	9	13	3	6	2	2	2	0	1	6	4	4	0	2	2	1	6	0	2	3	3	7	4	1	1	3	0	1	0	1	1	0	1	0	1	3	2	0	1	0	0	0	0	3	1	2	1	0	0	0	0	0	0	0	0	6	0	0	0	0	0	0	0	1	0	1	0	0	0	0	0	0	2	0	0	0	0	0	0	0	0	0	0	0	0	0	0	0	0	0	0	0
0.03	south36_all	80	8304	5094	1621	1302	1769	822	531	412	752	307	361	591	215	196	151	209	129	161	93	163	90	99	81	63	184	155	58	57	133	53	63	53	34	29	31	32	43	34	21	44	28	16	20	26	26	27	18	8	20	8	13	28	13	14	25	14	6	4	11	5	3	2	8	7	5	5	6	7	2	15	1	1	4	5	10	4	4	1	3	1	1	0	10	2	1	0	4	1	1	2	5	1	1	2	2	2	4	0	5	3	0	0	1	0	1	0	0	0	7	0	1	0	0	0	0	1	1	0	2	1	2	0	0	0	0	3	0	0	0	0	0	0	0	0	0	0	0	0	0	0	0	0	0	0	0
0.03	south36_active	80	5056	3217	798	735	1144	470	233	178	465	141	195	411	97	106	78	110	57	83	46	98	48	60	35	30	103	93	19	31	89	30	37	25	16	11	17	20	23	12	11	27	18	8	10	14	16	18	10	6	16	5	7	21	6	12	13	8	4	2	4	3	0	0	6	4	4	1	2	1	1	8	0	1	3	4	7	3	2	1	3	0	1	0	2	2	0	0	1	1	1	2	0	0	0	1	0	1	3	0	5	2	0	0	1	0	0	0	0	0	6	0	0	0	0	0	0	0	0	0	1	1	0	0	0	0	0	2	0	0	0	0	0	0	0	0	0	0	0	0	0	0	0	0	0	0	0
0.03	south37_all	80	8452	5148	1654	1301	1925	861	542	406	759	328	340	608	229	196	164	195	123	153	99	163	97	113	72	64	188	174	53	64	144	49	53	43	33	29	30	29	51	39	17	40	31	24	21	22	27	29	14	10	23	3	17	19	10	13	26	12	6	4	10	6	4	2	13	12	8	4	5	7	3	8	1	3	2	2	12	4	3	2	2	1	0	0	8	3	0	1	3	0	0	1	0	3	1	1	0	2	3	0	5	2	1	0	1	0	0	0	0	0	1	0	1	1	3	0	0	1	2	0	1	1	2	0	0	1	0	1	0	0	0	0	0	0	0	0	0	0	0	0	0	0	0	0	0	0	0
0.03	south37_active	80	5139	3265	840	728	1277	493	250	195	458	147	188	411	100	114	88	96	65	82	53	104	51	66	35	30	124	114	23	37	100	27	34	21	15	13	16	16	31	17	9	20	18	11	9	10	15	18	8	6	17	2	11	14	7	9	14	7	5	2	3	4	0	0	9	7	5	1	2	2	1	5	0	1	1	2	10	3	1	1	2	0	0	0	1	2	0	1	1	0	0	1	0	1	0	1	0	1	3	0	5	1	0	0	1	0	0	0	0	0	0	0	0	1	3	0	0	1	0	0	1	1	0	0	0	0	0	0	0	0	0	0	0	0	0	0	0	0	0	0	0	0	0	0	0	0	0
0.03	south38_all	80	8715	5246	1644	1321	1964	879	496	407	738	338	340	685	218	204	157	214	124	159	107	161	78	118	78	62	169	154	50	76	153	59	60	44	38	23	32	28	61	49	20	41	29	29	24	16	31	43	11	12	26	4	16	27	8	11	21	19	6	3	12	7	5	2	9	9	8	5	6	8	6	10	1	2	2	3	8	3	3	5	1	0	1	1	9	4	1	1	4	2	0	0	0	3	1	1	0	2	3	1	3	2	1	0	2	1	0	1	0	1	1	0	0	1	3	0	0	1	2	0	0	1	2	0	0	1	0	1	0	0	0	0	0	0	1	0	0	0	0	0	0	0	0	0	0	0	0
0.03	south38_active	80	5358	3315	855	708	1280	518	234	196	462	155	186	498	99	118	86	109	65	91	54	95	39	71	40	31	108	110	25	46	103	42	38	25	19	9	19	13	41	24	7	22	11	16	14	5	17	32	5	5	17	3	8	19	4	6	15	13	4	1	4	5	2	1	5	5	4	2	2	3	4	5	0	0	1	3	6	1	2	3	0	0	0	0	2	2	0	1	2	2	0	0	0	1	1	1	0	1	3	0	3	1	0	0	1	1	0	0	0	1	0	0	0	1	3	0	0	1	0	0	0	1	0	0	0	0	0	0	0	0	0	0	0	0	1	0	0	0	0	0	0	0	0	0	0	0	0
0.03	south39_all	80	8585	5263	1590	1274	1940	853	503	443	717	311	333	688	210	195	161	208	138	154	117	185	70	105	77	58	180	135	45	74	163	60	61	47	40	29	30	25	61	50	24	49	31	33	21	12	28	36	19	13	29	6	17	22	5	13	14	16	6	4	7	4	6	1	8	10	7	6	4	6	10	9	0	4	5	1	8	3	4	5	1	0	1	1	1	4	1	2	3	2	0	0	0	2	1	0	0	1	0	1	3	1	1	0	2	1	0	2	0	2	0	0	0	1	3	0	0	1	1	0	0	0	0	0	0	1	0	0	0	0	0	0	0	1	1	0	0	0	0	0	0	0	0	0	0	0	0
0.03	south39_active	80	5283	3346	806	679	1203	494	232	228	429	139	179	470	94	109	92	110	66	84	54	111	37	61	40	28	133	96	26	42	113	47	38	27	27	12	14	12	42	26	9	26	16	19	14	6	15	25	7	3	21	4	7	13	2	7	10	11	5	2	4	4	3	1	4	6	3	4	1	3	8	4	0	0	3	1	5	1	3	3	0	0	0	0	1	1	0	2	2	2	0	0	0	1	1	0	0	0	0	0	3	1	0	0	1	1	0	1	0	2	0	0	0	1	3	0	0	1	0	0	0	0	0	0	0	0	0	0	0	0	0	0	0	0	1	0	0	0	0	0	0	0	0	0	0	0	0
0.03	south40_all	80	8315	4956	1541	1209	1822	808	504	431	675	308	348	666	231	181	156	198	142	140	114	180	73	110	89	60	171	143	43	70	147	71	72	54	41	32	25	23	57	48	21	47	25	32	18	7	26	40	16	17	28	7	14	24	4	12	15	16	8	7	7	5	5	2	6	10	9	5	6	5	9	6	0	4	6	3	10	3	3	5	1	1	1	3	1	5	1	2	1	2	1	0	0	1	1	0	0	0	0	1	1	0	0	0	1	1	0	3	0	2	0	0	0	0	2	0	1	0	1	0	0	0	0	0	0	1	0	0	0	1	0	0	1	1	1	0	0	0	0	0	0	0	0	0	0	0	0
0.03	south40_active	80	5017	3051	755	618	1086	445	230	225	391	144	184	451	109	92	83	109	67	71	54	100	39	66	48	26	120	100	26	37	105	52	47	28	29	14	14	12	41	28	9	25	11	21	13	1	16	27	5	2	20	4	4	17	1	8	8	12	5	5	3	4	3	1	2	8	4	4	3	3	9	2	0	1	4	1	8	1	2	3	0	0	0	0	1	2	0	2	1	2	1	0	0	1	1	0	0	0	0	0	0	0	0	0	0	1	0	1	0	2	0	0	0	0	2	0	0	0	0	0	0	0	0	0	0	0	0	0	0	0	0	0	0	0	1	0	0	0	0	0	0	0	0	0	0	0	0
