label	Group	numOtus	Otu0	Otu1	Otu2	Otu3	Otu4	Otu5	Otu6	Otu7	Otu8	Otu9	Otu10	Otu11	Otu12	Otu13	Otu14	Otu15	Otu16	Otu17	Otu18	Otu19	Otu20	Otu21	Otu22	Otu23	Otu24	Otu25	Otu26	Otu27	Otu28	Otu29	Otu30	Otu31	Otu32	Otu33	Otu34	Otu35	Otu36	Otu37	Otu38	Otu39	Otu40	Otu41	Otu42	Otu43	Otu44	Otu45	Otu46	Otu47	Otu48	Otu49	Otu50	Otu51	Otu52	Otu53	Otu54	Otu55	Otu56	Otu57	Otu58	Otu59	Otu60	Otu61	Otu62	Otu63	Otu64	Otu65	Otu66	Otu67	Otu68	Otu69	Otu70	Otu71	Otu72	Otu73	Otu74	Otu75	Otu76	Otu77	Otu78	Otu79	Otu80	Otu81	Otu82	Otu83	Otu84	Otu85	Otu86	Otu87	Otu88	Otu89	Otu90	Otu91	Otu92	Otu93
0.03	north1_all	80	11792	2750	1824	1456	1050	1475	721	724	329	316	368	489	242	254	210	134	113	129	78	73	91	109	54	43	57	40	32	54	26	29	36	23	20	12	11	8	17	23	7	9	10	3	13	6	7	4	5	4	0	3	2	2	1	0	2	0	0	1	2	0	0	0	0	2	0	0	0	1	1	1	0	0	0	0	0	0	1	0	0	0	0	0	0	0	0	0	0	1	0	0	0	0	0	0
0.03	north1_active	80	7236	1270	868	761	530	922	378	435	167	159	206	335	138	130	105	69	66	72	43	31	51	65	29	19	36	25	15	33	17	20	25	15	9	5	4	3	12	16	5	7	3	2	8	3	4	2	1	2	0	0	2	1	1	0	0	0	0	1	2	0	0	0	0	1	0	0	0	0	0	0	0	0	0	0	0	0	0	0	0	0	0	0	0	0	0	0	0	1	0	0	0	0	0	0
0.03	north2_all	80	11404	2670	1767	1402	1005	1458	744	683	335	291	378	499	223	220	204	121	131	111	76	70	85	94	45	51	68	38	28	45	27	38	28	24	20	15	9	6	14	13	7	13	8	5	12	7	9	5	6	5	3	2	2	1	1	0	2	4	0	1	2	0	1	0	0	2	0	0	1	1	1	0	0	0	0	0	0	0	0	1	0	0	0	0	0	0	0	0	0	1	0	0	0	0	0	0
0.03	north2_active	80	6930	1216	840	754	506	918	392	413	169	149	207	345	113	128	101	61	72	64	38	31	48	48	21	24	44	23	10	27	17	30	21	17	7	9	6	3	8	10	3	7	3	5	8	4	6	2	0	3	1	0	2	1	1	0	0	0	0	1	2	0	0	0	0	1	0	0	0	0	0	0	0	0	0	0	0	0	0	0	0	0	0	0	0	0	0	0	0	1	0	0	0	0	0	0
0.03	north3_all	80	10898	2666	1730	1313	999	1319	716	696	345	268	327	470	224	229	195	117	139	104	76	54	86	99	49	54	61	43	27	48	20	32	24	21	14	11	7	6	7	4	8	13	11	7	7	11	9	5	5	6	3	3	1	2	1	1	2	4	0	2	3	0	1	0	0	2	0	0	1	0	0	0	0	0	0	1	0	0	0	1	0	0	0	0	0	0	0	0	0	0	0	0	0	0	0	0
0.03	north3_active	80	6616	1203	785	717	488	798	377	411	168	142	180	319	119	135	104	65	80	61	38	23	48	54	20	29	39	25	12	29	11	24	14	15	5	8	5	2	4	4	4	7	6	6	5	9	8	2	0	3	1	0	1	1	1	0	0	0	0	1	3	0	0	0	0	1	0	0	0	0	0	0	0	0	0	0	0	0	0	0	0	0	0	0	0	0	0	0	0	0	0	0	0	0	0	0
0.03	north4_all	80	11133	2709	1759	1323	1000	1370	747	703	345	275	325	473	221	258	213	123	144	105	76	61	86	102	37	50	59	46	29	50	27	29	26	19	19	14	5	9	7	3	14	14	10	15	3	11	4	4	2	4	4	1	0	2	0	1	1	4	0	2	1	0	3	0	2	0	0	0	1	0	0	0	1	0	0	1	0	0	1	1	0	0	0	0	0	0	0	0	0	0	0	0	0	0	0	0
0.03	north4_active	80	6768	1225	793	738	498	816	409	411	156	146	179	294	114	161	115	62	79	59	45	27	50	57	13	28	38	29	13	29	18	20	14	12	10	7	2	6	5	2	8	7	6	12	1	8	4	1	0	3	1	0	0	0	0	0	0	0	0	1	1	0	1	0	2	0	0	0	0	0	0	0	1	0	0	0	0	0	1	0	0	0	0	0	0	0	0	0	0	0	0	0	0	0	0	0
0.03	north5_all	80	11693	2738	1763	1445	1022	1444	738	708	356	286	304	527	244	258	227	140	142	114	72	57	89	103	40	46	56	51	28	60	23	33	18	10	17	10	7	9	13	7	12	12	15	17	4	12	5	4	2	4	2	1	0	3	1	1	0	0	0	1	1	0	2	1	2	0	0	0	0	0	0	0	1	0	0	1	0	0	1	0	0	0	0	0	0	0	0	0	0	0	0	0	0	0	0	0
0.03	north5_active	80	7215	1234	827	805	506	866	421	431	157	153	184	317	134	161	125	77	85	67	44	23	59	63	18	26	34	33	12	47	15	17	8	7	7	4	4	5	10	4	8	5	9	13	3	9	4	1	1	2	1	0	0	1	0	0	0	0	0	0	1	0	1	0	2	0	0	0	0	0	0	0	1	0	0	0	0	0	1	0	0	0	0	0	0	0	0	0	0	0	0	0	0	0	0	0
0.03	north6_all	80	12363	2816	1769	1508	1030	1623	772	709	335	311	359	553	258	268	223	151	127	121	79	62	105	108	46	49	63	53	30	63	25	29	21	12	18	14	7	17	14	13	11	8	13	14	6	9	7	2	4	1	1	4	1	4	1	2	5	0	0	1	2	3	2	1	2	0	0	0	0	0	0	1	1	0	0	1	1	0	1	0	0	0	0	0	0	0	0	0	0	0	0	0	0	0	0	0
0.03	north6_active	80	7780	1279	822	815	515	1024	445	420	142	169	212	343	145	165	120	83	82	70	45	26	68	66	22	28	42	32	14	49	13	11	12	6	8	5	5	8	10	8	8	5	9	11	5	6	6	0	2	0	0	3	0	2	0	1	4	0	0	0	2	2	1	0	2	0	0	0	0	0	0	0	1	0	0	0	1	0	1	0	0	0	0	0	0	0	0	0	0	0	0	0	0	0	0	0
0.03	north7_all	80	12957	2815	1812	1525	1033	1676	738	689	343	332	385	587	279	264	228	153	133	122	94	60	99	106	46	52	67	54	36	63	26	28	33	17	9	12	10	14	22	12	7	10	11	8	10	10	5	1	4	4	1	6	1	2	2	1	5	1	0	0	3	3	1	1	1	0	0	0	0	3	0	1	1	0	0	0	1	0	0	0	0	0	0	0	0	0	0	0	0	0	0	0	0	0	0	1
0.03	north7_active	80	8237	1282	864	799	510	1094	404	414	147	171	227	370	171	160	138	93	82	66	57	27	68	59	23	24	45	36	15	45	9	13	17	7	3	4	5	5	15	8	4	7	6	6	9	6	4	0	2	0	0	3	0	2	1	1	4	0	0	0	3	2	0	0	1	0	0	0	0	3	0	0	1	0	0	0	1	0	0	0	0	0	0	0	0	0	0	0	0	0	0	0	0	0	0	1
0.03	north8_all	80	12948	2853	1806	1488	1001	1709	737	723	304	344	393	542	275	256	203	143	141	120	100	56	93	110	53	48	69	48	33	43	26	29	35	19	6	9	11	17	16	10	10	21	6	6	8	8	4	3	4	7	1	6	2	1	5	2	5	2	0	0	3	4	0	1	0	1	0	0	1	3	1	1	0	0	0	0	1	0	0	0	0	0	0	0	0	0	0	0	0	0	0	0	0	0	0	1
0.03	north8_active	80	8189	1310	871	775	509	1115	404	408	135	189	223	365	162	156	127	84	85	66	64	30	65	71	28	24	47	33	15	30	10	15	17	7	1	3	6	5	12	5	5	17	3	5	7	6	4	1	2	2	0	3	1	1	2	1	4	0	0	0	3	3	0	0	0	0	0	0	0	3	1	0	0	0	0	0	1	0	0	0	0	0	0	0	0	0	0	0	0	0	0	0	0	0	0	1
0.03	north9_all	80	12946	2825	1890	1460	1012	1700	705	758	314	357	414	537	252	257	217	156	147	128	94	55	85	117	49	53	60	40	36	38	28	28	34	16	9	10	9	11	18	9	16	21	6	5	13	12	2	3	4	7	2	3	2	0	5	4	2	2	0	0	5	3	0	0	0	1	1	0	1	3	2	1	0	0	0	0	1	0	0	0	0	0	0	0	0	0	0	0	0	0	0	0	0	0	0	1
0.03	north9_active	80	8164	1316	904	749	520	1119	370	422	139	193	240	367	141	153	137	92	80	69	61	29	61	90	22	27	40	29	13	24	14	15	17	5	4	5	4	3	13	2	6	16	4	4	9	9	2	2	2	2	0	0	1	0	2	2	1	0	0	0	3	3	0	0	0	0	1	0	0	3	2	0	0	0	0	0	1	0	0	0	0	0	0	0	0	0	0	0	0	0	0	0	0	0	0	1
0.03	north10_all	80	13035	2743	1910	1530	1023	1732	717	796	334	360	427	528	240	260	230	138	146	131	85	56	93	128	54	63	63	40	27	38	29	44	33	16	13	13	10	14	20	17	15	16	10	7	8	9	3	5	3	5	1	2	2	2	4	4	1	2	0	0	4	3	0	0	0	1	1	1	1	0	2	0	1	0	0	0	0	0	0	0	0	0	0	0	0	0	1	0	0	0	0	0	0	0	0	0
0.03	north10_active	80	8165	1276	926	800	543	1143	386	441	142	190	256	371	135	142	133	76	76	74	48	29	66	103	24	39	45	26	12	26	18	26	16	9	5	8	5	6	15	8	4	13	7	5	5	8	2	3	2	3	0	0	1	2	1	2	1	1	0	0	2	1	0	0	0	0	1	1	0	0	2	0	1	0	0	0	0	0	0	0	0	0	0	0	0	0	0	0	0	0	0	0	0	0	0	0
0.03	north11_all	80	11320	2661	1742	1391	968	1414	692	708	356	270	337	473	219	211	209	144	129	157	84	69	95	102	52	54	55	44	21	38	21	37	37	13	11	11	17	9	19	4	9	19	9	8	3	9	6	3	3	3	3	3	3	1	1	6	1	0	1	4	1	1	1	0	0	0	0	0	2	1	0	0	0	1	0	0	0	2	0	0	0	0	0	1	0	0	0	0	0	0	0	0	0	4	0	0
0.03	north11_active	80	6981	1203	815	709	498	881	374	418	170	120	210	293	125	117	117	80	79	93	41	36	56	66	25	25	30	24	11	21	10	23	21	3	5	10	10	6	15	1	6	15	5	4	0	6	4	2	1	2	2	0	2	0	1	4	0	0	0	3	0	1	0	0	0	0	0	0	1	0	0	0	0	1	0	0	0	1	0	0	0	0	0	0	0	0	0	0	0	0	0	0	0	4	0	0
0.03	north12_all	80	10681	2599	1745	1349	943	1355	680	669	338	281	311	495	213	199	213	133	131	149	71	75	103	102	48	43	64	47	32	34	27	38	27	13	9	7	12	9	19	7	9	21	6	8	3	8	6	3	3	2	2	2	3	0	0	4	3	0	2	3	2	0	1	0	0	0	0	0	0	1	1	0	0	1	0	0	0	1	0	0	0	0	0	1	1	0	0	0	0	0	0	0	0	4	0	0
0.03	north12_active	80	6466	1138	793	703	456	845	359	397	164	130	181	329	119	118	125	71	80	91	39	44	64	68	25	19	43	21	17	16	16	22	18	3	5	6	9	5	14	3	4	15	3	3	0	4	3	2	1	1	1	0	2	0	0	2	1	0	1	3	0	0	0	0	0	0	0	0	0	0	1	0	0	1	0	0	0	1	0	0	0	0	0	0	0	0	0	0	0	0	0	0	0	4	0	0
0.03	north13_all	80	10790	2602	1683	1324	916	1365	692	687	332	280	308	471	205	197	215	128	109	137	69	73	92	112	45	34	66	40	30	48	24	36	20	11	12	2	13	12	17	11	12	18	9	12	7	7	7	6	1	3	2	1	3	1	0	2	4	0	2	2	2	0	2	0	0	0	0	0	0	1	1	0	0	1	0	0	0	0	0	0	1	0	0	0	1	0	0	0	0	0	0	0	0	0	0	0
0.03	north13_active	80	6538	1160	772	691	449	817	361	412	173	131	177	301	106	119	133	67	61	76	37	40	58	77	24	15	47	23	15	25	13	17	16	4	6	1	7	7	11	5	6	11	4	7	2	2	4	4	0	1	1	0	1	1	0	2	3	0	1	2	0	0	0	0	0	0	0	0	0	0	1	0	0	1	0	0	0	0	0	0	1	0	0	0	0	0	0	0	0	0	0	0	0	0	0	0
0.03	north14_all	80	11009	2612	1688	1373	932	1340	711	717	328	288	334	471	212	214	220	121	122	134	82	67	91	107	39	37	59	51	30	56	25	33	16	12	15	7	11	14	20	16	10	10	5	12	6	8	8	7	1	3	0	1	2	3	1	1	4	0	2	3	3	0	2	0	0	0	2	0	0	1	1	0	0	0	0	0	0	0	0	0	1	0	0	0	1	0	0	0	0	0	0	0	0	0	0	0
0.03	north14_active	80	6626	1211	777	707	444	818	369	408	159	129	191	293	109	138	127	58	73	78	40	35	57	69	21	17	44	26	16	33	11	17	11	8	8	2	5	8	12	10	5	4	2	6	3	2	4	4	1	0	0	0	0	2	0	1	3	0	1	2	1	0	0	0	0	0	2	0	0	0	1	0	0	0	0	0	0	0	0	0	1	0	0	0	0	0	0	0	0	0	0	0	0	0	0	0
0.03	north15_all	80	11689	2684	1732	1402	946	1474	729	721	338	295	368	488	225	207	197	135	128	134	79	61	94	97	43	41	58	45	27	51	35	32	27	15	21	9	12	14	20	22	8	8	6	14	6	8	8	4	1	3	0	1	2	3	2	1	4	2	1	1	3	0	3	0	0	0	3	0	0	1	0	0	0	0	0	0	0	0	0	0	1	0	0	0	1	0	0	0	0	0	0	0	0	0	0	0
0.03	north15_active	80	7136	1253	794	730	485	921	376	401	161	127	215	286	117	125	109	60	80	82	40	30	59	57	23	22	39	21	12	28	13	16	20	9	10	2	6	7	15	14	5	3	2	8	3	3	6	2	1	1	0	1	0	2	0	1	4	0	0	0	1	0	2	0	0	0	2	0	0	0	0	0	0	0	0	0	0	0	0	0	1	0	0	0	0	0	0	0	0	0	0	0	0	0	0	0
0.03	north16_all	80	12365	2719	1747	1441	1039	1651	756	742	337	296	403	505	249	237	221	135	142	155	84	56	108	88	48	52	63	53	23	57	34	35	34	14	18	13	11	13	18	19	5	8	5	18	2	5	9	2	1	3	0	1	2	3	2	2	2	2	0	1	1	0	2	0	1	0	4	0	0	1	0	0	0	1	3	0	0	0	0	0	1	0	0	0	0	0	0	0	0	1	0	0	0	0	0	0
0.03	north16_active	80	7597	1287	823	778	541	1084	403	429	155	130	243	299	145	140	129	61	74	99	52	26	66	54	26	31	42	22	12	36	11	21	24	6	9	5	8	8	14	13	4	3	2	8	1	3	6	1	1	1	0	1	0	2	0	1	2	0	0	0	1	0	2	0	0	0	2	0	0	0	0	0	0	1	3	0	0	0	0	0	1	0	0	0	0	0	0	0	0	1	0	0	0	0	0	0
0.03	north17_all	80	12933	2781	1794	1449	1101	1712	762	773	335	278	415	591	267	244	238	143	130	150	85	53	105	83	56	50	69	50	22	48	36	45	36	20	18	15	10	12	19	20	6	8	6	15	4	4	6	1	5	2	1	4	0	2	1	2	2	2	0	0	0	0	2	0	1	0	2	0	0	1	0	0	0	1	3	0	0	0	0	0	0	0	0	0	0	0	0	0	0	1	0	0	0	0	0	0
0.03	north17_active	80	8025	1295	836	776	582	1114	406	462	153	126	259	365	158	144	141	73	71	94	54	24	74	51	30	35	41	22	11	28	18	28	24	6	11	5	6	6	17	13	5	3	5	7	3	3	4	1	2	1	1	4	0	1	0	1	2	0	0	0	0	0	2	0	0	0	0	0	0	0	0	0	0	1	3	0	0	0	0	0	0	0	0	0	0	0	0	0	0	1	0	0	0	0	0	0
0.03	north18_all	80	13089	2837	1772	1465	1131	1771	788	784	312	288	415	539	237	248	231	154	122	155	94	55	92	109	64	49	78	45	22	41	35	50	32	19	17	11	9	13	29	14	8	15	6	18	7	2	11	1	5	6	1	4	0	2	1	2	1	1	0	1	0	2	0	1	1	0	1	0	0	0	0	0	0	1	3	0	0	0	0	0	0	0	0	0	0	0	0	0	0	1	0	0	0	0	0	0
0.03	north18_active	80	8211	1331	850	772	583	1163	430	474	137	125	258	352	135	139	140	87	64	101	62	22	59	66	31	36	51	21	12	23	20	35	18	6	10	5	6	11	26	6	6	9	6	8	5	1	9	1	2	0	1	3	0	2	0	1	1	0	0	1	0	0	0	0	0	0	0	0	0	0	0	0	0	1	3	0	0	0	0	0	0	0	0	0	0	0	0	0	0	1	0	0	0	0	0	0
0.03	north19_all	80	13199	2875	1824	1485	1079	1705	755	807	313	277	401	532	229	240	250	135	125	134	93	50	87	120	57	49	73	39	23	45	29	60	32	13	12	11	12	12	34	16	6	17	5	13	9	2	10	2	5	10	2	5	1	6	1	3	1	1	0	1	1	2	0	1	0	0	0	0	0	0	0	0	0	1	3	0	0	0	0	1	0	0	0	0	0	0	0	0	0	1	0	0	0	0	0	0
0.03	north19_active	80	8334	1364	896	766	557	1117	425	488	139	131	245	348	118	133	162	79	66	80	52	21	53	74	28	34	44	18	14	28	19	46	19	5	6	5	6	10	26	9	4	10	5	9	7	1	9	1	2	2	1	3	1	3	0	1	1	0	0	1	0	0	0	0	0	0	0	0	0	0	0	0	0	1	3	0	0	0	0	1	0	0	0	0	0	0	0	0	0	1	0	0	0	0	0	0
0.03	north20_all	80	13238	2853	1867	1509	1035	1713	718	786	304	289	418	498	232	255	228	143	133	133	100	61	98	123	48	50	83	42	24	69	29	55	24	19	9	11	14	13	34	13	6	19	4	10	8	3	10	4	4	11	1	4	3	5	1	2	1	1	0	2	1	2	0	2	0	0	0	1	0	0	0	1	0	0	0	0	0	0	0	1	3	0	0	0	0	0	0	0	0	0	0	0	0	0	0	0
0.03	north20_active	80	8371	1339	906	778	511	1125	413	470	137	143	256	338	120	151	142	83	71	83	55	21	55	63	20	34	53	21	14	39	15	42	14	11	3	7	8	9	25	7	5	13	4	6	6	0	9	1	2	2	0	2	1	2	0	0	0	0	0	1	0	0	0	1	0	0	0	0	0	0	0	0	0	0	0	0	0	0	0	1	3	0	0	0	0	0	0	0	0	0	0	0	0	0	0	0
0.03	south21_all	80	11522	2640	1661	1371	979	1492	710	698	327	308	374	443	225	230	218	150	139	115	79	60	85	91	56	30	56	48	31	39	25	21	21	29	11	5	10	10	22	21	5	15	5	9	9	5	8	4	2	7	4	2	2	2	0	0	1	0	2	0	1	0	1	0	4	1	0	0	0	4	0	1	0	0	2	1	0	1	1	0	1	0	0	0	0	0	0	0	0	0	0	0	0	0	0	0
0.03	south21_active	80	7030	1188	774	717	469	961	401	408	135	128	222	262	112	125	141	76	76	66	40	28	54	52	29	14	27	22	14	18	14	12	10	11	4	2	4	3	19	17	4	5	4	5	7	1	5	3	2	4	1	2	1	0	0	0	1	0	1	0	0	0	1	0	2	0	0	0	0	4	0	1	0	0	2	0	0	1	0	0	1	0	0	0	0	0	0	0	0	0	0	0	0	0	0	0
0.03	south22_all	80	11906	2750	1669	1417	993	1513	752	743	342	350	372	489	214	224	221	154	145	109	79	67	105	92	72	34	51	43	26	45	31	26	22	29	17	5	7	9	23	18	10	12	5	11	9	9	9	3	1	8	5	5	1	2	1	0	3	2	2	0	1	0	2	0	3	0	0	0	1	4	0	0	0	0	0	1	0	0	1	0	1	0	0	0	0	0	0	0	0	0	0	0	0	0	0	0
0.03	south22_active	80	7381	1287	789	750	482	996	433	442	140	152	233	292	110	113	136	89	89	56	35	27	66	51	40	15	29	24	12	24	20	16	13	9	5	2	3	4	20	12	8	6	3	6	7	2	6	2	1	5	1	3	1	0	0	0	0	1	1	0	0	0	2	0	2	0	0	0	1	4	0	0	0	0	0	0	0	0	0	0	1	0	0	0	0	0	0	0	0	0	0	0	0	0	0	0
0.03	south23_all	80	12478	2820	1704	1450	994	1537	743	802	349	333	403	556	204	239	212	154	166	110	69	64	105	100	76	33	56	43	26	61	28	21	39	24	22	5	8	10	29	13	11	12	3	7	11	12	10	3	3	6	4	3	2	2	3	0	3	2	0	2	2	0	2	0	3	0	0	0	2	0	0	1	0	0	0	1	0	0	1	0	1	0	0	0	0	0	0	0	1	0	0	0	0	0	0	0
0.03	south23_active	80	7796	1301	811	766	505	980	434	490	141	149	250	357	98	131	124	85	103	52	28	25	59	55	45	18	40	23	13	41	18	10	22	7	8	2	4	5	21	11	9	6	1	4	7	4	6	2	2	2	1	1	2	0	2	0	0	1	0	2	0	0	2	0	2	0	0	0	2	0	0	1	0	0	0	1	0	0	0	0	1	0	0	0	0	0	0	0	1	0	0	0	0	0	0	0
0.03	south24_all	80	12695	2840	1735	1481	980	1574	784	877	340	334	374	599	240	261	199	151	153	114	71	73	110	110	75	40	66	37	25	67	26	32	49	16	18	9	12	13	25	9	10	5	3	8	7	13	6	3	2	5	2	4	3	1	3	0	4	2	2	2	2	1	1	0	3	0	0	0	2	3	0	1	0	0	0	1	0	0	0	0	1	0	0	0	0	0	0	0	1	0	0	0	0	0	0	0
0.03	south24_active	80	7967	1279	855	788	496	1017	448	531	146	153	226	394	120	155	115	82	94	59	30	30	64	62	45	20	50	20	10	50	13	16	22	6	8	4	6	6	15	7	7	2	2	4	3	6	4	1	1	2	1	1	2	0	2	0	1	1	2	2	0	1	1	0	3	0	0	0	2	3	0	1	0	0	0	1	0	0	0	0	1	0	0	0	0	0	0	0	1	0	0	0	0	0	0	0
0.03	south25_all	80	12816	2820	1796	1524	1017	1679	765	895	314	311	395	585	251	271	191	157	139	142	84	73	96	133	69	48	73	51	30	66	22	29	51	13	19	8	11	16	27	7	8	7	10	7	9	11	6	4	3	5	1	2	4	2	5	0	1	1	2	3	1	1	0	1	1	0	0	0	1	3	0	1	0	0	0	1	0	1	0	3	0	0	0	0	0	0	0	1	1	0	0	0	0	0	0	0
0.03	south25_active	80	7957	1264	883	808	525	1099	429	546	144	150	243	376	125	176	120	81	89	90	39	32	56	79	38	25	52	30	14	53	8	11	25	8	7	3	6	7	13	7	4	2	8	2	5	6	4	2	1	1	0	0	2	1	2	0	1	1	2	3	0	1	0	1	1	0	0	0	1	3	0	1	0	0	0	1	0	0	0	3	0	0	0	0	0	0	0	0	1	0	0	0	0	0	0	0
0.03	south26_all	80	12712	2859	1820	1490	1066	1692	747	876	327	290	414	558	275	268	217	160	150	166	82	74	83	135	60	53	62	42	26	77	17	38	42	13	17	11	13	17	18	6	6	9	12	8	9	9	7	3	3	5	1	2	4	2	6	3	1	3	4	7	3	1	0	1	1	0	0	1	2	3	0	0	1	1	0	1	0	1	0	3	0	1	0	0	0	0	0	1	0	0	0	0	0	0	0	0
0.03	south26_active	80	7899	1296	885	792	546	1112	430	535	161	146	257	367	147	169	132	81	95	105	47	34	51	84	32	26	41	25	12	59	7	21	15	9	7	2	5	9	8	5	1	3	10	3	6	5	4	1	0	2	0	0	1	1	3	1	1	3	4	6	0	1	0	1	1	0	0	0	1	3	0	0	0	0	0	1	0	0	0	3	0	1	0	0	0	0	0	0	0	0	0	0	0	0	0	0
0.03	south27_all	80	12758	2908	1867	1481	1063	1686	760	863	316	291	379	514	282	255	214	165	154	155	95	59	92	138	56	58	50	56	20	78	19	37	35	19	17	8	17	13	28	8	10	15	12	5	13	9	6	2	3	3	1	3	4	2	4	3	1	3	4	7	2	0	1	1	1	0	0	1	1	1	0	0	1	1	0	0	0	1	0	3	0	1	0	0	0	0	0	1	0	0	0	1	0	0	0	0
0.03	south27_active	80	7923	1358	882	765	574	1145	448	541	139	158	230	333	160	152	124	92	94	98	54	26	61	85	29	26	29	32	10	58	9	21	15	11	6	1	7	6	18	2	1	10	10	1	7	5	3	1	0	1	0	0	1	1	1	1	1	3	4	6	0	0	1	1	1	0	0	0	0	0	0	0	0	0	0	0	0	0	0	3	0	1	0	0	0	0	0	0	0	0	0	1	0	0	0	0
0.03	south28_all	80	12730	2892	1831	1507	1008	1638	751	808	339	298	388	542	276	261	239	154	143	144	94	59	101	122	47	55	54	50	26	78	18	29	31	26	16	9	15	7	25	15	10	16	8	6	12	5	5	1	2	1	2	3	5	2	3	3	1	4	2	8	2	0	1	1	0	1	0	1	1	1	0	0	1	1	0	0	0	1	0	0	0	1	0	0	0	0	0	1	0	0	1	1	0	0	0	0
0.03	south28_active	80	7941	1368	864	801	524	1078	437	489	161	152	230	361	157	148	144	79	76	80	51	22	62	83	27	27	35	29	12	56	11	17	14	14	8	1	7	5	16	5	1	13	8	4	8	2	2	1	0	1	1	1	2	2	2	1	1	3	2	6	0	0	1	1	0	0	0	0	0	0	0	0	0	0	0	0	0	0	0	0	0	1	0	0	0	0	0	0	0	0	1	1	0	0	0	0
0.03	south29_all	80	12494	2845	1780	1503	973	1575	726	804	346	307	352	533	235	274	238	144	135	140	84	63	104	122	54	60	61	57	30	67	21	30	29	31	17	8	13	4	23	20	10	19	4	4	8	8	5	2	1	1	2	5	3	3	2	1	2	3	0	7	0	0	2	0	0	1	0	0	1	1	0	1	0	2	0	0	0	1	0	0	0	1	1	0	0	0	0	0	0	0	1	1	0	0	0	0
0.03	south29_active	80	7792	1295	843	793	495	1013	396	479	157	153	203	343	132	172	156	70	72	82	44	24	64	81	36	28	38	33	13	49	12	15	12	18	9	2	8	3	16	9	3	17	4	3	4	5	1	1	0	1	2	2	1	3	1	1	2	2	0	5	0	0	2	0	0	0	0	0	0	0	0	1	0	2	0	0	0	0	0	0	0	1	0	0	0	0	0	0	0	0	1	1	0	0	0	0
0.03	south30_all	80	12018	2757	1701	1479	982	1535	688	787	379	314	335	522	242	276	245	131	122	149	76	59	87	101	44	56	61	49	29	58	24	33	28	29	18	11	13	6	15	17	9	18	3	9	8	6	7	2	1	0	2	5	3	3	3	0	1	1	0	2	2	0	1	2	0	1	0	0	0	0	0	1	0	2	0	0	0	1	0	0	0	0	1	0	0	0	0	0	0	0	1	0	0	0	0	0
0.03	south30_active	80	7461	1237	781	783	480	979	350	457	175	148	198	335	135	162	154	57	67	83	39	23	48	69	28	28	36	24	11	39	13	18	12	16	6	5	9	3	11	11	3	16	2	5	4	4	1	1	1	0	2	2	2	3	1	0	1	0	0	1	2	0	1	0	0	0	0	0	0	0	0	1	0	2	0	0	0	0	0	0	0	0	0	0	0	0	0	0	0	0	1	0	0	0	0	0
0.03	south31_all	80	11934	2779	1724	1458	1020	1660	734	739	309	329	427	441	207	211	209	138	144	99	75	45	100	137	42	46	62	44	17	42	22	33	31	17	8	9	10	13	23	11	5	14	7	8	11	5	10	5	4	1	1	2	2	0	2	3	0	2	2	1	4	1	2	2	0	0	0	0	0	1	0	1	0	0	0	0	0	1	0	0	0	0	0	0	0	0	0	0	0	0	0	1	0	0	0	0
0.03	south31_active	80	7432	1300	832	778	523	1033	422	439	146	165	230	267	129	130	132	75	69	51	34	29	60	90	19	20	31	26	7	25	12	13	18	14	1	1	6	8	17	8	2	8	1	1	7	3	6	2	2	1	0	1	0	0	1	2	0	1	1	1	0	1	1	0	0	0	0	0	0	0	0	1	0	0	0	0	0	1	0	0	0	0	0	0	0	0	0	0	0	0	0	0	0	0	0	0
0.03	south32_all	80	12427	2849	1823	1475	1037	1780	791	787	324	333	426	493	232	225	231	136	145	111	78	48	98	151	48	50	71	43	18	40	28	42	36	16	9	10	8	21	26	11	5	15	6	8	12	6	8	5	7	4	2	2	0	0	3	2	0	3	3	0	3	1	2	2	0	0	0	0	0	1	0	0	0	0	0	0	0	1	0	0	0	0	0	0	0	0	0	0	0	0	0	1	0	0	0	0
0.03	south32_active	80	7827	1325	886	810	536	1136	461	465	138	163	234	307	148	138	141	78	77	58	32	27	61	97	26	25	30	26	7	26	15	18	18	12	3	2	5	13	15	8	2	10	3	2	8	3	5	2	3	4	0	0	0	0	1	2	0	1	1	0	0	1	1	0	0	0	0	0	0	0	0	0	0	0	0	0	0	1	0	0	0	0	0	0	0	0	0	0	0	0	0	0	0	0	0	0
0.03	south33_all	80	12470	2840	1825	1512	1067	1753	823	798	332	282	424	489	245	233	224	135	138	119	88	52	88	167	45	48	63	49	14	43	32	36	39	13	7	11	7	22	32	9	7	10	3	11	8	10	8	3	5	3	3	2	1	0	4	2	1	1	3	1	4	1	2	1	0	0	0	0	0	1	1	0	0	0	0	0	0	0	0	0	0	0	0	0	0	0	0	0	0	0	0	1	0	0	0	0
0.03	south33_active	80	7867	1339	876	851	554	1121	483	476	156	140	231	327	143	144	138	72	77	67	28	21	53	108	26	30	30	33	8	23	13	21	21	11	3	3	5	14	18	5	4	4	3	5	7	7	5	1	1	3	0	0	1	0	2	2	0	0	1	0	0	1	1	0	0	0	0	0	0	0	1	0	0	0	0	0	0	0	0	0	0	0	0	0	0	0	0	0	0	0	0	0	0	0	0	0
0.03	south34_all	80	12600	2843	1797	1507	1037	1699	823	797	318	293	381	522	233	244	228	142	127	126	105	58	77	143	43	51	72	58	17	45	34	37	37	14	7	13	6	21	24	8	5	11	5	15	6	6	4	1	3	7	3	4	2	1	4	3	5	2	2	1	1	2	1	0	0	0	1	0	0	1	1	0	0	0	0	0	7	0	0	0	0	0	0	0	0	0	0	0	0	0	0	0	0	0	0	0
0.03	south34_active	80	7936	1330	839	821	515	1104	474	490	150	141	201	325	133	146	134	69	72	69	36	23	41	81	27	32	42	41	10	26	13	23	21	8	4	6	3	14	11	3	4	5	3	7	5	5	2	0	1	7	0	1	1	1	2	3	4	1	0	0	0	2	1	0	0	0	0	0	0	1	1	0	0	0	0	0	7	0	0	0	0	0	0	0	0	0	0	0	0	0	0	0	0	0	0	0
0.03	south35_all	80	12628	2861	1750	1484	1026	1663	765	798	343	288	395	569	231	248	233	143	134	133	97	63	72	145	40	46	69	62	21	47	40	46	40	13	8	12	9	17	29	11	3	11	6	12	5	5	6	2	3	8	3	3	3	1	3	1	6	2	1	2	1	1	2	1	0	0	1	0	0	2	2	0	0	0	0	1	7	0	0	0	0	0	0	0	0	0	0	0	0	0	0	0	0	0	0	0
0.03	south35_active	80	7942	1316	797	790	513	1097	446	489	152	139	208	373	127	148	137	65	77	78	41	27	41	82	24	28	41	44	12	23	19	34	23	6	4	6	4	10	11	4	3	6	2	7	4	4	4	0	1	7	0	1	2	1	1	1	4	1	0	1	0	1	1	0	0	0	0	0	0	1	1	0	0	0	0	0	7	0	0	0	0	0	0	0	0	0	0	0	0	0	0	0	0	0	0	0
0.03	south36_all	80	12681	2867	1734	1510	991	1686	708	790	365	311	384	595	232	258	241	139	144	140	99	62	90	135	46	43	74	64	27	48	34	50	30	15	8	8	11	11	27	9	9	22	6	14	8	3	4	3	4	8	1	6	2	1	3	1	8	4	1	2	0	1	1	1	0	0	1	0	0	2	1	0	1	0	0	1	7	0	0	0	0	0	0	0	0	0	0	0	0	0	0	0	0	0	0	0
0.03	south36_active	80	7997	1289	797	797	485	1119	410	483	155	157	208	392	134	152	149	66	79	73	50	27	53	82	25	23	41	49	14	26	20	37	18	6	5	6	2	5	10	4	5	15	1	8	4	1	2	0	1	4	0	2	1	1	1	1	4	3	0	1	0	1	0	0	0	0	0	0	0	1	0	0	1	0	0	0	7	0	0	0	0	0	0	0	0	0	0	0	0	0	0	0	0	0	0	0
0.03	south37_all	80	12674	2843	1725	1552	1000	1762	688	753	385	316	363	636	236	261	248	144	147	137	100	54	91	140	43	49	65	54	26	42	32	54	31	13	12	8	15	8	24	9	11	28	6	7	7	7	8	5	5	11	1	7	2	1	1	1	4	3	0	3	1	0	1	1	0	0	0	1	0	1	2	0	1	0	0	1	0	0	0	0	0	0	0	0	0	1	0	0	0	0	0	0	0	0	1	0
0.03	south37_active	80	7949	1265	806	814	519	1157	415	449	159	159	191	456	143	155	162	75	84	74	52	26	62	86	22	26	36	38	11	21	21	39	18	5	6	6	5	5	9	4	6	19	2	3	3	1	6	1	2	7	0	3	1	1	0	0	1	2	0	2	0	0	0	0	0	0	0	1	0	0	0	0	1	0	0	0	0	0	0	0	0	0	0	0	0	1	0	0	0	0	0	0	0	0	0	0
0.03	south38_all	80	12727	2815	1784	1604	1009	1776	747	788	385	310	374	626	251	277	243	151	142	140	98	54	102	139	48	45	60	41	28	49	29	44	38	14	13	8	14	6	26	10	15	25	6	8	6	8	12	4	4	9	3	8	0	0	2	6	4	3	0	2	3	1	0	0	0	0	0	1	0	0	2	0	1	0	0	1	0	0	0	0	0	0	0	0	0	1	0	0	1	0	0	0	1	0	1	0
0.03	south38_active	80	7896	1253	860	860	528	1154	448	488	161	146	216	452	155	181	163	76	83	77	54	25	76	76	27	27	36	26	17	34	19	31	30	4	6	6	6	4	11	6	10	17	3	4	2	2	9	1	2	5	2	3	0	0	2	5	1	2	0	1	2	0	0	0	0	0	0	1	0	0	0	0	1	0	0	1	0	0	0	0	0	0	0	0	0	1	0	0	1	0	0	0	0	0	0	0
0.03	south39_all	80	12706	2813	1798	1560	1032	1737	730	793	355	339	400	579	260	282	219	157	135	142	97	54	90	140	47	60	49	29	31	58	33	32	46	15	13	11	14	5	16	19	13	19	5	6	5	11	10	4	1	6	2	7	0	1	2	9	1	4	0	2	3	1	0	1	0	0	0	1	1	1	1	0	0	0	0	1	0	0	0	0	0	0	0	0	0	1	0	0	1	0	0	0	1	0	1	0
0.03	south39_active	80	7922	1290	874	830	548	1102	431	483	153	165	242	419	147	182	143	81	83	85	53	27	67	77	29	40	31	15	19	45	20	19	37	6	4	9	8	3	9	11	10	12	3	4	3	4	9	1	1	6	2	3	0	1	2	7	1	2	0	1	2	0	0	0	0	0	0	1	1	1	0	0	0	0	0	1	0	0	0	0	0	0	0	0	0	1	0	0	1	0	0	0	0	0	0	0
0.03	south40_all	80	12009	2723	1791	1492	1001	1611	739	770	335	351	390	583	236	252	194	141	135	144	89	59	95	139	50	54	55	22	32	56	31	21	47	22	6	12	10	6	24	19	9	6	5	4	5	9	8	1	2	2	2	3	1	1	2	8	1	2	0	0	5	1	0	1	0	1	0	0	1	1	1	0	2	0	0	1	0	0	0	0	0	0	0	1	0	1	0	0	1	0	0	0	1	0	1	0
0.03	south40_active	80	7430	1255	853	789	512	1018	415	487	145	181	246	404	133	153	125	72	86	88	51	27	69	78	28	34	36	7	18	46	14	12	37	11	1	8	8	4	11	12	9	3	4	2	3	4	7	0	2	2	2	1	0	1	2	7	1	0	0	0	2	0	0	0	0	1	0	0	1	1	0	0	2	0	0	1	0	0	0	0	0	0	0	0	0	1	0	0	1	0	0	0	0	0	0	0
