label	Group	numOtus	Otu0	Otu1	Otu2	Otu3	Otu4	Otu5	Otu6	Otu7	Otu8	Otu9	Otu10	Otu11	Otu12	Otu13	Otu14	Otu15	Otu16	Otu17	Otu18	Otu19	Otu20	Otu21	Otu22	Otu23	Otu24	Otu25	Otu26	Otu27	Otu28	Otu29	Otu30	Otu31	Otu32	Otu33	Otu34	Otu35	Otu36	Otu37	Otu38	Otu39	Otu40	Otu41	Otu42	Otu43	Otu44	Otu45	Otu46	Otu47	Otu48	Otu49	Otu50	Otu51	Otu52	Otu53	Otu54	Otu55	Otu56	Otu57	Otu58	Otu59	Otu60	Otu61	Otu62	Otu63	Otu64	Otu65	Otu66	Otu67	Otu68	Otu69	Otu70	Otu71	Otu72	Otu73	Otu74	Otu75	Otu76	Otu77	Otu78	Otu79	Otu80	Otu81	Otu82	Otu83	Otu84	Otu85	Otu86	Otu87	Otu88	Otu89	Otu90	Otu91	Otu92	Otu93	Otu94	Otu95	Otu96	Otu97	Otu98	Otu99	Otu100	Otu101	Otu102	Otu103	Otu104	Otu105	Otu106	Otu107	Otu108	Otu109	Otu110	Otu111	Otu112	Otu113	Otu114	Otu115	Otu116	Otu117	Otu118	Otu119	Otu120	Otu121	Otu122	Otu123	Otu124	Otu125	Otu126
0.03	north1_all	80	4467	2498	1442	1173	737	568	925	1605	1005	331	344	608	213	158	167	138	116	120	108	100	71	75	57	55	58	39	33	47	51	70	26	32	31	27	20	23	21	18	15	27	29	10	16	29	6	6	7	11	7	29	8	4	6	5	8	15	3	3	8	4	4	11	2	3	2	1	8	6	3	1	3	1	2	1	2	2	3	0	1	0	1	2	3	0	6	1	2	0	1	0	0	0	0	0	0	0	0	0	0	1	0	0	5	1	0	1	0	0	0	4	1	0	0	0	0	0	0	0	0	0	0	0	0	0	0	0	0
0.03	north1_active	80	1234	1299	578	667	324	261	731	1467	892	184	195	541	128	60	62	46	45	61	60	64	28	28	22	26	43	5	15	14	28	61	16	10	17	10	6	11	12	7	4	18	25	5	12	26	3	3	4	10	1	27	4	3	5	2	3	14	2	3	7	1	3	8	1	0	1	0	7	5	2	1	3	1	1	1	1	1	1	0	0	0	1	0	3	0	6	0	1	0	0	0	0	0	0	0	0	0	0	0	0	0	0	0	5	1	0	1	0	0	0	4	1	0	0	0	0	0	0	0	0	0	0	0	0	0	0	0	0
0.03	north2_all	80	4445	2466	1417	1157	769	566	914	1773	1014	349	349	584	222	163	185	140	122	108	102	88	59	61	60	57	62	44	43	47	54	69	24	31	26	21	23	20	21	20	16	21	22	10	16	37	7	7	9	5	8	23	11	6	1	5	6	12	3	3	7	4	5	8	2	4	2	2	7	6	3	1	3	0	0	1	2	3	3	0	1	1	1	3	4	0	6	0	1	0	1	0	0	0	0	0	1	0	0	0	0	1	0	0	5	0	0	1	0	0	0	4	0	0	0	0	0	0	0	0	0	0	0	0	0	0	0	0	0
0.03	north2_active	80	1212	1247	538	679	334	243	723	1638	903	207	198	519	141	74	71	47	42	49	55	50	22	22	24	23	46	7	19	12	30	57	17	6	11	10	7	9	10	6	5	14	18	3	12	33	3	5	6	2	2	21	5	4	1	1	4	11	2	3	6	1	3	6	1	0	1	0	6	5	2	1	3	0	0	1	1	1	1	0	0	1	1	0	4	0	6	0	1	0	0	0	0	0	0	0	0	0	0	0	0	0	0	0	5	0	0	1	0	0	0	4	0	0	0	0	0	0	0	0	0	0	0	0	0	0	0	0	0
0.03	north3_all	80	4481	2440	1373	1144	803	577	893	1772	1023	346	362	588	209	162	162	136	119	102	123	91	62	64	69	58	66	43	45	54	54	73	27	31	23	29	24	26	19	15	14	9	27	11	18	34	10	7	6	6	7	24	10	4	0	3	5	8	6	3	11	3	5	6	4	2	2	4	7	3	3	2	2	0	0	1	2	2	1	0	1	1	1	3	3	0	0	0	1	0	1	0	0	0	1	0	1	0	0	0	0	0	0	0	5	0	0	1	0	0	0	4	0	0	0	0	0	1	0	0	0	0	0	0	0	0	0	0	0
0.03	north3_active	80	1199	1233	514	620	356	233	713	1645	927	200	207	524	137	76	64	46	39	47	70	52	19	22	23	22	49	9	17	11	27	65	15	7	7	18	7	13	9	3	4	6	20	3	13	31	5	4	3	3	3	21	4	2	0	0	5	8	1	3	10	1	3	5	1	0	1	1	6	2	2	2	2	0	0	1	1	1	0	0	0	1	1	0	3	0	0	0	0	0	0	0	0	0	0	0	0	0	0	0	0	0	0	0	5	0	0	1	0	0	0	4	0	0	0	0	0	0	0	0	0	0	0	0	0	0	0	0	0
0.03	north4_all	80	4498	2426	1363	1148	809	610	969	1756	1146	350	329	682	211	150	145	122	119	88	124	92	48	66	65	60	79	53	42	43	55	80	34	26	21	25	26	23	13	18	12	15	24	13	15	35	9	9	7	10	8	28	12	5	4	5	6	27	8	3	12	2	5	3	5	2	2	4	6	3	0	1	0	2	0	2	1	2	0	0	0	1	0	2	3	0	0	0	1	0	0	0	0	0	1	0	1	0	0	0	0	0	0	1	8	0	1	1	0	0	0	4	0	0	0	0	1	1	0	0	0	0	0	0	0	0	0	0	0
0.03	north4_active	80	1214	1199	517	601	338	246	791	1631	1040	199	195	609	125	67	61	42	36	39	73	48	15	24	20	22	62	15	13	15	32	69	17	8	2	15	6	11	5	7	2	10	16	4	10	31	4	6	4	6	5	26	5	3	4	0	3	27	1	3	12	1	4	3	1	0	0	1	4	2	0	1	0	1	0	2	0	0	0	0	0	1	0	0	3	0	0	0	0	0	0	0	0	0	0	0	0	0	0	0	0	0	0	1	8	0	0	1	0	0	0	4	0	0	0	0	1	0	0	0	0	0	0	0	0	0	0	0	0
0.03	north5_all	80	4523	2485	1382	1143	784	623	956	1661	1256	331	323	692	219	162	148	112	118	95	119	96	53	64	68	62	82	56	49	43	58	73	40	28	25	31	22	24	10	23	8	14	23	11	12	36	10	11	9	9	5	25	6	4	4	6	5	28	9	3	11	2	5	7	5	0	2	3	5	3	1	4	0	2	0	1	1	1	0	1	1	0	0	1	0	0	0	0	2	0	0	1	0	0	1	0	0	0	0	0	0	1	0	1	3	0	1	0	0	0	0	0	0	0	0	0	1	1	0	0	0	0	0	1	0	0	0	0	1
0.03	north5_active	80	1208	1188	546	594	340	251	790	1554	1151	177	187	625	133	63	63	45	36	38	70	48	14	23	25	24	60	15	16	13	34	65	22	12	3	21	5	14	6	12	3	10	16	3	6	32	4	8	7	6	3	23	2	3	4	0	1	28	1	2	11	1	5	6	1	0	0	1	4	2	1	3	0	1	0	1	0	0	0	0	0	0	0	0	0	0	0	0	1	0	0	0	0	0	0	0	0	0	0	0	0	1	0	1	3	0	0	0	0	0	0	0	0	0	0	0	1	0	0	0	0	0	0	1	0	0	0	0	0
0.03	north6_all	80	4511	2484	1376	1181	750	643	990	1585	1210	314	301	691	225	170	144	107	111	85	122	99	62	60	71	61	80	52	38	42	61	63	37	31	22	28	21	26	9	19	7	20	17	11	15	33	9	11	6	9	4	19	7	5	8	7	6	32	8	3	10	2	6	10	3	1	6	2	8	5	2	3	0	3	0	1	1	2	0	1	1	1	0	1	1	0	0	1	2	0	0	1	0	0	1	0	0	0	0	0	0	1	0	1	4	0	1	0	0	1	0	0	0	0	0	0	1	1	0	0	0	0	0	1	0	0	0	0	1
0.03	north6_active	80	1237	1167	551	638	335	260	813	1483	1086	173	171	619	139	67	68	42	36	35	72	44	20	19	24	26	52	14	10	13	39	53	21	16	4	16	5	15	6	11	3	14	10	3	7	30	5	8	5	7	2	18	4	4	5	0	2	32	1	2	10	1	6	9	1	0	3	2	7	4	2	2	0	2	0	1	0	0	0	0	0	1	0	0	0	0	0	0	1	0	0	0	0	0	0	0	0	0	0	0	0	1	0	1	4	0	0	0	0	0	0	0	0	0	0	0	1	0	0	0	0	0	0	1	0	0	0	0	0
0.03	north7_all	80	4586	2493	1404	1156	748	630	963	1507	1194	298	310	635	242	181	168	119	117	103	114	103	67	53	77	61	87	47	44	44	79	84	29	29	27	29	24	28	11	17	10	19	20	9	17	25	8	12	6	8	2	15	5	5	9	7	6	9	3	3	3	2	5	10	2	1	10	3	4	7	2	3	1	5	1	2	1	1	0	1	1	2	0	1	1	1	0	1	2	0	0	1	0	0	0	0	0	0	0	0	0	2	0	0	1	0	0	0	0	2	0	0	0	0	0	0	1	0	0	0	0	0	0	1	0	0	0	0	1
0.03	north7_active	80	1226	1207	571	649	314	256	781	1405	1075	172	166	562	153	69	83	49	35	44	66	50	18	14	21	27	57	11	14	16	58	73	19	15	8	13	9	18	6	11	6	13	12	1	9	24	5	9	5	6	0	14	3	4	5	2	2	9	1	2	3	0	5	9	1	0	7	3	3	7	2	2	1	4	0	2	0	0	0	0	0	2	0	1	0	0	0	0	1	0	0	0	0	0	0	0	0	0	0	0	0	1	0	0	1	0	0	0	0	0	0	0	0	0	0	0	1	0	0	0	0	0	0	1	0	0	0	0	0
0.03	north8_all	80	4623	2461	1421	1198	744	630	956	1456	1089	308	308	663	233	188	166	125	119	107	121	112	85	60	69	57	60	45	48	45	69	82	23	31	32	29	21	22	13	20	13	22	18	11	16	27	8	17	4	5	3	13	4	4	7	5	6	12	4	4	2	5	7	8	2	1	9	3	3	5	2	0	2	7	2	2	3	1	0	0	2	2	2	1	1	2	0	1	1	0	0	1	0	0	0	0	0	2	2	0	0	1	0	0	1	0	0	0	0	2	0	0	0	0	0	0	0	0	0	0	0	0	0	1	0	0	0	0	0
0.03	north8_active	80	1284	1223	570	673	315	259	771	1343	978	184	169	587	150	77	81	45	34	52	74	50	26	16	25	24	36	10	18	17	55	72	12	14	12	11	9	14	6	12	6	13	11	1	10	26	6	13	3	3	2	12	2	4	2	3	3	12	1	2	2	1	7	8	1	0	7	3	3	5	2	0	2	7	1	2	1	0	0	0	1	2	2	1	0	1	0	0	0	0	0	0	0	0	0	0	0	1	2	0	0	0	0	0	1	0	0	0	0	0	0	0	0	0	0	0	0	0	0	0	0	0	0	1	0	0	0	0	0
0.03	north9_all	80	4658	2411	1429	1197	745	598	980	1544	974	332	310	645	222	179	158	123	107	120	112	104	77	67	64	49	61	39	45	41	76	78	25	29	28	32	22	20	16	22	15	25	18	8	13	18	10	15	6	7	5	16	2	3	4	7	6	15	4	3	0	5	10	3	1	1	6	5	2	4	1	0	2	12	2	2	2	0	0	0	1	3	3	1	1	2	1	1	1	0	0	1	0	0	1	0	0	2	2	0	0	2	0	0	0	1	0	0	0	2	0	0	1	0	0	0	0	0	0	0	0	0	0	0	0	0	0	0	0
0.03	north9_active	80	1288	1211	572	669	319	246	797	1430	874	186	179	568	144	70	77	47	36	60	67	46	19	20	25	22	40	8	18	17	63	65	12	10	12	14	9	12	8	13	5	14	11	1	8	18	6	9	2	5	2	15	1	3	1	4	4	15	2	2	0	1	10	3	1	0	5	5	1	3	1	0	2	12	1	2	1	0	0	0	1	1	3	1	0	1	1	0	0	0	0	1	0	0	0	0	0	1	2	0	0	0	0	0	0	0	0	0	0	0	0	0	0	0	0	0	0	0	0	0	0	0	0	0	0	0	0	0	0
0.03	north10_all	80	4605	2421	1407	1152	728	575	963	1497	871	332	300	625	212	169	154	118	106	115	104	103	78	60	61	51	54	36	50	36	61	75	29	30	26	25	23	17	18	24	13	25	13	12	16	18	8	12	10	12	8	16	5	6	6	5	4	8	3	5	1	5	15	3	1	1	4	4	2	6	0	0	1	10	1	1	3	0	0	0	1	3	5	0	1	1	1	0	1	1	0	1	1	0	1	0	0	3	2	0	0	2	0	0	2	1	0	0	0	0	0	0	1	0	0	0	0	0	0	0	0	0	0	0	0	0	0	0	0
0.03	north10_active	80	1237	1190	525	638	303	252	770	1378	769	184	175	543	125	63	66	40	32	61	55	42	22	18	28	25	38	9	15	14	49	62	12	11	10	12	8	9	9	12	3	15	9	1	11	17	3	8	5	9	2	15	4	6	2	3	3	8	2	3	1	1	14	2	0	0	4	3	1	5	0	0	1	10	1	1	1	0	0	0	1	1	4	0	0	1	1	0	0	0	0	1	0	0	0	0	0	1	2	0	0	0	0	0	2	0	0	0	0	0	0	0	0	0	0	0	0	0	0	0	0	0	0	0	0	0	0	0	0
0.03	north11_all	80	4461	2431	1434	1224	773	562	1025	1662	1079	342	291	659	251	150	164	117	95	92	107	99	75	56	57	48	81	45	56	29	88	68	25	19	19	24	18	18	18	13	14	23	18	15	18	44	11	12	8	10	5	18	1	7	5	6	2	21	5	1	5	4	6	13	5	4	2	2	4	2	2	1	1	1	1	0	0	0	1	0	1	1	1	0	1	0	0	1	0	0	0	1	1	1	1	0	0	1	0	0	1	0	0	0	0	0	0	0	0	0	0	1	0	0	0	0	0	0	1	0	1	0	0	0	0	1	0	0	0
0.03	north11_active	80	1222	1218	577	691	327	245	858	1552	955	199	177	585	135	63	60	41	30	43	58	65	33	16	15	20	57	17	29	4	71	60	15	8	7	9	10	9	11	6	6	17	16	8	13	41	3	10	4	4	5	15	1	5	3	3	2	20	0	1	3	0	6	12	2	0	0	1	4	1	1	1	0	0	0	0	0	0	0	0	0	0	1	0	1	0	0	0	0	0	0	0	1	0	0	0	0	1	0	0	1	0	0	0	0	0	0	0	0	0	0	1	0	0	0	0	0	0	1	0	1	0	0	0	0	0	0	0	0
0.03	north12_all	80	4443	2395	1416	1221	772	564	1066	1685	1149	355	285	636	241	167	151	129	108	98	119	89	72	63	68	42	56	44	52	28	67	64	24	18	21	26	21	17	23	10	16	24	31	13	16	53	9	12	9	7	5	16	2	7	6	6	5	22	4	1	5	5	7	13	5	4	2	3	4	7	2	0	0	3	2	0	1	0	0	0	1	1	0	0	0	0	0	1	1	0	0	1	1	0	1	0	0	1	0	0	1	0	0	0	0	1	0	0	0	0	0	1	0	0	0	0	0	0	1	0	1	0	0	0	0	1	0	0	0
0.03	north12_active	80	1194	1209	566	703	328	236	889	1581	1016	206	166	571	151	67	56	40	35	45	59	55	23	15	21	14	37	18	24	5	56	55	15	6	9	14	11	10	16	6	5	17	29	4	10	47	4	8	4	0	5	13	1	4	3	2	4	21	1	1	3	0	7	12	2	0	0	1	4	6	1	0	0	1	0	0	0	0	0	0	0	0	0	0	0	0	0	0	0	0	0	0	1	0	0	0	0	1	0	0	1	0	0	0	0	1	0	0	0	0	0	1	0	0	0	0	0	0	1	0	1	0	0	0	0	0	0	0	0
0.03	north13_all	80	4473	2434	1374	1194	769	587	1024	1659	1089	379	269	607	240	159	140	124	116	94	125	95	72	65	65	52	72	47	52	28	66	66	27	22	29	27	25	20	26	8	12	28	32	16	17	46	6	12	10	4	7	10	2	6	7	4	4	13	4	2	6	6	2	15	2	3	1	2	4	11	3	1	1	3	2	2	1	1	0	0	1	0	1	0	0	1	0	0	1	0	0	0	0	0	0	0	0	1	0	0	0	0	0	0	0	1	0	0	0	0	1	0	0	0	0	0	0	0	1	0	0	0	0	0	0	0	0	0	0
0.03	north13_active	80	1205	1222	551	679	328	245	841	1548	971	225	154	549	142	68	51	32	39	44	66	63	22	21	21	19	50	18	17	5	54	58	16	6	13	14	11	11	19	2	3	22	30	3	7	39	4	5	5	0	5	8	1	4	3	0	3	13	1	1	2	0	2	12	2	0	0	1	4	10	2	1	1	1	0	2	0	1	0	0	0	0	0	0	0	0	0	0	0	0	0	0	0	0	0	0	0	1	0	0	0	0	0	0	0	1	0	0	0	0	1	0	0	0	0	0	0	0	1	0	0	0	0	0	0	0	0	0	0
0.03	north14_all	80	4444	2440	1387	1151	781	592	1016	1570	1056	369	275	633	207	163	141	134	114	111	128	102	76	64	66	51	71	49	43	25	54	51	30	21	36	25	27	12	23	9	13	23	44	21	15	42	7	12	9	8	5	11	3	8	8	4	5	5	3	2	7	2	4	7	2	1	1	1	6	12	5	2	2	4	2	2	2	1	0	0	0	0	2	0	1	1	0	0	1	0	1	0	0	0	0	0	1	1	0	0	0	0	0	0	0	1	0	0	0	0	1	1	0	0	0	0	1	0	0	0	0	0	0	0	0	0	0	0	0
0.03	north14_active	80	1195	1207	554	621	331	252	843	1434	953	202	158	573	122	80	53	33	34	40	67	63	23	21	19	25	50	20	10	6	41	43	15	7	18	12	13	5	16	2	2	18	42	3	7	35	5	5	4	5	2	8	2	6	4	0	4	5	1	1	2	0	4	5	1	0	0	0	5	12	5	1	2	2	1	2	0	1	0	0	0	0	1	0	1	0	0	0	0	0	0	0	0	0	0	0	1	1	0	0	0	0	0	0	0	1	0	0	0	0	1	0	0	0	0	0	0	0	0	0	0	0	0	0	0	0	0	0	0
0.03	north15_all	80	4548	2415	1371	1151	778	619	977	1535	1100	348	264	625	223	155	141	125	102	116	118	97	63	56	78	49	84	55	42	30	49	78	37	21	40	16	29	11	24	12	14	15	37	17	11	50	9	11	9	8	8	16	4	9	4	7	5	10	2	2	7	1	5	18	1	0	0	1	15	8	8	3	3	4	2	4	1	1	0	0	0	0	2	1	2	1	0	0	1	1	3	0	0	0	0	0	1	0	1	1	0	0	0	0	0	1	0	0	0	0	2	1	0	0	0	0	1	0	0	0	0	0	0	0	0	0	0	0	0
0.03	north15_active	80	1207	1182	529	639	332	265	790	1392	1010	187	147	558	117	77	59	36	30	48	66	60	16	21	17	25	60	22	11	8	38	70	17	7	20	6	13	4	16	2	4	12	29	2	4	46	5	6	1	5	3	11	2	5	2	4	3	10	1	0	4	0	4	16	0	0	0	1	14	7	8	2	3	3	1	4	0	1	0	0	0	0	1	1	2	0	0	0	0	0	0	0	0	0	0	0	1	0	1	0	0	0	0	0	0	1	0	0	0	0	2	0	0	0	0	0	0	0	0	0	0	0	0	0	0	0	0	0	0
0.03	north16_all	80	4532	2406	1356	1130	780	603	998	1610	1153	326	282	583	200	155	148	126	92	104	121	98	64	57	73	46	77	50	34	25	56	82	37	26	32	25	21	13	21	12	13	23	35	13	13	50	9	8	8	8	8	20	5	6	2	8	6	9	2	1	5	0	13	14	1	1	0	2	15	6	7	3	3	3	2	5	1	0	0	0	0	0	2	2	2	0	0	2	2	1	3	0	0	0	1	1	1	0	1	1	0	0	0	2	0	0	0	0	0	0	2	1	0	0	0	0	1	0	0	0	0	0	0	0	0	0	0	0	0
0.03	north16_active	80	1181	1193	512	625	332	247	803	1463	1063	183	167	521	94	76	64	46	28	43	68	63	19	22	19	23	51	20	10	8	44	70	21	7	18	9	9	3	11	2	5	19	24	1	4	47	4	6	0	5	2	12	3	4	1	4	3	9	1	0	4	0	12	13	0	0	0	1	14	5	7	2	3	2	2	5	0	0	0	0	0	0	1	2	2	0	0	2	0	0	0	0	0	0	1	0	1	0	1	0	0	0	0	2	0	0	0	0	0	0	2	0	0	0	0	0	0	0	0	0	0	0	0	0	0	0	0	0	0
0.03	north17_all	80	4593	2376	1377	1111	758	613	1015	1622	1228	317	284	593	194	162	163	121	82	97	119	87	60	61	70	47	93	52	43	29	51	81	33	22	21	20	19	16	20	14	10	20	40	6	13	55	9	12	9	11	7	29	6	6	4	10	8	11	4	1	7	3	12	16	4	1	0	2	15	3	8	3	2	4	2	3	1	0	0	0	0	0	1	2	1	0	0	2	2	1	3	0	0	0	1	1	0	0	1	2	1	0	0	2	0	0	0	0	0	0	1	0	0	1	0	0	0	0	0	0	0	0	0	0	5	1	0	0	0
0.03	north17_active	80	1180	1209	540	613	330	248	809	1492	1133	169	157	526	92	69	74	46	27	40	67	55	17	25	20	23	60	20	17	8	40	68	21	4	13	8	5	6	10	5	5	15	24	1	8	52	2	7	2	8	3	22	4	2	1	5	2	9	1	0	5	2	11	14	0	0	0	1	14	2	8	2	2	2	2	3	0	0	0	0	0	0	1	2	1	0	0	2	0	0	0	0	0	0	1	0	0	0	1	0	1	0	0	2	0	0	0	0	0	0	1	0	0	0	0	0	0	0	0	0	0	0	0	0	5	0	0	0	0
0.03	north18_all	80	4564	2385	1415	1093	775	583	1021	1758	1220	310	267	597	199	180	154	115	92	96	114	104	66	68	64	58	89	46	42	37	61	68	30	21	21	29	19	20	23	19	15	21	26	5	19	50	7	11	6	7	6	21	6	9	4	7	10	9	4	1	4	4	11	4	3	3	1	2	3	2	4	3	2	1	2	3	1	0	2	0	0	0	0	1	2	0	1	2	1	1	1	0	0	0	1	1	0	0	1	1	1	0	0	2	0	0	1	0	0	0	0	0	0	1	0	0	0	0	0	0	0	0	0	0	5	1	0	0	0
0.03	north18_active	80	1189	1213	574	585	324	243	829	1649	1113	176	150	536	102	70	68	44	27	52	67	71	16	27	20	29	58	16	16	10	48	57	16	3	11	12	7	9	13	7	6	15	12	1	13	46	1	4	3	5	2	17	5	4	1	3	2	6	1	0	3	3	11	2	0	0	1	0	2	2	4	3	2	0	2	3	0	0	0	0	0	0	0	1	1	0	0	2	0	0	0	0	0	0	1	0	0	0	1	0	1	0	0	2	0	0	0	0	0	0	0	0	0	0	0	0	0	0	0	0	0	0	0	0	5	0	0	0	0
0.03	north19_all	80	4569	2403	1471	1105	765	600	1005	1786	1161	311	276	614	196	182	146	120	96	96	114	98	68	67	64	67	91	43	48	34	65	65	30	18	20	21	22	23	19	21	16	19	28	5	22	60	5	11	4	9	8	18	6	11	5	6	7	6	3	1	4	4	1	6	3	2	1	4	6	6	3	4	0	1	2	0	1	1	2	1	0	0	0	0	1	0	1	1	0	1	0	0	0	0	0	1	0	2	0	1	1	0	0	0	0	0	1	0	0	1	0	0	0	1	0	0	0	0	0	0	0	0	0	0	5	1	0	0	0
0.03	north19_active	80	1214	1229	591	580	332	247	816	1678	1046	165	149	552	111	64	66	36	29	52	68	59	16	22	23	36	66	14	17	9	46	58	18	4	11	10	8	12	13	10	6	13	16	1	17	56	1	2	3	7	5	17	4	4	1	3	1	3	0	0	3	3	1	5	0	0	1	3	4	6	2	3	0	0	2	0	0	1	0	1	0	0	0	0	0	0	0	1	0	1	0	0	0	0	0	0	0	2	0	0	1	0	0	0	0	0	0	0	0	1	0	0	0	0	0	0	0	0	0	0	0	0	0	0	5	0	0	0	0
0.03	north20_all	80	4517	2429	1490	1078	786	603	973	1833	1136	316	272	628	198	171	143	134	96	103	132	109	74	56	64	72	89	44	48	39	60	72	31	22	19	26	23	21	20	25	18	14	20	9	20	47	5	9	6	10	7	20	6	11	6	4	5	7	3	5	2	2	6	10	2	2	1	4	6	7	4	4	0	2	4	0	1	1	2	1	0	0	0	0	1	0	1	0	0	1	2	0	0	0	0	0	0	2	0	0	0	0	3	0	0	0	1	0	0	1	0	0	0	0	0	0	0	0	0	0	0	0	0	0	0	0	0	0	0
0.03	north20_active	80	1254	1220	604	572	336	245	776	1739	1011	160	146	559	118	60	60	40	19	58	84	69	16	17	21	34	65	13	16	11	42	64	17	5	9	9	9	13	13	12	4	10	15	1	16	43	2	0	5	8	4	15	4	4	3	3	1	5	0	2	2	2	5	10	0	0	1	3	4	6	2	2	0	0	3	0	0	1	0	1	0	0	0	0	0	0	0	0	0	1	0	0	0	0	0	0	0	2	0	0	0	0	2	0	0	0	0	0	0	1	0	0	0	0	0	0	0	0	0	0	0	0	0	0	0	0	0	0	0
0.03	south21_all	80	9772	2160	1347	1061	719	831	700	385	397	306	588	773	168	416	164	207	219	103	162	264	271	89	67	49	60	39	58	51	50	64	26	31	40	85	23	23	19	42	14	20	12	14	49	21	7	10	13	10	8	4	8	5	8	8	5	7	8	9	4	4	4	0	2	6	3	2	1	0	0	7	0	0	0	0	1	1	0	1	3	0	3	0	5	1	0	0	1	0	2	0	0	0	0	0	0	0	0	0	0	3	0	0	0	0	0	0	0	0	1	0	0	0	0	0	0	0	0	0	0	1	0	0	0	0	1	0	0
0.03	south21_active	80	7969	816	321	504	240	568	467	97	236	150	487	686	53	364	88	146	147	31	140	224	240	58	21	14	24	9	28	33	25	48	9	16	28	80	8	15	7	33	5	10	6	4	48	19	2	8	9	3	4	1	3	0	4	8	0	0	0	7	1	1	2	0	2	6	2	1	0	0	0	7	0	0	0	0	0	0	0	0	1	0	1	0	5	1	0	0	1	0	1	0	0	0	0	0	0	0	0	0	0	3	0	0	0	0	0	0	0	0	0	0	0	0	0	0	0	0	0	0	0	0	0	0	0	0	0	0	0
0.03	south22_all	80	9724	2211	1339	1082	700	817	724	378	420	319	605	754	177	397	165	192	210	108	155	237	257	88	70	52	55	45	45	57	52	54	28	28	35	86	24	22	21	52	13	17	10	15	57	16	10	9	13	9	5	5	6	5	7	13	2	7	6	8	3	3	3	1	2	9	6	0	1	1	0	7	0	1	1	1	2	0	0	1	3	2	7	0	3	1	0	0	0	0	1	0	0	0	0	0	1	0	0	0	0	0	0	0	0	0	0	0	0	0	1	0	0	0	0	0	0	0	0	0	0	1	0	0	0	0	1	1	0
0.03	south22_active	80	7928	821	319	521	228	533	496	88	258	155	493	688	54	351	91	141	142	36	125	199	235	57	27	12	20	10	20	34	25	40	12	13	26	81	8	14	8	43	5	7	6	6	55	11	5	7	9	3	2	2	3	0	3	12	0	0	0	6	0	0	2	1	2	8	5	0	0	0	0	7	0	1	0	1	0	0	0	0	1	1	6	0	3	1	0	0	0	0	0	0	0	0	0	0	0	0	0	0	0	0	0	0	0	0	0	0	0	0	0	0	0	0	0	0	0	0	0	0	0	0	0	0	0	0	0	0	0
0.03	south23_all	80	9757	2148	1367	1094	692	812	756	384	440	288	569	810	192	377	157	213	207	118	158	237	228	92	70	44	48	45	45	60	56	50	35	31	36	104	22	22	20	52	13	19	15	17	66	19	13	10	22	9	6	4	7	7	7	15	4	6	6	4	5	3	1	2	3	3	4	4	0	1	2	7	0	1	1	1	2	0	0	3	2	8	6	0	2	1	0	0	0	0	1	0	0	0	0	0	1	0	0	0	0	0	0	0	0	0	0	1	0	0	0	0	0	0	0	0	0	0	0	0	0	1	0	0	0	0	0	1	0
0.03	south23_active	80	7957	830	323	530	225	517	524	90	279	143	463	737	56	339	85	154	143	38	118	205	205	57	27	11	19	11	22	40	22	35	18	23	25	101	12	14	8	48	4	11	8	8	63	14	6	8	18	3	2	2	3	0	3	14	1	0	1	3	1	0	1	2	3	2	3	4	0	0	1	7	0	1	0	1	0	0	0	3	1	7	6	0	2	1	0	0	0	0	0	0	0	0	0	0	0	0	0	0	0	0	0	0	0	0	0	1	0	0	0	0	0	0	0	0	0	0	0	0	0	0	0	0	0	0	0	0	0
0.03	south24_all	80	9701	2161	1345	1075	699	805	720	380	421	310	530	749	194	365	162	216	196	108	154	244	200	104	63	47	54	46	42	66	48	60	37	41	31	88	20	21	17	54	14	24	17	17	52	16	17	9	20	9	7	5	3	7	4	12	4	5	5	3	7	2	2	2	4	4	5	4	2	1	2	7	1	1	6	1	1	0	0	3	1	9	6	4	3	0	0	0	0	0	0	0	1	0	0	1	1	0	0	0	1	0	0	0	0	0	0	1	0	0	0	0	1	0	0	0	0	0	0	0	0	1	0	0	0	0	0	1	0
0.03	south24_active	80	7869	829	307	536	225	508	501	98	267	160	430	680	50	324	83	165	133	37	113	218	178	67	28	12	23	15	18	48	15	44	22	26	19	83	9	13	5	48	3	20	7	6	49	11	12	5	14	2	3	2	0	0	2	11	1	0	1	2	2	0	0	2	4	3	3	4	1	0	1	7	0	1	5	1	0	0	0	3	1	7	6	4	3	0	0	0	0	0	0	0	0	0	0	1	0	0	0	0	1	0	0	0	0	0	0	1	0	0	0	0	1	0	0	0	0	0	0	0	0	0	0	0	0	0	0	0	0
0.03	south25_all	80	9877	2147	1339	1035	727	835	740	381	458	314	464	771	193	366	186	234	192	116	153	268	196	111	65	37	46	38	51	72	37	61	41	49	32	105	17	26	18	53	15	27	17	17	70	19	13	8	18	11	10	7	4	5	4	13	4	4	3	6	8	1	3	5	4	3	1	4	2	0	3	9	1	0	5	1	1	0	0	3	2	10	0	5	1	0	0	0	0	0	0	0	1	1	0	1	1	0	0	0	3	0	0	1	0	0	0	1	0	0	0	0	1	0	0	0	0	0	0	0	0	0	0	0	0	0	0	0	0
0.03	south25_active	80	8002	844	325	494	240	547	529	99	278	156	369	697	51	321	92	177	139	40	117	246	170	73	34	7	22	13	27	58	10	46	25	34	17	97	5	16	7	44	5	24	7	5	67	17	10	5	12	3	4	2	1	0	1	12	1	1	1	1	3	0	0	2	4	3	0	4	1	0	1	9	0	0	5	1	1	0	0	3	2	9	0	5	1	0	0	0	0	0	0	0	0	1	0	1	0	0	0	0	3	0	0	0	0	0	0	1	0	0	0	0	1	0	0	0	0	0	0	0	0	0	0	0	0	0	0	0	0
0.03	south26_all	80	9891	2223	1338	1025	745	836	727	381	434	313	554	721	200	353	192	234	172	104	172	301	204	104	59	46	56	50	47	71	32	89	35	40	32	93	19	28	18	48	14	31	12	14	64	23	18	13	11	13	16	9	6	3	5	9	4	5	1	22	5	2	3	5	3	2	2	2	3	0	3	11	1	0	5	0	1	1	0	3	2	10	1	5	1	0	1	0	1	0	0	0	1	1	0	1	0	0	0	0	3	0	0	1	0	0	0	0	0	0	0	0	1	0	0	0	0	0	0	0	0	0	0	0	0	0	0	0	0
0.03	south26_active	80	8018	881	340	482	238	568	529	98	263	148	444	648	54	305	99	170	122	32	138	275	179	68	26	10	26	16	23	57	13	70	23	24	16	84	4	17	6	39	4	27	3	4	61	20	12	9	6	3	8	3	1	0	3	9	0	1	0	17	3	1	0	1	3	2	1	2	1	0	1	11	0	0	5	0	1	0	0	3	2	9	1	5	1	0	0	0	0	0	0	0	0	1	0	1	0	0	0	0	3	0	0	0	0	0	0	0	0	0	0	0	1	0	0	0	0	0	0	0	0	0	0	0	0	0	0	0	0
0.03	south27_all	80	9778	2235	1342	1022	756	902	675	363	422	303	557	675	190	376	181	233	175	93	194	292	222	100	68	50	47	52	52	69	26	77	32	34	30	85	20	22	24	68	17	26	12	13	67	19	13	18	11	11	15	14	8	5	6	7	5	3	0	23	4	5	3	6	5	2	7	2	3	0	3	4	1	0	1	0	1	1	0	0	2	4	1	5	0	0	1	0	1	0	0	0	0	1	0	0	0	0	0	0	2	0	0	1	0	0	0	0	0	0	0	0	1	0	0	0	0	0	0	0	0	0	0	0	0	0	0	0	0
0.03	south27_active	80	7898	847	319	481	243	606	466	85	253	139	432	608	62	317	95	162	120	22	147	271	199	64	29	12	15	14	27	52	11	58	18	22	18	80	6	13	9	60	3	22	3	3	64	17	7	13	8	1	7	7	2	3	4	7	0	1	0	18	3	3	1	2	5	2	7	2	0	0	1	4	0	0	1	0	1	0	0	0	1	3	1	5	0	0	0	0	0	0	0	0	0	1	0	0	0	0	0	0	2	0	0	0	0	0	0	0	0	0	0	0	0	0	0	0	0	0	0	0	0	0	0	0	0	0	0	0	0
0.03	south28_all	80	8990	2206	1351	1032	722	832	620	370	413	269	557	565	180	357	156	206	149	89	179	249	201	70	65	52	52	56	45	64	34	80	28	32	34	64	21	18	22	75	13	26	11	11	58	18	12	19	15	12	12	12	5	6	5	2	5	5	0	19	2	6	3	4	4	1	8	2	3	2	4	2	0	1	2	0	2	1	0	3	5	1	1	2	0	0	1	0	1	0	0	0	0	0	0	0	0	1	0	0	2	0	0	0	0	0	0	0	0	0	0	1	1	0	0	0	0	0	0	1	0	0	0	0	0	0	0	0	0
0.03	south28_active	80	7096	796	324	459	220	534	396	87	244	121	431	502	57	303	90	143	98	18	136	224	178	39	19	13	18	18	22	49	14	55	18	20	21	59	7	10	6	71	0	22	2	3	54	15	6	10	10	2	5	7	1	3	4	2	0	1	0	19	2	3	1	1	4	1	7	2	0	1	1	2	0	1	2	0	2	0	0	3	4	1	1	2	0	0	0	0	0	0	0	0	0	0	0	0	0	0	0	0	2	0	0	0	0	0	0	0	0	0	0	0	0	0	0	0	0	0	0	1	0	0	0	0	0	0	0	0	0
0.03	south29_all	80	8251	2200	1394	1044	740	811	590	381	405	245	508	541	178	352	140	178	164	90	145	193	163	70	69	53	38	56	42	54	33	61	30	34	42	51	20	21	17	80	14	24	14	14	39	11	4	21	13	10	13	10	6	6	2	7	6	3	3	4	1	5	5	4	4	0	8	7	2	3	2	2	1	1	2	1	2	0	1	4	5	3	0	2	1	0	0	2	0	0	1	0	0	0	0	0	0	1	0	1	0	0	0	0	0	0	0	0	0	0	1	1	1	0	0	0	0	0	0	1	0	0	0	0	0	0	0	0	0
0.03	south29_active	80	6336	750	323	456	223	494	359	86	224	116	392	468	52	284	81	123	105	14	103	171	143	44	14	9	13	19	18	39	12	41	13	18	33	46	5	12	4	72	1	20	3	3	33	7	1	12	9	2	6	5	1	4	1	5	1	0	1	2	0	2	2	1	4	0	7	6	0	1	1	2	0	1	2	0	2	0	0	4	4	3	0	2	1	0	0	0	0	0	0	0	0	0	0	0	0	0	0	0	0	0	0	0	0	0	0	0	0	0	0	0	0	0	0	0	0	0	0	1	0	0	0	0	0	0	0	0	0
0.03	south30_all	80	8081	2195	1395	1016	699	812	595	387	376	254	445	513	169	313	152	166	163	97	123	220	162	72	62	50	44	53	42	60	37	40	33	32	45	61	22	29	17	66	11	24	17	12	42	15	7	14	10	8	14	6	4	6	0	9	7	2	3	5	1	5	4	4	5	1	7	8	0	4	2	8	1	2	3	1	3	0	1	4	6	5	0	2	1	0	0	2	0	0	3	0	0	0	0	0	0	2	0	1	0	0	0	0	0	0	0	0	0	0	1	1	0	0	0	0	0	0	0	1	0	0	0	0	0	0	0	0	0
0.03	south30_active	80	6228	740	329	427	192	503	362	88	191	116	344	439	48	245	84	110	109	19	88	195	138	48	12	8	16	17	16	46	16	21	16	16	35	53	6	17	5	55	2	19	6	2	35	7	3	8	6	2	8	2	0	3	0	7	2	0	1	3	0	2	1	1	5	0	6	7	0	2	1	8	0	1	2	0	2	0	0	4	4	4	0	2	1	0	0	0	0	0	2	0	0	0	0	0	0	1	0	0	0	0	0	0	0	0	0	0	0	0	0	0	0	0	0	0	0	0	0	1	0	0	0	0	0	0	0	0	0
0.03	south31_all	80	9668	2254	1313	1052	733	859	697	358	434	326	524	732	201	388	167	219	147	98	168	278	247	93	55	60	51	40	44	60	39	62	22	34	28	136	18	25	21	69	15	25	16	5	101	10	11	8	8	7	6	10	5	7	4	25	3	0	6	7	4	4	1	4	9	1	4	10	1	1	2	0	0	3	4	3	0	2	0	2	2	1	2	6	0	2	1	0	1	0	0	0	0	2	0	0	2	0	0	1	2	2	0	0	1	0	0	0	0	0	0	0	0	0	0	0	0	0	0	0	0	0	1	0	0	0	0	0	0
0.03	south31_active	80	7915	869	313	493	265	556	485	90	261	155	438	641	65	326	87	161	105	42	143	265	222	51	18	21	20	6	17	45	12	51	11	15	18	127	6	12	6	64	2	18	10	1	97	7	5	3	7	1	4	3	1	4	1	22	2	0	4	5	0	1	1	1	7	0	4	9	1	1	0	0	0	3	3	2	0	0	0	2	2	1	2	6	0	0	1	0	0	0	0	0	0	1	0	0	1	0	0	0	2	2	0	0	0	0	0	0	0	0	0	0	0	0	0	0	0	0	0	0	0	0	0	0	0	0	0	0	0
0.03	south32_all	80	9737	2278	1319	1026	734	838	677	361	420	314	510	660	199	418	156	233	168	97	165	247	231	102	62	63	52	38	42	57	37	57	30	37	37	137	17	30	22	65	16	26	16	7	111	16	10	7	13	10	5	11	7	4	5	14	2	2	7	6	1	5	1	4	6	1	13	8	2	2	1	0	0	4	4	1	1	2	0	4	2	1	4	7	3	3	0	0	1	0	0	0	0	2	0	0	2	0	0	1	2	2	0	1	1	0	0	0	1	0	0	0	0	0	0	1	0	0	0	0	0	0	0	0	0	0	0	0	0
0.03	south32_active	80	8025	863	334	487	249	540	475	83	263	160	425	590	69	369	71	170	115	39	133	231	209	61	24	17	21	7	17	43	12	45	14	18	25	124	3	17	9	59	3	22	9	3	106	11	6	4	12	1	3	5	0	1	1	11	1	0	5	4	0	3	1	1	3	0	12	7	2	1	0	0	0	3	3	0	0	1	0	4	2	1	4	7	3	0	0	0	0	0	0	0	0	1	0	0	1	0	0	0	2	2	0	1	0	0	0	0	0	0	0	0	0	0	0	1	0	0	0	0	0	0	0	0	0	0	0	0	0
0.03	south33_all	80	9514	2282	1393	1066	713	824	674	381	396	326	526	594	194	433	159	217	161	89	152	300	262	97	67	59	55	48	35	48	36	51	37	33	35	119	16	35	24	58	15	24	20	14	81	17	15	8	20	14	9	11	5	7	6	15	2	5	6	5	2	4	1	3	15	2	14	6	2	1	2	3	0	4	3	3	1	2	0	2	2	1	5	7	4	1	1	0	1	0	0	0	0	2	1	0	1	0	0	1	2	0	0	1	0	0	0	0	1	0	0	0	0	0	0	1	0	0	0	0	0	0	0	0	0	0	0	0	0
0.03	south33_active	80	7791	869	350	516	241	541	476	94	263	164	444	523	60	384	71	163	104	32	124	276	243	60	22	13	23	9	15	37	14	39	20	17	27	107	5	19	9	52	2	19	14	4	75	11	11	5	18	4	4	6	0	1	0	12	0	0	4	3	1	2	1	1	13	0	13	6	2	0	0	3	0	3	3	2	0	1	0	2	2	1	5	7	4	0	1	0	0	0	0	0	0	1	1	0	1	0	0	0	2	0	0	1	0	0	0	0	0	0	0	0	0	0	0	1	0	0	0	0	0	0	0	0	0	0	0	0	0
0.03	south34_all	80	9658	2304	1382	1051	735	813	656	392	413	331	524	597	188	398	164	207	159	98	166	273	230	91	75	54	56	41	37	45	33	60	49	38	35	113	11	30	20	53	16	22	12	17	56	21	15	8	21	15	7	11	7	6	5	16	5	7	3	6	3	4	0	5	14	1	13	2	2	3	3	3	0	2	5	3	1	2	0	5	3	1	5	6	10	2	1	1	0	0	0	0	0	1	2	0	0	0	0	0	0	0	0	1	0	0	0	0	1	0	0	0	0	0	0	1	0	0	0	0	0	0	0	0	0	0	0	0	0
0.03	south34_active	80	7918	884	321	497	233	531	454	99	287	177	435	532	68	348	81	152	99	34	130	246	210	56	25	14	29	6	17	34	14	46	30	19	26	101	4	17	9	49	4	16	9	4	51	18	12	5	17	4	2	7	1	0	1	14	1	0	2	4	2	2	0	3	13	0	11	1	1	2	0	3	0	1	5	2	0	1	0	5	3	1	5	6	10	1	1	1	0	0	0	0	0	1	2	0	0	0	0	0	0	0	0	1	0	0	0	0	0	0	0	0	0	0	0	1	0	0	0	0	0	0	0	0	0	0	0	0	0
0.03	south35_all	80	9811	2282	1381	1046	737	833	657	393	410	306	549	622	183	394	168	243	146	108	166	301	226	91	67	53	53	41	38	43	35	57	47	35	29	79	14	28	17	56	14	21	11	18	43	19	17	11	17	17	12	11	8	4	8	9	6	12	3	4	2	1	2	3	11	6	4	9	2	3	4	4	0	1	5	3	1	0	0	5	2	1	1	0	10	2	3	1	0	0	0	0	0	1	2	0	0	0	0	0	0	0	0	0	0	0	0	0	1	0	0	0	0	0	0	0	0	0	0	0	0	0	0	0	0	0	0	0	0
0.03	south35_active	80	8022	878	307	487	240	548	446	97	259	168	451	545	58	351	88	184	103	33	126	276	200	56	25	10	26	4	23	31	15	46	27	20	22	73	7	15	5	54	5	16	8	4	37	17	12	8	12	5	7	8	2	1	4	8	1	2	0	3	2	0	1	2	10	3	2	8	1	2	0	3	0	1	5	2	0	0	0	5	2	1	1	0	10	1	3	1	0	0	0	0	0	1	2	0	0	0	0	0	0	0	0	0	0	0	0	0	0	0	0	0	0	0	0	0	0	0	0	0	0	0	0	0	0	0	0	0	0
0.03	south36_all	80	9803	2207	1372	1024	737	841	705	400	443	318	558	672	185	394	155	253	150	105	170	285	217	93	61	51	60	36	40	49	36	63	50	35	29	93	20	23	16	79	14	17	11	16	57	23	11	13	27	13	11	8	9	2	4	9	5	12	4	4	1	0	2	3	5	6	2	16	2	3	3	2	0	1	5	7	1	0	0	3	3	2	1	0	9	2	2	1	0	0	0	0	0	1	2	0	0	0	0	0	0	0	0	0	0	0	0	0	0	0	0	0	0	0	0	4	1	0	0	0	0	0	0	0	0	0	0	0	0
0.03	south36_active	80	7969	853	311	462	243	586	465	90	280	177	442	585	62	345	83	191	106	27	135	264	189	62	22	9	29	4	24	31	15	52	24	18	23	87	7	13	5	71	6	12	4	3	52	22	9	7	22	3	7	6	3	1	4	5	1	2	0	3	1	0	1	2	5	4	1	15	1	3	0	1	0	1	5	5	0	0	0	3	3	1	1	0	9	1	2	1	0	0	0	0	0	1	2	0	0	0	0	0	0	0	0	0	0	0	0	0	0	0	0	0	0	0	0	4	1	0	0	0	0	0	0	0	0	0	0	0	0
0.03	south37_all	80	9796	2159	1331	1011	699	814	725	393	429	299	558	616	171	372	143	259	160	109	190	313	226	99	50	52	61	36	47	55	40	43	48	40	36	105	28	23	19	68	11	16	12	9	38	15	9	10	27	13	7	8	8	1	4	14	2	12	5	3	1	1	5	3	1	6	0	21	3	2	3	5	1	3	4	5	1	0	0	0	3	2	0	0	7	2	2	0	0	0	0	0	0	1	1	0	0	0	0	0	0	0	0	3	0	0	0	0	0	0	0	0	0	0	0	4	1	0	0	0	0	0	0	0	0	0	0	0	0
0.03	south37_active	80	7988	855	320	461	238	563	488	79	271	159	447	539	58	318	76	199	113	26	148	287	199	67	19	8	29	8	26	33	20	32	20	17	24	101	9	13	6	61	5	12	2	2	35	12	6	6	22	1	6	5	3	1	3	10	0	2	1	1	0	1	3	3	0	4	0	21	1	2	0	4	0	2	4	3	0	0	0	0	3	1	0	0	7	1	2	0	0	0	0	0	0	1	1	0	0	0	0	0	0	0	0	3	0	0	0	0	0	0	0	0	0	0	0	4	1	0	0	0	0	0	0	0	0	0	0	0	0
0.03	south38_all	80	9521	2098	1308	1023	717	819	660	385	429	304	577	599	169	349	136	268	155	101	166	328	232	97	55	59	55	38	45	62	41	45	50	36	34	104	31	19	18	61	8	20	11	5	36	24	8	12	25	8	6	11	4	2	9	14	1	8	4	2	2	2	3	3	2	3	1	18	2	3	2	5	2	4	0	6	0	0	0	0	1	3	0	0	9	2	2	0	0	0	0	0	0	1	0	0	0	0	0	0	0	0	0	3	0	0	0	0	0	0	0	0	0	0	0	4	1	0	0	0	0	0	0	0	0	0	0	0	0
0.03	south38_active	80	7705	815	327	468	263	577	427	78	262	153	478	517	56	283	73	209	108	28	128	301	202	63	24	10	27	11	23	40	19	29	25	17	22	100	9	13	5	54	3	14	2	1	34	20	5	7	24	0	5	7	2	0	7	9	0	2	1	0	1	2	2	3	0	3	0	18	0	2	0	5	0	3	0	4	0	0	0	0	1	2	0	0	9	0	2	0	0	0	0	0	0	1	0	0	0	0	0	0	0	0	0	3	0	0	0	0	0	0	0	0	0	0	0	4	1	0	0	0	0	0	0	0	0	0	0	0	0
0.03	south39_all	80	9138	2118	1331	1011	720	777	657	372	420	308	568	564	173	328	143	248	145	101	148	295	209	90	56	55	51	39	47	50	42	42	36	29	40	84	25	17	17	39	10	26	12	6	31	19	7	5	11	7	6	10	6	3	11	14	2	5	3	4	2	3	5	4	4	1	1	13	2	5	1	21	3	4	5	4	0	0	0	0	2	3	1	0	6	2	0	0	1	0	0	0	0	1	0	0	1	0	1	0	1	0	0	3	0	0	0	0	0	0	0	0	0	0	0	0	0	0	0	0	0	0	0	0	0	0	0	0	0
0.03	south39_active	80	7323	794	336	454	258	532	415	92	266	160	470	489	52	259	82	195	97	23	103	267	183	48	23	9	29	13	21	33	17	27	19	15	26	77	9	10	6	33	3	18	4	1	30	16	4	2	10	1	4	8	3	0	7	13	1	0	1	1	1	2	2	4	2	1	0	13	0	3	0	21	0	3	5	4	0	0	0	0	2	3	1	0	6	0	0	0	1	0	0	0	0	1	0	0	0	0	1	0	1	0	0	3	0	0	0	0	0	0	0	0	0	0	0	0	0	0	0	0	0	0	0	0	0	0	0	0	0
0.03	south40_all	80	8984	2112	1343	1031	736	793	614	398	405	312	570	571	187	320	175	210	144	90	144	296	229	89	65	56	55	41	39	53	38	48	35	30	49	72	31	13	17	28	12	38	16	7	33	21	12	4	9	2	4	10	5	3	11	9	5	5	4	7	1	3	3	2	5	1	1	8	2	3	1	19	4	6	5	1	3	0	2	0	2	4	1	0	3	2	0	0	1	0	1	1	0	1	0	0	1	0	1	0	4	0	0	3	0	0	0	0	0	1	0	0	0	0	1	0	0	0	1	0	0	0	0	0	0	0	0	0	0
0.03	south40_active	80	7222	774	338	464	251	532	384	107	242	156	474	502	58	262	84	157	100	23	110	268	202	45	24	11	32	13	16	36	12	36	21	17	36	64	11	5	5	23	2	28	7	1	31	18	8	2	8	1	3	7	1	0	7	7	1	0	0	6	1	2	0	2	4	0	0	8	0	1	0	18	1	4	5	1	3	0	0	0	2	4	1	0	3	0	0	0	1	0	1	0	0	1	0	0	0	0	1	0	4	0	0	3	0	0	0	0	0	0	0	0	0	0	1	0	0	0	1	0	0	0	0	0	0	0	0	0	0
