label	Group	numOtus	Otu0	Otu1	Otu2	Otu3	Otu4	Otu5	Otu6	Otu7	Otu8	Otu9	Otu10	Otu11	Otu12	Otu13	Otu14	Otu15	Otu16	Otu17	Otu18	Otu19	Otu20	Otu21	Otu22	Otu23	Otu24	Otu25	Otu26	Otu27	Otu28	Otu29	Otu30	Otu31	Otu32	Otu33	Otu34	Otu35	Otu36	Otu37	Otu38	Otu39	Otu40	Otu41	Otu42	Otu43	Otu44	Otu45	Otu46	Otu47	Otu48	Otu49	Otu50	Otu51	Otu52	Otu53	Otu54	Otu55	Otu56	Otu57	Otu58	Otu59	Otu60	Otu61	Otu62	Otu63	Otu64	Otu65	Otu66	Otu67	Otu68	Otu69	Otu70	Otu71	Otu72	Otu73	Otu74	Otu75	Otu76	Otu77	Otu78	Otu79	Otu80	Otu81	Otu82	Otu83	Otu84	Otu85	Otu86	Otu87	Otu88	Otu89	Otu90	Otu91	Otu92	Otu93	Otu94	Otu95	Otu96	Otu97	Otu98	Otu99	Otu100	Otu101	Otu102	Otu103	Otu104	Otu105	Otu106	Otu107	Otu108	Otu109	Otu110	Otu111	Otu112	Otu113	Otu114	Otu115	Otu116	Otu117	Otu118	Otu119	Otu120	Otu121	Otu122	Otu123	Otu124	Otu125	Otu126	Otu127	Otu128	Otu129	Otu130	Otu131	Otu132	Otu133	Otu134	Otu135	Otu136	Otu137	Otu138	Otu139	Otu140	Otu141	Otu142	Otu143	Otu144	Otu145	Otu146	Otu147	Otu148	Otu149	Otu150	Otu151	Otu152	Otu153	Otu154	Otu155	Otu156	Otu157	Otu158	Otu159	Otu160	Otu161	Otu162	Otu163	Otu164	Otu165	Otu166	Otu167	Otu168	Otu169	Otu170	Otu171
0.03	north1_all	80	23849	10572	15720	5681	5531	3443	2334	2825	1960	2557	1636	1767	1374	1044	898	727	1002	864	1058	715	500	336	449	332	329	293	307	287	481	452	306	195	249	187	132	206	114	132	70	85	67	93	98	90	77	73	60	69	80	46	41	38	54	55	49	36	25	26	35	28	55	17	33	18	23	15	16	19	16	13	11	16	8	24	29	10	7	7	12	9	10	25	0	10	11	4	4	7	8	6	5	1	0	2	3	2	1	1	4	1	2	4	2	4	6	2	0	1	2	3	1	0	0	0	0	0	0	0	1	0	0	0	1	1	0	1	1	0	0	0	0	0	0	0	0	0	0	1	0	0	0	0	1	1	0	2	0	0	0	0	0	0	0	0	0	0	0	0	0	0	0	0	1	0	0	0	0	0	0	0	0	0
0.03	north1_active	80	11527	4850	9755	2931	3086	1770	1061	1584	1034	1507	916	1014	794	552	454	375	583	535	627	439	250	162	247	169	196	143	173	151	324	279	185	107	157	118	52	136	68	75	28	40	28	54	60	49	57	50	27	37	60	25	20	20	30	25	31	21	13	18	20	22	30	8	15	9	14	6	10	8	8	8	6	13	3	17	21	3	4	5	3	4	3	6	0	9	8	0	0	6	7	4	1	0	0	0	1	2	1	1	2	0	2	2	1	2	6	2	0	1	1	1	1	0	0	0	0	0	0	0	0	0	0	0	1	0	0	1	1	0	0	0	0	0	0	0	0	0	0	1	0	0	0	0	0	1	0	1	0	0	0	0	0	0	0	0	0	0	0	0	0	0	0	0	1	0	0	0	0	0	0	0	0	0
0.03	north2_all	80	23890	10578	15550	5741	5509	3441	2344	2847	2016	2518	1617	1825	1371	1051	913	719	1045	896	1003	725	529	358	436	338	342	289	315	303	471	441	291	207	242	185	132	209	127	121	84	86	69	85	106	91	95	70	57	64	88	41	35	35	55	58	46	33	31	27	27	31	53	23	36	19	21	18	13	21	21	13	12	14	12	21	31	12	3	6	8	8	6	23	2	10	7	10	3	5	3	5	6	3	2	2	2	0	1	0	4	1	2	5	3	3	4	1	0	1	3	1	0	0	0	1	0	0	2	0	0	0	0	0	2	1	0	0	1	0	0	0	0	0	0	0	0	0	0	1	0	0	0	0	1	0	0	2	0	0	0	0	0	0	0	0	0	0	0	0	0	0	0	0	1	0	0	1	0	0	0	0	0	0
0.03	north2_active	80	11489	4847	9651	2946	3097	1786	1056	1633	1078	1455	883	1071	809	562	476	358	642	533	611	439	267	155	236	173	203	141	175	168	298	258	167	123	150	112	54	135	77	76	39	44	31	53	60	50	69	43	25	29	62	21	18	19	24	27	25	17	14	15	15	22	42	12	19	10	11	5	7	16	10	8	5	12	7	17	26	3	2	5	1	4	3	4	0	9	5	6	1	4	1	4	2	1	1	0	1	0	1	0	2	0	1	3	2	1	4	1	0	1	2	1	0	0	0	0	0	0	2	0	0	0	0	0	2	0	0	0	1	0	0	0	0	0	0	0	0	0	0	1	0	0	0	0	0	0	0	1	0	0	0	0	0	0	0	0	0	0	0	0	0	0	0	0	1	0	0	1	0	0	0	0	0	0
0.03	north3_all	80	23744	10586	15236	5748	5471	3424	2380	3026	2018	2709	1659	1728	1341	1050	916	743	1064	925	949	826	508	353	447	334	364	305	315	293	450	460	260	220	232	169	121	211	132	136	87	78	75	95	102	89	89	66	50	67	87	39	31	38	54	47	50	26	29	40	18	27	50	27	33	19	16	14	14	29	17	10	10	12	14	23	29	15	5	2	6	12	5	4	3	9	6	8	3	2	2	6	4	4	4	2	1	2	1	2	3	0	2	1	3	2	5	1	2	0	2	3	0	1	0	3	0	0	2	0	1	0	0	0	2	1	0	0	1	1	0	0	0	0	0	0	0	0	0	1	0	0	0	0	1	0	0	1	0	0	0	0	0	0	0	0	0	0	0	0	0	0	0	0	1	0	0	1	0	0	0	0	0	0
0.03	north3_active	80	11373	4782	9503	2954	3060	1752	1091	1714	1074	1609	904	998	794	548	476	366	644	548	581	505	246	161	228	174	222	137	171	170	284	264	150	128	143	90	61	146	80	79	37	38	33	65	54	45	63	42	20	30	51	17	18	21	25	22	28	14	11	27	12	14	38	15	15	9	4	5	9	19	8	6	4	8	8	18	22	3	3	2	1	3	1	0	0	9	6	7	1	1	1	4	1	2	3	1	1	2	1	1	1	0	1	1	1	0	5	1	0	0	2	1	0	0	0	0	0	0	2	0	0	0	0	0	2	0	0	0	0	0	0	0	0	0	0	0	0	0	0	1	0	0	0	0	0	0	0	0	0	0	0	0	0	0	0	0	0	0	0	0	0	0	0	0	0	0	0	1	0	0	0	0	0	0
0.03	north4_all	80	23469	10592	14455	5454	5334	3331	2385	2963	1939	2599	1551	1693	1259	988	880	729	977	880	867	827	495	360	432	346	340	308	329	275	414	416	258	216	218	160	116	195	127	117	93	76	76	87	100	85	93	60	52	54	99	42	34	45	52	42	39	21	30	39	18	30	47	23	28	19	20	13	14	31	15	12	8	11	12	15	24	11	6	2	3	14	4	4	5	6	7	9	5	3	3	2	4	4	5	3	0	7	1	3	1	0	1	1	2	0	1	1	2	1	2	2	0	1	0	3	0	0	3	0	3	0	0	0	2	0	0	0	1	1	0	0	1	0	0	0	0	0	0	0	0	0	0	0	0	0	0	0	0	0	0	0	0	0	0	0	0	0	0	0	0	0	0	0	1	0	0	1	0	0	0	0	0	0
0.03	north4_active	80	11087	4777	8954	2739	2970	1723	1080	1661	1029	1534	840	1013	731	498	460	356	605	507	517	487	260	162	226	179	199	147	189	160	243	246	150	120	125	80	53	129	71	69	33	35	35	53	58	47	61	35	23	26	57	18	20	27	25	24	25	8	10	24	14	19	36	10	17	9	5	4	9	23	7	6	3	6	7	10	18	3	5	2	2	5	1	0	2	5	5	7	2	1	1	0	1	2	3	2	0	7	1	1	1	0	0	1	1	0	1	0	0	0	2	0	0	0	0	0	0	0	3	0	2	0	0	0	2	0	0	0	0	0	0	0	1	0	0	0	0	0	0	0	0	0	0	0	0	0	0	0	0	0	0	0	0	0	0	0	0	0	0	0	0	0	0	0	0	0	0	1	0	0	0	0	0	0
0.03	north5_all	80	23241	10415	13691	5354	5105	3315	2392	2816	1852	2555	1489	1591	1204	981	862	697	886	826	827	799	519	347	446	343	337	321	329	276	379	380	244	211	203	162	114	182	140	116	92	63	69	80	99	72	81	63	56	60	93	41	36	38	59	38	43	19	33	44	13	33	29	30	27	18	22	18	20	30	18	9	8	12	11	21	27	13	7	6	23	15	3	9	6	9	4	7	5	4	3	2	3	2	5	4	2	7	2	4	3	0	0	0	1	0	1	1	2	1	0	2	0	1	1	3	0	0	1	0	3	0	0	1	1	0	0	0	1	1	0	0	1	0	0	0	0	0	0	0	0	0	0	0	0	0	0	0	0	0	0	0	0	0	0	0	0	0	0	0	0	0	0	0	1	0	0	0	0	0	0	0	0	0
0.03	north5_active	80	10778	4664	8448	2717	2801	1670	1086	1547	978	1517	767	930	702	484	428	344	504	466	481	482	278	156	215	164	190	154	191	156	226	224	140	106	117	80	56	133	76	66	31	26	33	49	67	39	41	30	24	29	55	17	23	19	25	24	28	8	13	31	9	16	20	16	14	9	9	5	14	20	9	4	4	6	4	15	18	5	4	2	15	6	2	5	4	5	1	4	1	0	1	0	2	2	3	2	1	7	2	2	2	0	0	0	0	0	1	0	0	0	0	0	0	0	1	0	0	0	1	0	2	0	0	0	1	0	0	0	0	0	0	0	1	0	0	0	0	0	0	0	0	0	0	0	0	0	0	0	0	0	0	0	0	0	0	0	0	0	0	0	0	0	0	0	0	0	0	0	0	0	0	0	0	0
0.03	north6_all	80	22746	10354	13135	5328	4882	3223	2358	2731	1858	2411	1370	1561	1164	971	834	642	838	800	852	721	528	362	436	325	326	310	337	286	340	356	226	214	191	173	112	189	149	96	90	56	62	69	106	69	73	70	50	54	71	40	40	41	52	33	39	20	35	28	14	38	25	24	15	16	22	20	19	28	10	9	11	12	12	23	22	12	9	16	35	6	3	9	7	11	3	3	4	6	3	2	3	0	2	4	2	7	3	2	3	0	1	0	1	0	0	1	3	1	0	1	0	0	2	3	0	0	1	0	3	0	0	2	0	0	0	0	2	0	0	0	1	0	0	0	0	0	0	0	0	0	0	0	0	0	0	0	0	0	0	0	0	0	0	0	0	0	0	0	0	0	0	0	0	0	0	0	0	0	0	0	0	0
0.03	north6_active	80	10418	4666	8000	2689	2622	1595	1067	1523	947	1417	683	906	654	481	428	323	468	451	509	418	279	172	222	158	175	163	198	154	208	226	138	113	106	88	51	129	77	49	31	25	29	38	72	38	32	29	22	28	37	21	23	17	22	23	24	9	18	18	5	20	19	12	8	8	10	9	11	17	5	5	6	6	3	18	16	6	5	8	24	3	2	6	6	6	0	0	1	1	1	1	2	0	1	1	1	7	3	1	2	0	1	0	0	0	0	0	1	0	0	0	0	0	1	1	0	0	1	0	2	0	0	1	0	0	0	0	1	0	0	0	1	0	0	0	0	0	0	0	0	0	0	0	0	0	0	0	0	0	0	0	0	0	0	0	0	0	0	0	0	0	0	0	0	0	0	0	0	0	0	0	0	0
0.03	north7_all	80	22946	10428	13006	5311	4931	3273	2318	2708	1814	2350	1418	1606	1167	997	808	601	877	811	875	703	530	378	438	295	324	309	349	290	348	428	242	211	220	175	130	195	135	92	89	65	50	72	107	66	86	73	58	58	66	31	44	41	58	31	46	27	31	25	17	24	25	29	20	10	24	21	18	22	14	13	12	11	14	18	22	10	5	20	35	9	4	10	8	15	2	4	3	5	5	3	4	0	5	3	2	3	3	1	2	1	1	0	6	0	0	0	1	0	0	0	0	1	2	1	0	0	2	0	2	0	0	2	0	0	0	0	1	0	0	0	0	0	0	0	0	0	0	0	0	0	0	0	0	0	0	0	0	0	0	0	0	0	0	0	0	0	0	0	0	0	0	0	0	0	0	0	0	0	0	0	0	0
0.03	north7_active	80	10577	4721	7878	2663	2648	1611	1034	1473	922	1394	708	935	646	518	387	296	494	452	521	425	290	175	227	140	175	162	205	150	220	272	159	107	129	93	56	118	68	42	30	27	27	36	70	31	39	33	22	28	36	20	23	15	24	24	27	14	17	18	7	9	19	18	12	4	14	9	10	12	9	8	6	6	4	14	15	7	2	12	24	6	2	8	8	5	0	2	1	1	1	1	3	0	2	0	1	3	3	1	1	0	1	0	4	0	0	0	1	0	0	0	0	0	1	1	0	0	2	0	2	0	0	1	0	0	0	0	1	0	0	0	0	0	0	0	0	0	0	0	0	0	0	0	0	0	0	0	0	0	0	0	0	0	0	0	0	0	0	0	0	0	0	0	0	0	0	0	0	0	0	0	0	0
0.03	north8_all	80	23117	10479	13519	5303	5112	3320	2295	2765	1917	2453	1483	1686	1228	1030	866	659	900	844	1011	730	495	403	422	290	359	317	368	297	399	453	263	220	242	172	129	196	130	94	96	73	59	82	106	78	84	75	56	65	82	28	58	37	56	35	47	27	31	19	18	22	22	27	24	14	17	14	13	21	14	11	13	9	14	16	15	8	7	18	22	9	5	10	8	13	4	6	2	4	3	9	3	1	5	4	0	2	2	1	0	1	1	1	6	0	0	1	1	0	0	0	0	2	1	1	0	0	3	0	0	0	2	3	0	1	0	0	1	0	0	0	0	0	0	0	0	0	0	0	1	0	0	0	0	0	0	0	0	0	0	0	0	0	0	0	0	0	1	0	0	0	0	0	0	0	0	0	0	0	0	0	0	0
0.03	north8_active	80	10796	4787	8346	2704	2869	1607	1006	1514	971	1454	747	976	702	521	448	333	520	491	608	447	264	187	232	137	202	166	227	155	242	288	176	110	154	93	50	111	63	44	38	31	30	39	68	42	44	41	25	31	47	14	31	15	18	26	27	12	15	10	6	10	14	16	18	7	10	9	6	11	10	8	6	3	6	10	6	4	4	11	17	6	2	4	8	6	4	5	1	2	0	6	1	0	2	2	0	1	1	1	0	0	1	0	4	0	0	0	1	0	0	0	0	1	0	1	0	0	2	0	0	0	2	2	0	0	0	0	1	0	0	0	0	0	0	0	0	0	0	0	0	0	0	0	0	0	0	0	0	0	0	0	0	0	0	0	0	0	1	0	0	0	0	0	0	0	0	0	0	0	0	0	0	0
0.03	north9_all	80	23666	10603	14142	5493	5334	3411	2317	2881	1895	2637	1597	1761	1238	1021	900	704	943	858	1058	751	490	396	431	297	353	317	363	279	407	433	296	223	231	175	142	185	117	97	100	80	66	95	110	73	87	63	58	58	111	43	56	35	65	40	59	31	23	26	15	26	22	25	37	13	18	18	10	14	18	11	11	15	14	6	13	9	9	14	12	9	6	9	7	12	5	12	4	5	3	9	3	1	6	4	0	2	1	2	0	2	1	2	6	0	0	1	1	0	0	0	0	2	0	1	0	0	3	0	0	0	2	1	0	1	0	0	1	0	0	0	0	0	0	0	0	0	0	0	1	0	0	0	0	0	0	0	0	0	2	0	0	0	0	0	0	0	1	0	0	0	0	0	0	0	0	0	0	0	0	0	0	1
0.03	north9_active	80	11187	4839	8729	2756	3019	1724	999	1584	968	1639	840	1046	712	529	458	355	549	499	632	464	266	172	241	148	202	160	217	155	229	261	197	108	147	98	56	93	48	49	40	34	32	54	67	38	43	32	27	30	79	24	26	20	38	26	42	12	7	13	6	13	13	15	31	7	12	12	6	9	10	8	5	6	8	3	6	5	6	13	9	7	1	3	6	7	5	5	2	5	0	7	1	0	3	3	0	1	0	2	0	0	0	0	4	0	0	0	0	0	0	0	0	1	0	0	0	0	2	0	0	0	2	1	0	0	0	0	1	0	0	0	0	0	0	0	0	0	0	0	0	0	0	0	0	0	0	0	0	0	2	0	0	0	0	0	0	0	1	0	0	0	0	0	0	0	0	0	0	0	0	0	0	1
0.03	north10_all	80	24066	10645	14766	5614	5435	3415	2344	2915	1950	2691	1632	1862	1275	1047	909	717	979	843	1075	742	492	386	435	301	393	324	373	265	472	453	295	218	217	185	132	191	120	94	90	74	79	105	109	67	72	56	46	72	121	56	54	38	75	39	65	30	27	33	17	26	21	26	35	15	14	16	10	9	17	7	8	16	11	4	13	12	12	5	7	6	7	13	6	6	10	20	4	6	7	17	4	2	4	4	0	3	1	2	0	2	2	2	1	2	0	1	1	0	0	0	0	1	0	1	1	0	1	0	0	0	2	1	0	1	0	0	0	0	0	0	0	0	0	0	0	0	0	0	1	0	0	0	0	0	0	0	0	0	2	0	0	0	0	0	0	0	1	0	0	0	0	0	0	0	0	0	0	0	0	0	0	1
0.03	north10_active	80	11528	4872	9142	2912	3067	1750	1046	1618	1005	1699	884	1115	720	539	466	367	579	484	606	472	274	166	248	137	232	165	230	144	290	290	191	107	146	105	53	100	51	48	37	31	33	61	62	34	32	30	21	43	85	29	26	26	43	23	48	12	8	18	7	17	12	14	29	9	6	10	5	4	10	3	5	5	6	2	5	7	7	4	5	6	1	4	3	4	9	12	2	4	0	10	1	0	1	3	0	2	0	2	0	0	0	0	0	2	0	0	0	0	0	0	0	1	0	0	1	0	0	0	0	0	2	1	0	0	0	0	0	0	0	0	0	0	0	0	0	0	0	0	0	0	0	0	0	0	0	0	0	0	2	0	0	0	0	0	0	0	1	0	0	0	0	0	0	0	0	0	0	0	0	0	0	1
0.03	north11_all	80	23965	10728	15128	5668	5527	3423	2381	2964	2061	2639	1572	1640	1299	1115	898	715	1003	900	945	760	529	337	508	293	403	275	387	297	474	402	285	207	252	168	117	179	131	89	81	72	88	82	111	83	83	60	63	56	59	55	44	45	54	59	50	30	26	28	21	50	51	16	41	16	13	17	23	22	15	14	10	5	25	24	21	7	8	8	20	9	4	10	3	21	10	6	3	6	5	5	1	4	2	1	3	7	3	2	5	3	1	2	5	1	2	2	3	1	0	1	1	8	1	1	0	1	1	1	1	2	0	0	1	0	0	0	1	0	2	0	1	0	2	0	0	7	0	0	3	0	0	1	0	0	0	0	1	0	1	0	0	0	0	0	0	0	0	0	0	0	0	0	0	0	0	0	1	0	0	0	0	0
0.03	north11_active	80	11560	4821	9588	2958	3092	1773	1037	1749	1036	1623	832	940	732	580	474	357	626	536	594	466	289	170	278	155	237	153	235	153	278	258	160	112	132	90	52	117	65	53	29	36	41	42	70	40	46	25	35	32	38	27	25	23	32	29	23	14	9	14	7	37	35	11	28	9	6	9	8	14	8	7	6	0	11	23	15	4	4	1	17	9	2	6	1	15	8	4	2	5	4	4	0	1	1	1	2	7	1	0	5	0	0	1	5	1	1	1	0	1	0	1	0	0	0	1	0	0	0	1	0	2	0	0	0	0	0	0	0	0	0	0	1	0	2	0	0	6	0	0	3	0	0	0	0	0	0	0	0	0	0	0	0	0	0	0	0	0	0	0	0	0	0	0	0	0	0	0	1	0	0	0	0	0
0.03	north12_all	80	23980	10691	15225	5647	5447	3484	2407	2966	1997	2602	1564	1695	1369	1100	908	716	988	935	1001	792	553	328	534	290	383	279	376	295	459	433	297	194	243	170	120	172	127	101	77	83	73	79	112	84	83	64	60	65	79	51	43	32	68	48	43	30	31	29	18	36	50	21	40	14	12	13	21	36	16	14	7	9	22	20	15	7	9	11	35	9	3	11	3	17	11	3	3	5	7	5	2	6	3	2	3	6	3	1	3	2	0	2	5	0	2	3	2	1	0	0	1	7	1	1	1	1	1	1	1	2	0	0	1	0	0	0	1	1	0	0	0	1	2	0	0	7	0	0	0	0	0	1	0	0	0	0	1	0	1	0	0	0	0	0	0	0	0	0	0	0	0	0	0	0	0	0	1	0	0	0	0	0
0.03	north12_active	80	11558	4761	9622	2912	3059	1806	1053	1739	1003	1572	813	965	787	577	471	340	589	560	647	512	318	161	307	168	218	153	238	160	271	273	178	106	129	98	52	102	63	60	33	42	39	38	68	42	41	30	34	38	53	22	23	17	41	22	23	17	13	17	5	21	33	14	26	8	6	6	8	29	11	7	4	4	10	19	9	3	5	5	18	9	0	9	1	13	8	2	1	4	6	4	0	3	2	1	2	6	1	0	3	1	0	2	5	0	1	2	0	1	0	0	0	0	0	0	0	0	0	1	0	2	0	0	0	0	0	0	0	1	0	0	0	0	2	0	0	6	0	0	0	0	0	0	0	0	0	0	0	0	0	0	0	0	0	0	0	0	0	0	0	0	0	0	0	0	0	0	1	0	0	0	0	0
0.03	north13_all	80	24048	10495	15038	5561	5405	3484	2428	2974	1925	2628	1536	1704	1364	1027	884	676	982	956	959	775	532	334	513	304	386	281	376	277	447	400	264	189	228	169	128	170	131	111	74	82	76	75	102	71	70	77	62	71	80	53	41	33	68	34	34	27	30	28	17	35	33	17	40	13	13	9	18	42	20	11	7	10	25	9	10	7	10	13	29	9	6	9	2	20	8	11	3	7	6	1	3	6	3	3	2	6	2	1	2	2	2	2	4	0	3	2	2	1	0	0	0	7	1	2	1	0	2	1	1	2	0	0	1	0	0	1	0	2	1	0	0	1	1	0	0	1	0	1	0	0	0	0	0	0	0	0	1	0	1	0	0	0	0	0	0	0	0	0	0	0	0	0	0	0	0	0	0	1	0	0	0	0
0.03	north13_active	80	11580	4761	9348	2834	3016	1807	1104	1710	984	1620	806	966	772	513	473	304	585	585	597	487	280	168	297	178	214	148	238	155	275	253	156	106	118	101	54	106	69	65	31	43	38	40	58	37	33	40	30	40	53	24	22	18	41	19	13	18	13	14	8	21	19	9	27	5	7	4	7	31	13	6	3	5	13	8	8	1	6	8	12	8	2	4	1	10	6	10	1	3	4	0	0	4	2	2	1	6	1	0	2	1	2	2	4	0	1	2	0	1	0	0	0	0	0	0	0	0	0	1	0	2	0	0	0	0	0	0	0	1	1	0	0	0	1	0	0	0	0	0	0	0	0	0	0	0	0	0	0	0	0	0	0	0	0	0	0	0	0	0	0	0	0	0	0	0	0	0	0	1	0	0	0	0
0.03	north14_all	80	23493	10481	14457	5563	5162	3401	2383	2853	1901	2587	1551	1621	1393	1007	873	656	929	894	989	765	516	370	484	305	371	277	350	271	394	398	255	196	233	147	122	184	118	103	73	84	81	75	92	65	75	82	50	73	77	54	45	33	80	31	39	26	30	24	20	28	32	22	26	9	16	11	17	34	12	10	1	10	12	8	11	7	7	13	29	11	4	8	0	13	9	11	1	9	5	2	4	4	4	2	3	5	1	1	2	2	6	1	1	0	4	1	2	0	1	0	0	0	0	2	2	0	1	2	0	1	1	0	0	0	0	1	0	2	1	0	0	1	3	0	0	0	0	1	0	0	0	0	0	0	0	0	0	0	1	0	0	0	0	0	0	0	0	0	0	0	0	0	0	0	0	0	0	1	0	0	0	0
0.03	north14_active	80	11119	4690	8939	2802	2860	1716	1106	1618	979	1567	817	935	819	509	445	302	537	535	602	452	260	184	279	167	207	147	202	158	270	256	162	110	130	86	53	108	55	57	29	41	37	41	51	33	42	45	25	44	47	27	21	21	52	14	20	19	14	13	7	15	17	14	17	5	10	5	6	22	8	5	0	5	9	5	6	1	5	10	12	8	2	3	0	5	6	10	0	3	3	2	2	4	3	1	2	4	0	1	2	1	6	1	1	0	2	1	1	0	1	0	0	0	0	0	1	0	0	1	0	1	1	0	0	0	0	0	0	1	1	0	0	0	0	0	0	0	0	0	0	0	0	0	0	0	0	0	0	0	0	0	0	0	0	0	0	0	0	0	0	0	0	0	0	0	0	0	0	1	0	0	0	0
0.03	north15_all	80	22998	10260	13919	5448	4987	3265	2347	2864	1852	2526	1519	1606	1346	976	841	664	901	801	965	699	480	389	459	288	347	272	335	279	335	308	247	172	218	143	106	194	116	118	81	82	72	79	83	65	76	74	49	66	59	51	39	38	59	38	41	32	22	25	20	28	34	30	23	8	16	13	16	22	13	12	4	10	9	13	21	6	5	8	21	13	7	6	3	10	3	12	2	8	5	4	6	1	8	1	2	3	1	3	2	0	6	1	1	1	4	0	1	0	1	0	0	0	0	2	1	0	1	2	0	0	1	0	0	0	0	1	0	1	1	0	0	0	3	0	0	0	0	1	2	1	0	0	0	0	0	0	0	0	0	0	0	0	0	0	0	0	0	0	0	0	0	0	0	0	0	0	0	1	0	0	0	0
0.03	north15_active	80	10714	4599	8567	2683	2766	1617	1113	1623	945	1523	820	945	793	486	434	294	532	469	583	402	250	191	240	143	195	143	181	153	229	214	144	105	116	87	47	117	53	61	35	38	31	44	45	34	45	44	19	32	33	27	22	19	35	17	18	17	7	14	10	15	22	24	15	3	9	3	7	10	8	7	2	4	7	10	4	1	3	7	5	9	4	1	2	1	1	11	0	1	2	2	4	1	7	1	1	1	0	1	2	0	6	0	1	0	2	0	1	0	1	0	0	0	0	0	1	0	0	1	0	0	1	0	0	0	0	0	0	0	1	0	0	0	0	0	0	0	0	0	2	0	0	0	0	0	0	0	0	0	0	0	0	0	0	0	0	0	0	0	0	0	0	0	0	0	0	0	0	1	0	0	0	0
0.03	north16_all	80	22649	10136	13461	5316	4909	3194	2382	2719	1796	2395	1486	1559	1338	935	827	632	893	722	954	706	480	379	476	284	315	271	333	240	340	315	249	170	234	128	114	193	106	99	80	73	68	78	74	66	82	71	43	79	58	54	40	39	61	40	41	39	16	22	24	29	44	34	29	6	22	17	19	17	11	9	7	9	5	14	24	6	8	7	8	9	5	3	5	3	7	3	3	7	4	5	7	4	13	1	2	2	3	4	0	5	6	3	1	1	3	0	1	0	1	0	0	1	0	0	1	0	2	2	0	0	1	0	0	0	0	0	0	0	1	1	0	0	3	0	0	0	0	1	2	1	1	0	0	0	0	0	0	0	1	0	0	0	0	0	1	0	0	0	0	0	0	0	0	0	0	0	0	0	0	0	0	0
0.03	north16_active	80	10463	4439	8300	2586	2756	1553	1123	1554	910	1412	799	914	733	486	437	294	527	396	569	390	246	188	274	135	161	131	170	122	241	228	144	91	130	72	49	112	55	53	39	35	27	41	41	34	55	38	17	34	32	31	22	18	41	20	20	18	5	13	14	17	30	27	17	2	15	7	9	5	4	6	3	2	2	9	6	4	4	7	6	5	2	1	4	1	1	2	0	3	2	2	4	3	11	0	1	0	0	2	0	4	5	1	1	0	1	0	1	0	1	0	0	1	0	0	1	0	2	0	0	0	1	0	0	0	0	0	0	0	1	0	0	0	0	0	0	0	0	0	2	0	0	0	0	0	0	0	0	0	0	0	0	0	0	0	0	0	0	0	0	0	0	0	0	0	0	0	0	0	0	0	0	0
0.03	north17_all	80	23121	10230	13580	5311	4893	3216	2319	2811	1867	2427	1527	1629	1361	925	835	672	916	770	999	702	516	380	489	309	327	296	334	264	360	318	264	178	256	147	109	217	115	114	81	75	63	75	83	76	80	64	48	73	60	45	30	44	61	42	32	41	12	25	24	34	40	35	22	7	20	19	19	26	13	8	9	8	4	13	24	8	10	4	20	11	6	3	6	2	10	10	6	6	4	7	6	5	14	2	0	1	4	3	0	6	4	4	6	1	0	1	1	1	0	0	1	1	0	0	1	0	2	1	1	0	0	0	0	0	0	0	0	0	0	1	0	0	3	0	0	0	0	0	2	1	1	0	0	0	0	0	0	0	1	0	0	0	0	0	1	0	0	0	0	0	0	0	0	0	0	0	0	0	0	0	2	0
0.03	north17_active	80	10849	4529	8442	2557	2709	1615	1053	1657	955	1505	807	921	730	497	449	305	546	452	597	409	282	191	280	148	175	151	181	133	252	214	147	97	153	86	50	123	65	61	43	36	28	43	47	38	53	29	16	32	34	22	15	19	46	17	14	19	4	17	14	19	23	26	12	3	13	11	7	13	7	4	5	2	1	8	6	5	4	3	12	8	3	2	5	1	1	9	0	4	2	4	2	3	11	1	0	0	1	1	0	4	3	2	5	0	0	0	1	1	0	0	0	1	0	0	1	0	2	0	0	0	0	0	0	0	0	0	0	0	0	0	0	0	0	0	0	0	0	0	2	0	0	0	0	0	0	0	0	0	0	0	0	0	0	0	0	0	0	0	0	0	0	0	0	0	0	0	0	0	0	0	2	0
0.03	north18_all	80	23343	10291	14422	5435	5138	3293	2307	2853	1890	2433	1567	1700	1406	972	865	705	976	845	994	741	538	368	486	334	318	299	340	261	418	369	286	200	263	161	118	236	114	103	90	73	72	85	99	72	81	66	44	67	60	42	30	40	61	38	30	31	16	27	23	33	42	33	22	8	26	16	17	38	15	5	7	13	11	17	17	10	8	4	22	8	5	4	6	1	12	13	6	6	1	6	3	7	9	3	0	11	4	2	1	6	3	3	5	0	0	1	2	2	1	0	1	1	1	2	0	0	2	2	1	0	0	0	0	1	0	0	0	0	0	1	0	0	1	0	0	0	0	0	0	1	1	0	0	0	0	0	0	0	1	0	0	0	0	0	1	0	0	0	0	0	0	0	0	0	0	0	0	0	0	0	2	0
0.03	north18_active	80	11002	4591	9056	2669	2914	1697	1023	1669	967	1501	832	933	763	530	463	325	597	530	601	441	297	174	271	163	157	151	193	134	293	224	160	102	170	89	47	132	61	57	52	36	31	48	60	33	51	27	16	34	37	20	13	23	46	9	12	13	7	20	13	17	24	22	13	4	15	9	8	20	7	2	4	7	5	7	5	6	3	3	11	7	4	3	5	0	1	11	0	4	0	3	0	5	7	1	0	7	1	1	0	4	1	2	4	0	0	0	1	1	0	0	0	1	0	2	0	0	2	1	0	0	0	0	0	1	0	0	0	0	0	0	0	0	1	0	0	0	0	0	0	0	0	0	0	0	0	0	0	0	0	0	0	0	0	0	0	0	0	0	0	0	0	0	0	0	0	0	0	0	0	0	2	0
0.03	north19_all	80	23695	10510	14773	5546	5150	3374	2273	2949	2005	2551	1583	1764	1336	1011	921	711	1012	894	956	766	551	376	481	357	344	312	360	277	406	409	294	220	264	171	117	232	129	99	93	86	78	90	110	73	64	62	49	46	58	46	34	42	71	42	31	25	19	27	20	45	34	29	22	10	17	11	22	47	13	9	4	11	17	23	12	11	5	5	18	8	5	6	2	1	14	10	7	5	1	6	2	5	3	2	2	12	4	1	1	3	4	2	5	0	0	4	2	2	2	1	1	0	4	3	0	0	0	1	2	0	0	0	0	1	0	1	0	0	0	0	0	0	1	0	0	0	0	0	0	0	1	0	0	0	0	0	0	0	2	0	0	0	0	0	1	0	0	0	0	0	0	0	0	0	0	0	0	0	0	1	2	0
0.03	north19_active	80	11281	4740	9378	2747	2935	1732	1006	1732	1065	1621	838	970	749	539	496	318	595	566	579	472	308	174	247	171	196	155	194	138	278	225	176	119	178	91	54	125	67	54	51	42	31	55	65	37	36	34	18	24	37	23	16	23	54	16	11	11	8	21	6	29	20	18	10	5	9	7	12	29	8	4	2	7	6	14	7	7	1	3	6	7	3	5	2	0	6	9	1	4	0	3	1	3	0	1	1	7	2	1	0	1	1	1	4	0	0	0	1	1	0	0	0	0	0	3	0	0	0	1	0	0	0	0	0	1	0	0	0	0	0	0	0	0	1	0	0	0	0	0	0	0	0	0	0	0	0	0	0	0	0	0	0	0	0	0	0	0	0	0	0	0	0	0	0	0	0	0	0	0	0	1	2	0
0.03	north20_all	80	23643	10535	15126	5665	5214	3391	2289	2998	2058	2575	1601	1764	1309	1038	920	692	1095	936	922	795	549	378	443	356	359	292	336	292	395	381	295	223	255	187	120	200	117	100	102	97	84	84	131	76	81	53	41	42	62	53	38	47	60	43	36	21	22	27	27	35	38	22	20	16	16	20	16	40	13	13	2	12	22	29	16	10	3	5	14	4	6	6	0	5	13	5	8	2	2	5	2	3	1	2	2	12	2	2	1	1	5	0	0	0	0	3	6	3	3	2	0	1	4	4	2	0	0	3	1	0	0	0	0	1	0	1	0	0	0	0	0	0	2	0	0	0	0	0	0	0	0	0	0	0	0	0	0	0	1	0	0	0	0	0	0	0	0	0	0	0	0	0	0	0	0	0	0	0	0	1	0	0
0.03	north20_active	80	11204	4800	9489	2862	2953	1749	1033	1717	1091	1651	860	1012	766	550	496	317	646	600	556	499	319	181	219	175	205	147	178	154	264	219	175	127	172	98	54	107	63	58	53	46	37	50	79	37	48	33	19	24	39	28	15	29	44	23	16	12	11	20	13	22	28	12	7	9	5	13	12	24	6	6	1	7	9	19	8	4	0	3	5	4	3	5	0	4	5	3	3	1	1	2	2	3	0	1	1	7	1	2	0	1	2	0	0	0	0	0	5	2	1	1	0	1	0	4	1	0	0	3	0	0	0	0	0	1	0	0	0	0	0	0	0	0	1	0	0	0	0	0	0	0	0	0	0	0	0	0	0	0	0	0	0	0	0	0	0	0	0	0	0	0	0	0	0	0	0	0	0	0	0	1	0	0
0.03	south21_all	80	43015	15228	12620	9844	5940	4547	3238	2013	3272	1760	2367	1300	997	796	768	759	591	553	1172	435	573	373	409	338	547	357	268	240	309	231	159	216	189	131	128	234	182	138	108	110	108	158	66	75	78	62	45	76	42	53	38	58	60	31	25	26	32	40	43	22	21	24	19	42	18	21	14	8	12	11	22	15	9	10	8	12	7	11	7	4	13	8	11	5	1	2	8	5	3	5	1	1	5	3	13	7	2	3	2	5	2	0	2	0	1	1	3	1	1	0	2	1	1	0	1	0	0	2	2	1	0	0	0	2	0	0	0	0	0	0	2	0	0	0	0	0	0	0	0	0	1	0	0	1	0	0	0	0	0	2	0	0	0	0	0	0	0	0	0	0	0	0	0	0	0	0	0	0	0	0	0	0
0.03	south21_active	80	26250	8633	7622	6211	3479	2587	1697	965	2026	923	1417	675	452	358	365	365	280	252	695	201	331	168	221	152	359	191	141	111	166	126	80	113	80	60	65	154	115	63	58	65	66	95	30	40	44	25	18	35	22	30	26	35	34	14	14	12	10	26	27	11	12	12	8	26	6	15	8	3	7	7	19	8	2	6	2	4	5	9	5	3	8	5	6	4	0	0	3	4	2	3	0	0	4	3	8	5	0	1	1	3	1	0	0	0	1	1	0	0	0	0	0	0	0	0	1	0	0	1	0	1	0	0	0	1	0	0	0	0	0	0	1	0	0	0	0	0	0	0	0	0	0	0	0	1	0	0	0	0	0	2	0	0	0	0	0	0	0	0	0	0	0	0	0	0	0	0	0	0	0	0	0	0
0.03	south22_all	80	42485	15291	12642	9747	5711	4621	3223	2041	3327	1796	2317	1300	960	811	777	696	579	571	1135	430	581	349	410	328	514	335	287	255	309	216	174	217	179	131	117	246	209	163	117	97	127	154	67	66	79	58	49	79	37	64	52	62	56	31	27	34	36	32	56	18	25	19	23	24	26	23	15	12	10	16	12	20	9	13	7	12	9	12	11	9	12	6	12	3	2	2	6	6	3	6	2	2	3	2	5	7	2	2	4	8	0	0	3	0	1	2	2	1	0	0	0	0	0	0	1	0	1	0	3	1	0	0	1	1	0	0	0	0	0	0	2	0	0	0	0	0	1	0	0	0	1	0	0	1	0	0	0	0	0	2	0	0	0	0	0	0	0	0	0	1	0	0	0	0	0	0	0	0	0	0	0	0
0.03	south22_active	80	26018	8633	7623	6079	3321	2648	1730	958	2099	948	1377	665	458	382	372	333	268	263	678	201	338	159	222	145	331	182	163	121	179	115	80	106	89	68	56	169	125	94	63	44	71	91	29	35	47	24	20	41	22	36	32	37	33	18	11	18	10	19	37	7	14	10	10	8	9	15	8	5	7	10	7	10	2	6	2	5	7	9	8	7	7	3	7	2	1	0	3	5	1	3	1	0	1	2	2	4	0	1	1	5	0	0	1	0	1	2	0	0	0	0	0	0	0	0	1	0	0	0	1	1	0	0	1	0	0	0	0	0	0	0	1	0	0	0	0	0	1	0	0	0	0	0	0	1	0	0	0	0	0	2	0	0	0	0	0	0	0	0	0	1	0	0	0	0	0	0	0	0	0	0	0	0
0.03	south23_all	80	42673	15518	12640	9640	5734	4590	3236	2042	3308	1813	2276	1375	957	821	802	713	602	570	1132	433	610	353	406	313	551	340	277	278	287	190	190	222	193	137	136	210	187	176	108	99	149	168	64	77	64	50	48	74	34	73	49	57	45	30	24	28	34	29	60	17	28	18	20	25	29	24	15	14	12	13	14	14	7	13	7	9	13	15	12	13	11	7	11	6	2	3	4	7	2	6	3	3	5	2	6	6	6	1	2	6	0	0	3	0	3	3	2	1	0	0	0	0	0	0	1	0	1	0	4	1	0	0	1	1	0	0	0	0	0	2	1	0	0	0	2	1	1	0	0	0	1	0	0	1	0	0	0	0	0	0	0	0	0	0	0	0	0	0	0	1	0	0	0	0	0	1	0	0	0	0	0	0
0.03	south23_active	80	26047	8685	7616	5960	3326	2596	1800	981	2078	972	1349	735	482	370	383	347	270	274	682	202	347	175	224	136	360	176	150	144	188	100	79	111	95	80	69	144	110	112	58	47	79	92	31	42	35	22	21	42	17	44	27	37	24	15	7	15	13	15	43	6	17	12	10	12	11	17	7	8	8	9	7	8	2	5	3	4	9	10	9	11	7	2	8	3	1	1	2	5	1	1	2	0	2	2	2	4	3	0	0	2	0	0	1	0	1	2	1	0	0	0	0	0	0	0	1	0	0	0	2	1	0	0	1	0	0	0	0	0	0	0	0	0	0	0	2	1	1	0	0	0	0	0	0	1	0	0	0	0	0	0	0	0	0	0	0	0	0	0	0	1	0	0	0	0	0	0	0	0	0	0	0	0
0.03	south24_all	80	42404	15361	12641	9751	5663	4502	3163	2036	3335	1822	2392	1375	952	819	831	709	615	586	1076	442	611	370	378	298	564	329	283	261	319	178	186	205	188	130	128	210	193	180	109	105	143	144	72	85	63	52	45	73	41	76	49	53	52	29	26	29	36	31	74	19	26	17	22	32	32	22	16	13	10	22	13	14	8	12	10	9	10	15	12	14	6	4	12	8	3	7	4	5	2	7	4	2	4	1	4	2	5	1	3	5	1	0	2	0	3	5	1	1	0	0	0	1	0	0	1	0	1	0	2	1	0	0	1	0	0	0	1	0	0	2	0	0	0	0	2	1	1	0	0	0	0	0	0	0	0	0	0	0	0	0	0	0	0	0	0	0	0	0	1	1	0	0	0	1	0	1	0	0	0	0	0	0
0.03	south24_active	80	25677	8603	7671	5936	3261	2531	1751	966	2087	986	1468	751	477	366	401	359	258	285	624	197	354	181	211	130	384	174	144	132	204	87	88	106	85	75	67	136	115	117	60	51	82	72	36	44	33	24	23	40	19	48	28	35	30	13	9	19	14	17	57	8	16	10	9	15	10	13	6	9	6	15	8	6	2	4	5	6	6	10	9	10	1	2	9	4	2	2	2	4	0	1	2	0	2	1	1	0	3	0	0	2	0	0	1	0	1	3	1	0	0	0	0	0	0	0	1	0	0	0	2	0	0	0	1	0	0	0	1	0	0	0	0	0	0	0	2	1	1	0	0	0	0	0	0	0	0	0	0	0	0	0	0	0	0	0	0	0	0	0	1	1	0	0	0	0	0	0	0	0	0	0	0	0
0.03	south25_all	80	42618	15148	12688	9661	5805	4479	3164	1976	3322	1830	2406	1358	1003	802	860	735	616	592	1096	446	580	375	377	293	587	389	266	257	314	191	176	198	193	137	130	192	179	180	110	103	162	125	65	98	68	59	49	65	45	86	39	47	45	34	28	26	31	34	79	22	20	18	30	33	24	28	16	17	8	17	8	14	9	13	13	9	10	11	10	13	6	10	11	8	3	7	5	1	2	12	2	2	4	1	3	2	5	1	1	4	1	1	1	0	2	3	2	0	1	1	1	1	0	1	2	0	1	0	2	1	0	0	2	0	0	0	1	1	0	3	0	0	0	0	2	1	0	0	0	0	0	0	0	0	0	0	0	0	0	0	0	0	0	0	0	0	0	0	1	0	0	0	0	1	0	1	0	1	0	0	0	0
0.03	south25_active	80	25906	8405	7706	5856	3445	2525	1758	934	2034	962	1471	748	486	347	397	380	260	281	629	195	339	184	210	124	386	197	130	131	182	95	92	113	81	79	66	111	116	125	65	47	94	52	34	57	36	28	22	33	16	56	23	31	28	14	9	19	13	20	62	9	12	10	19	19	6	12	6	11	3	11	4	8	3	6	5	8	5	6	8	9	3	7	8	4	2	3	3	0	1	8	1	0	2	0	1	1	4	0	0	1	0	0	0	0	0	1	2	0	1	0	1	0	0	0	2	0	0	0	2	0	0	0	2	0	0	0	1	0	0	1	0	0	0	0	2	1	0	0	0	0	0	0	0	0	0	0	0	0	0	0	0	0	0	0	0	0	0	0	1	0	0	0	0	0	0	0	0	1	0	0	0	0
0.03	south26_all	80	42623	15081	12595	9920	5756	4560	3149	1982	3235	1856	2431	1299	1036	791	861	767	593	623	1191	449	579	384	383	303	575	396	253	246	345	207	157	191	194	137	113	191	184	170	124	94	158	106	72	94	72	72	52	49	56	77	40	48	63	38	23	20	38	34	73	22	24	15	29	24	28	27	15	18	6	15	15	18	6	8	15	12	8	12	4	12	6	9	14	6	5	6	3	1	3	11	2	2	4	2	1	3	4	1	1	2	1	1	0	1	1	4	2	1	1	1	1	1	0	1	3	0	1	0	0	1	1	0	1	0	2	0	1	1	0	4	0	0	0	0	0	1	0	0	1	0	0	0	0	0	1	0	0	0	0	0	0	3	0	0	0	0	0	1	1	0	0	0	0	1	0	0	0	1	0	0	0	0
0.03	south26_active	80	25884	8478	7685	6029	3392	2606	1732	915	1955	977	1487	689	495	340	393	412	256	291	675	206	340	181	204	135	375	202	129	131	190	102	86	105	85	69	58	109	115	110	66	47	92	53	33	55	43	35	23	18	23	52	22	34	36	17	8	16	18	20	60	11	18	7	19	10	10	12	4	12	2	9	10	11	2	7	5	8	3	8	2	7	3	7	9	3	3	2	1	1	2	7	1	2	4	1	0	1	1	1	0	1	0	0	0	1	0	2	2	0	1	0	1	0	0	0	2	0	0	0	0	0	0	0	1	0	2	0	1	0	0	1	0	0	0	0	0	1	0	0	0	0	0	0	0	0	0	0	0	0	0	0	0	3	0	0	0	0	0	1	1	0	0	0	0	0	0	0	0	1	0	0	0	0
0.03	south27_all	80	42996	15104	12581	9889	5751	4600	3199	2022	3205	1902	2418	1274	1007	814	858	794	553	631	1307	472	609	403	383	280	540	400	277	255	321	222	153	183	205	134	108	181	194	162	119	99	152	125	56	86	76	74	56	43	53	66	45	49	57	31	27	22	33	37	42	15	29	15	28	17	33	32	15	28	10	9	18	14	5	13	16	11	5	15	4	9	6	8	8	3	6	5	1	3	6	9	1	4	4	6	3	4	4	1	0	2	0	2	0	1	0	2	1	1	2	4	1	1	0	3	3	0	1	0	0	0	1	0	1	0	2	0	1	1	0	2	0	0	0	0	0	0	0	0	1	0	0	0	0	0	1	0	0	2	0	0	0	3	0	0	0	0	0	1	0	0	0	0	0	0	0	0	0	1	0	0	0	0
0.03	south27_active	80	26220	8505	7720	6099	3372	2690	1794	933	1903	1008	1475	671	462	358	405	425	252	295	806	221	361	193	199	137	345	198	133	135	164	108	81	95	109	66	54	110	101	96	59	45	91	73	21	51	48	35	22	21	24	38	24	32	37	15	13	16	14	23	29	6	23	9	17	11	15	16	8	17	6	2	13	10	2	12	4	7	2	11	3	3	4	7	4	2	4	2	1	3	3	7	1	2	4	2	0	1	2	1	0	1	0	1	0	1	0	2	1	0	1	0	1	0	0	1	2	0	0	0	0	0	0	0	1	0	2	0	1	0	0	1	0	0	0	0	0	0	0	0	0	0	0	0	0	0	0	0	0	2	0	0	0	3	0	0	0	0	0	1	0	0	0	0	0	0	0	0	0	1	0	0	0	0
0.03	south28_all	80	43096	15168	12544	9865	5851	4599	3182	2024	3187	1823	2398	1252	1011	819	825	727	538	593	1368	441	623	385	381	306	539	390	276	274	318	245	144	193	202	132	111	197	206	151	117	101	165	134	65	81	76	83	47	51	58	59	49	50	60	29	27	21	43	32	35	13	31	15	20	20	26	29	17	29	13	14	21	13	1	9	15	9	6	15	4	6	7	7	8	2	8	2	5	5	5	9	1	5	4	5	6	4	4	1	2	0	0	1	0	2	1	4	0	1	1	3	1	0	0	2	1	0	2	0	0	0	1	0	0	0	2	0	0	1	1	2	0	1	0	1	0	0	0	0	1	0	0	0	0	0	1	0	0	2	1	0	0	3	0	0	0	0	0	1	0	0	0	0	0	0	0	0	0	1	0	0	0	0
0.03	south28_active	80	26333	8538	7704	6192	3462	2688	1795	940	1900	962	1466	677	467	376	388	382	240	276	882	211	366	185	181	154	357	203	136	155	183	129	69	100	115	63	55	129	106	86	62	51	98	88	24	45	42	40	22	22	28	39	27	34	38	12	14	12	16	21	17	7	25	9	9	11	15	15	10	15	6	8	16	9	0	6	5	3	3	12	3	1	5	7	2	2	3	1	5	3	2	7	1	3	4	2	4	1	2	1	0	0	0	1	0	1	1	2	0	0	0	0	1	0	0	1	0	0	0	0	0	0	0	0	0	0	2	0	0	0	0	1	0	1	0	1	0	0	0	0	0	0	0	0	0	0	0	0	0	2	1	0	0	3	0	0	0	0	0	1	0	0	0	0	0	0	0	0	0	1	0	0	0	0
0.03	south29_all	80	42996	15075	12524	9851	5790	4523	3060	2029	3275	1774	2450	1319	955	821	798	738	561	569	1252	438	685	368	375	316	533	371	265	274	320	238	148	206	198	131	121	225	198	132	108	97	171	144	58	76	65	71	45	59	53	62	51	39	65	26	27	24	41	38	40	16	29	20	20	22	23	19	19	19	12	13	15	16	5	13	12	11	6	18	9	9	5	7	9	1	9	2	6	5	5	7	1	7	2	4	6	3	3	2	3	8	0	1	3	3	1	3	0	1	1	4	1	0	0	2	1	0	1	0	0	0	0	0	1	0	2	0	0	0	1	1	0	1	0	1	0	0	0	1	0	0	0	0	0	0	1	0	1	2	1	0	0	0	0	0	0	0	0	1	0	0	0	0	0	0	0	0	0	0	0	0	0	0
0.03	south29_active	80	26433	8398	7589	6120	3444	2597	1714	961	1922	952	1513	716	444	385	385	375	237	276	809	212	382	173	170	165	335	199	131	136	185	120	73	115	117	71	59	129	96	70	64	53	112	90	21	43	35	37	19	31	28	38	28	23	43	12	14	13	14	29	17	8	22	10	9	13	12	9	15	10	7	9	10	9	3	10	5	5	4	14	6	6	4	6	1	1	3	0	5	3	2	5	1	1	1	1	4	0	3	1	0	8	0	1	0	2	1	1	0	0	0	0	1	0	0	1	0	0	0	0	0	0	0	0	1	0	2	0	0	0	0	0	0	1	0	1	0	0	0	1	0	0	0	0	0	0	0	0	0	2	1	0	0	0	0	0	0	0	0	1	0	0	0	0	0	0	0	0	0	0	0	0	0	0
0.03	south30_all	80	42868	15031	12475	9808	5898	4550	3013	1991	3283	1784	2498	1309	951	800	838	716	576	531	1166	415	696	357	355	321	532	372	263	269	314	218	154	232	190	133	118	285	188	138	105	105	164	173	64	77	68	71	41	54	55	69	60	46	59	29	26	27	50	37	42	19	25	22	15	37	20	19	19	13	10	12	18	16	6	11	9	9	6	16	9	13	7	8	6	1	10	1	7	4	4	8	1	5	1	3	4	1	3	1	3	8	1	1	3	3	1	2	0	1	1	1	1	3	1	0	0	0	1	0	0	0	0	0	1	0	0	0	0	0	1	0	0	1	0	1	0	0	0	1	0	0	0	0	0	0	0	0	1	2	1	0	0	0	0	0	0	0	0	0	0	0	0	1	0	0	0	0	0	0	1	0	0	0
0.03	south30_active	80	26468	8409	7501	6071	3568	2614	1647	929	1964	951	1569	701	468	381	401	331	249	271	756	187	386	156	161	153	336	210	137	132	189	112	70	134	103	78	53	183	102	83	55	60	110	114	24	38	37	34	21	29	30	45	34	22	41	11	14	13	21	28	20	8	16	10	9	20	8	7	14	6	4	10	12	10	3	6	3	5	4	12	6	8	4	5	1	0	4	0	6	2	1	6	0	1	0	1	4	0	3	0	0	8	0	1	0	2	1	0	0	0	1	0	1	3	0	0	0	0	0	0	0	0	0	0	1	0	0	0	0	0	0	0	0	1	0	1	0	0	0	1	0	0	0	0	0	0	0	0	0	2	1	0	0	0	0	0	0	0	0	0	0	0	0	0	0	0	0	0	0	0	1	0	0	0
0.03	south31_all	80	42915	14760	12956	10066	5706	4481	3131	2028	3521	1775	2531	1317	992	818	794	756	581	548	1068	404	598	371	384	313	479	337	256	229	332	212	142	203	162	169	125	210	239	177	112	104	131	126	51	88	74	69	47	56	42	56	69	55	52	30	27	34	41	37	52	25	23	17	37	36	30	39	6	22	16	12	19	11	11	9	8	9	8	15	7	14	6	17	6	2	3	6	2	1	2	2	4	0	7	2	3	3	1	2	0	2	2	1	2	1	1	1	2	0	1	4	2	1	3	0	1	0	1	1	1	1	0	1	0	0	0	0	1	0	0	0	0	0	1	0	0	0	0	0	0	3	0	0	0	0	0	1	0	0	0	0	0	0	1	0	0	1	0	0	0	0	3	0	0	0	0	0	0	0	0	0	0	0
0.03	south31_active	80	26183	8266	7978	6371	3294	2537	1684	1001	2222	926	1560	681	452	363	383	357	261	244	666	175	346	179	203	141	303	184	141	109	210	112	59	122	93	96	48	146	147	107	68	61	74	89	18	44	37	30	25	28	19	35	40	37	21	19	13	15	31	17	40	8	7	10	19	25	15	25	3	11	10	5	10	7	8	7	2	5	4	10	4	6	3	8	3	1	1	2	2	1	0	1	2	0	4	0	2	2	0	1	0	2	1	1	1	1	1	1	0	0	1	3	0	1	3	0	0	0	1	1	0	0	0	1	0	0	0	0	0	0	0	0	0	0	0	0	0	0	0	0	0	2	0	0	0	0	0	1	0	0	0	0	0	0	0	0	0	1	0	0	0	0	3	0	0	0	0	0	0	0	0	0	0	0
0.03	south32_all	80	43063	15009	12856	10101	5719	4496	3174	2024	3426	1738	2482	1363	1000	795	854	765	604	557	1079	409	585	370	384	310	483	331	252	233	313	213	143	195	191	182	125	213	191	189	123	93	134	116	54	89	81	58	56	63	43	63	72	52	52	29	27	31	36	39	38	28	22	18	29	35	25	39	10	13	16	21	21	20	11	11	8	9	6	16	7	16	7	15	6	3	3	7	3	1	1	2	4	0	1	1	3	1	3	3	1	1	3	1	3	1	1	1	3	0	1	3	2	1	0	0	2	0	1	1	1	1	0	1	0	0	0	0	1	0	0	0	0	0	0	0	0	0	0	0	0	2	0	0	0	0	0	1	0	0	0	0	1	0	1	0	0	0	0	0	0	0	3	0	0	0	0	0	0	0	0	0	0	0
0.03	south32_active	80	26350	8470	7845	6355	3246	2559	1736	999	2187	926	1514	686	474	341	417	358	271	258	657	167	337	182	210	138	279	188	121	109	198	116	69	106	95	114	58	135	112	121	63	50	75	74	21	48	45	32	31	31	19	41	41	37	12	15	14	14	27	25	28	11	8	10	13	25	12	28	6	4	9	14	6	14	8	7	3	5	4	11	4	8	3	8	3	3	1	2	3	1	0	1	1	0	0	0	2	0	1	1	1	1	2	1	3	1	1	1	1	0	1	2	0	1	0	0	1	0	1	1	0	0	0	1	0	0	0	0	0	0	0	0	0	0	0	0	0	0	0	0	0	2	0	0	0	0	0	1	0	0	0	0	0	0	0	0	0	0	0	0	0	0	3	0	0	0	0	0	0	0	0	0	0	0
0.03	south33_all	80	42910	15034	12759	10125	5667	4454	3100	2048	3396	1768	2529	1348	985	810	837	748	575	579	1036	400	574	362	386	316	483	315	266	244	316	222	141	180	185	166	123	203	174	169	134	90	143	114	54	98	84	51	47	62	52	68	61	58	80	28	28	30	29	31	35	28	25	16	27	31	28	24	13	8	15	26	19	20	10	10	6	12	4	15	9	6	10	17	9	5	2	6	4	2	1	4	4	0	1	2	1	3	2	2	1	1	2	2	2	2	1	1	2	1	3	2	0	3	0	0	2	0	1	1	1	0	0	1	0	0	0	1	1	0	0	0	0	0	0	0	0	0	0	0	0	2	0	0	0	0	0	1	0	0	0	0	1	0	1	0	0	0	0	0	0	0	3	1	0	0	1	0	0	0	0	0	0	0
0.03	south33_active	80	26344	8451	7789	6381	3197	2565	1671	1006	2130	925	1565	660	476	349	424	357	246	276	620	167	330	197	207	140	286	184	122	108	207	116	73	96	86	95	57	125	110	111	64	43	83	68	28	46	51	29	26	31	23	40	34	41	43	13	12	13	18	20	28	9	11	7	11	22	18	14	8	3	10	19	8	14	7	5	4	6	3	10	6	6	4	6	3	4	0	1	3	1	0	2	1	0	0	0	0	2	1	1	1	1	2	2	2	1	1	1	1	0	1	2	0	3	0	0	1	0	1	1	0	0	0	1	0	0	0	0	0	0	0	0	0	0	0	0	0	0	0	0	0	2	0	0	0	0	0	1	0	0	0	0	0	0	0	0	0	0	0	0	0	0	3	0	0	0	1	0	0	0	0	0	0	0
0.03	south34_all	80	42563	15079	12847	9980	5674	4386	3053	2055	3305	1794	2476	1324	963	790	849	757	591	591	1092	408	558	334	383	316	482	319	269	246	284	202	143	180	181	168	134	178	159	188	119	95	161	128	58	90	83	51	44	55	53	63	58	52	97	30	29	31	34	41	32	23	30	19	21	20	26	16	16	10	12	24	15	28	11	10	8	11	3	14	9	3	8	20	7	6	2	6	4	4	2	4	4	2	2	1	2	3	2	2	1	2	2	3	3	1	0	0	1	3	2	4	0	3	0	0	1	0	0	0	0	0	0	1	0	3	0	1	0	0	0	0	0	0	0	0	0	0	0	0	0	0	0	0	0	0	0	1	0	0	0	0	1	0	1	0	0	0	0	0	0	0	3	1	0	0	1	0	0	0	0	0	0	0
0.03	south34_active	80	26097	8456	7785	6236	3216	2569	1640	998	2040	967	1550	687	462	347	430	361	254	288	643	181	313	175	204	140	296	189	126	118	186	105	73	96	86	89	61	104	108	121	56	44	100	67	28	43	55	32	25	34	23	33	33	33	52	13	10	16	21	28	20	8	17	11	12	15	17	10	9	6	7	17	7	18	7	4	6	6	2	9	6	2	4	8	2	3	0	1	3	1	0	2	1	0	0	0	0	3	1	0	1	2	2	3	3	0	0	0	1	1	0	4	0	3	0	0	1	0	0	0	0	0	0	1	0	0	0	0	0	0	0	0	0	0	0	0	0	0	0	0	0	0	0	0	0	0	0	1	0	0	0	0	0	0	0	0	0	0	0	0	0	0	3	0	0	0	1	0	0	0	0	0	0	0
0.03	south35_all	80	42647	15225	12805	9786	5605	4473	3062	2052	3431	1798	2457	1324	923	805	800	751	586	557	1081	416	554	336	393	310	463	329	291	244	284	210	149	190	163	171	128	167	178	172	107	84	174	124	60	86	109	52	37	52	53	72	55	55	103	26	22	28	38	34	42	17	33	18	19	23	24	13	18	16	11	22	14	22	9	10	10	11	3	7	7	3	11	14	11	6	2	3	3	4	2	3	5	4	4	3	4	3	2	2	0	1	1	4	1	1	1	0	0	3	4	5	0	2	1	0	1	0	0	0	0	0	0	0	0	3	0	1	0	0	0	0	0	1	1	0	0	0	0	0	0	0	0	0	0	0	0	0	0	0	0	0	0	0	0	3	0	0	0	0	0	0	0	1	0	0	1	0	0	0	0	0	0	0
0.03	south35_active	80	26305	8449	7825	6073	3188	2604	1626	995	2051	964	1512	698	418	357	411	382	255	262	650	202	308	180	205	140	299	187	144	111	175	107	71	105	87	84	56	99	118	107	54	42	107	60	29	34	73	34	21	34	22	39	32	34	59	13	7	15	22	20	25	7	20	11	12	14	13	7	10	6	7	13	8	14	4	5	6	5	1	3	4	2	5	5	5	2	1	1	2	0	0	1	3	2	1	2	2	3	2	0	0	1	0	4	1	0	0	0	0	1	2	5	0	2	0	0	1	0	0	0	0	0	0	0	0	0	0	0	0	0	0	0	0	0	0	0	0	0	0	0	0	0	0	0	0	0	0	0	0	0	0	0	0	0	0	3	0	0	0	0	0	0	0	0	0	0	1	0	0	0	0	0	0	0
0.03	south36_all	80	42242	15078	13022	9796	5600	4494	2993	2105	3387	1784	2440	1284	926	799	831	718	589	519	1110	408	608	342	387	279	484	347	282	229	293	190	156	205	168	151	144	183	193	175	91	83	172	115	55	94	120	54	33	55	49	73	57	45	105	29	21	30	44	33	42	10	30	26	22	23	26	31	19	22	8	16	10	25	8	11	10	12	7	6	5	2	7	8	8	7	3	4	4	7	3	4	4	5	11	2	4	1	1	1	0	3	1	5	1	1	2	0	0	4	3	6	0	0	2	0	0	0	2	0	1	1	0	1	0	3	0	0	0	0	0	0	0	1	1	0	0	0	0	0	0	1	0	0	0	1	0	1	0	0	0	0	0	0	0	3	0	0	0	0	0	0	0	1	0	1	0	0	0	0	0	0	0	0
0.03	south36_active	80	25674	8264	7984	6144	3206	2588	1595	1024	2021	948	1515	703	403	367	426	369	258	231	685	197	334	175	196	136	291	192	144	111	164	107	66	107	95	73	54	119	138	105	49	42	105	59	26	48	63	35	18	34	22	49	31	22	69	16	9	16	28	18	28	5	19	15	8	14	15	25	10	9	3	9	7	16	2	9	6	5	5	2	2	1	3	4	7	3	2	2	1	3	0	0	3	2	8	2	2	1	1	0	0	3	0	4	1	0	1	0	0	1	2	5	0	0	0	0	0	0	2	0	1	1	0	1	0	0	0	0	0	0	0	0	0	0	0	0	0	0	0	0	0	1	0	0	0	1	0	1	0	0	0	0	0	0	0	3	0	0	0	0	0	0	0	0	0	0	0	0	0	0	0	0	0	0
0.03	south37_all	80	42092	15162	12888	9753	5600	4618	2983	2155	3443	1745	2445	1259	910	796	826	738	580	519	1142	415	599	367	391	265	505	339	274	242	298	194	167	194	156	146	142	192	197	183	95	92	166	121	55	96	128	62	36	55	47	90	58	44	87	23	18	32	53	26	50	13	23	26	29	32	27	35	20	24	9	14	18	25	9	10	9	9	8	7	4	2	5	12	10	4	2	6	5	7	1	3	4	6	10	2	6	1	1	1	1	3	1	4	2	0	2	2	0	3	3	2	0	0	2	1	0	1	2	0	1	1	0	1	1	0	0	0	0	0	0	0	0	1	1	0	0	0	0	0	0	1	0	0	0	1	0	1	0	0	0	0	0	0	0	3	0	0	0	0	0	0	0	0	0	1	0	0	0	0	0	0	0	0
0.03	south37_active	80	25643	8371	7830	6087	3216	2681	1596	1052	2101	938	1479	674	422	351	427	378	265	239	702	192	340	181	208	136	301	182	139	122	148	108	83	98	85	76	57	113	135	111	50	50	88	76	22	52	69	39	18	31	26	65	32	24	63	14	7	17	34	14	34	6	14	15	15	21	11	28	13	6	2	6	9	16	3	8	4	4	5	3	1	1	2	8	7	2	2	3	2	4	0	0	4	3	9	2	5	1	1	0	0	3	0	3	1	0	1	1	0	1	3	1	0	0	0	1	0	1	2	0	1	1	0	1	0	0	0	0	0	0	0	0	0	0	0	0	0	0	0	0	0	1	0	0	0	1	0	1	0	0	0	0	0	0	0	3	0	0	0	0	0	0	0	0	0	0	0	0	0	0	0	0	0	0
0.03	south38_all	80	42357	15074	12870	9717	5725	4752	2937	2104	3359	1740	2521	1276	955	816	822	721	568	523	1194	414	635	366	418	253	496	315	253	235	305	206	160	189	163	145	131	219	188	165	111	94	155	163	61	95	102	68	40	62	49	85	55	45	88	19	22	35	54	20	52	13	33	27	26	33	21	46	15	17	11	16	26	24	6	14	6	12	12	7	6	1	4	12	10	4	2	7	4	9	2	2	3	5	9	3	5	3	2	1	1	4	1	2	1	0	2	2	0	3	2	2	0	1	1	2	0	1	2	1	1	2	0	1	1	0	0	0	1	0	0	0	0	0	0	0	0	0	0	0	0	1	0	0	0	1	0	1	0	0	4	0	0	0	0	0	0	0	0	0	0	0	0	0	0	1	1	0	0	0	0	0	0	0
0.03	south38_active	80	25787	8322	7767	5973	3335	2776	1572	1028	2142	922	1572	682	451	359	439	374	253	233	767	184	377	169	222	136	299	163	132	115	160	110	73	106	87	73	51	135	141	95	63	51	83	122	28	54	48	33	14	28	30	59	33	26	65	12	10	20	36	10	40	7	26	14	14	23	10	29	8	8	3	8	18	15	3	8	2	7	7	4	2	1	1	10	7	3	2	3	1	6	0	0	3	3	9	3	4	0	2	1	0	3	1	1	0	0	2	1	0	0	1	1	0	0	0	2	0	1	2	1	1	1	0	1	0	0	0	0	0	0	0	0	0	0	0	0	0	0	0	0	0	1	0	0	0	1	0	1	0	0	0	0	0	0	0	0	0	0	0	0	0	0	0	0	0	0	0	0	0	0	0	0	0	0
0.03	south39_all	80	42439	15358	12851	9688	5739	4766	3033	2077	3347	1730	2539	1261	954	802	809	763	559	558	1143	414	617	370	424	271	488	357	254	246	323	220	162	191	145	154	130	217	214	176	118	93	149	170	64	89	81	77	43	55	54	89	56	51	91	19	27	32	60	17	60	15	26	30	20	32	18	31	16	15	10	17	28	19	7	13	5	12	10	5	7	1	3	11	8	6	3	7	4	8	1	2	1	4	1	4	6	3	2	1	2	5	1	1	1	0	2	2	0	1	3	1	0	1	1	2	0	1	1	1	1	2	0	0	1	0	0	0	1	0	1	0	0	0	0	0	0	0	0	0	0	0	0	1	0	0	0	1	0	0	4	0	0	0	0	0	0	0	0	0	0	0	0	0	0	0	1	0	0	0	0	0	0	0
0.03	south39_active	80	25817	8632	7710	5846	3245	2780	1617	970	2177	944	1578	668	465	344	410	382	254	257	774	189	362	159	224	146	290	178	132	120	172	122	76	103	73	75	58	136	150	97	70	46	76	128	25	54	46	38	17	21	35	54	36	27	66	13	13	18	37	9	35	7	23	17	14	22	8	12	8	9	3	5	18	9	3	7	2	8	5	4	2	1	1	10	5	4	1	4	1	7	0	0	1	3	1	2	3	0	2	1	0	4	1	1	0	0	2	1	0	0	2	1	0	0	0	2	0	1	0	1	1	1	0	0	0	0	0	0	0	0	0	0	0	0	0	0	0	0	0	0	0	0	0	0	0	0	0	1	0	0	0	0	0	0	0	0	0	0	0	0	0	0	0	0	0	0	0	0	0	0	0	0	0	0
0.03	south40_all	80	42356	15229	12825	9586	5840	4795	3111	2077	3429	1750	2528	1284	997	788	808	774	567	567	1120	419	634	367	426	291	479	361	254	236	305	233	153	203	161	164	140	219	192	161	129	99	141	157	65	80	61	76	50	62	43	76	54	61	82	23	26	27	51	23	57	18	28	27	15	32	24	33	19	15	8	16	20	15	7	16	6	16	9	4	9	6	4	24	3	4	5	4	5	9	1	4	1	7	1	5	3	3	5	1	4	5	1	0	2	0	1	1	2	1	3	1	0	2	0	1	0	0	1	1	0	1	0	0	0	0	0	0	1	0	1	0	0	0	0	0	0	0	0	0	0	0	0	3	0	0	0	0	0	0	4	0	0	0	0	0	0	0	0	0	0	0	0	0	0	0	1	0	0	0	0	0	0	0
0.03	south40_active	80	25777	8494	7789	5753	3322	2812	1663	988	2179	965	1537	664	487	348	397	393	255	277	759	200	369	153	233	148	298	183	137	113	181	131	65	112	95	80	72	150	123	91	74	51	80	112	27	44	36	37	20	26	24	38	26	36	54	13	13	15	30	14	29	9	23	15	10	23	19	14	11	9	3	5	14	10	3	9	4	11	5	2	1	4	2	23	2	2	2	2	1	6	0	0	1	5	1	3	1	0	4	1	3	3	1	0	0	0	1	1	0	0	1	1	0	0	0	1	0	0	0	1	0	0	0	0	0	0	0	0	0	0	0	0	0	0	0	0	0	0	0	0	0	0	0	2	0	0	0	0	0	0	0	0	0	0	0	0	0	0	0	0	0	0	0	0	0	0	0	0	0	0	0	0	0	0
