label	Group	numOtus	Otu0	Otu1	Otu2	Otu3	Otu4	Otu5	Otu6	Otu7	Otu8	Otu9	Otu10	Otu11	Otu12	Otu13	Otu14	Otu15	Otu16	Otu17	Otu18	Otu19	Otu20	Otu21	Otu22	Otu23	Otu24	Otu25	Otu26	Otu27	Otu28	Otu29	Otu30	Otu31	Otu32	Otu33	Otu34	Otu35	Otu36	Otu37	Otu38	Otu39	Otu40	Otu41	Otu42	Otu43	Otu44	Otu45	Otu46	Otu47	Otu48	Otu49	Otu50	Otu51	Otu52	Otu53	Otu54	Otu55	Otu56	Otu57	Otu58	Otu59	Otu60	Otu61	Otu62	Otu63	Otu64	Otu65	Otu66	Otu67	Otu68	Otu69	Otu70	Otu71	Otu72	Otu73	Otu74	Otu75	Otu76	Otu77	Otu78	Otu79	Otu80	Otu81	Otu82	Otu83	Otu84	Otu85	Otu86	Otu87	Otu88	Otu89	Otu90	Otu91	Otu92	Otu93	Otu94	Otu95	Otu96	Otu97	Otu98	Otu99	Otu100	Otu101	Otu102	Otu103	Otu104	Otu105	Otu106	Otu107	Otu108	Otu109	Otu110	Otu111	Otu112	Otu113	Otu114	Otu115	Otu116	Otu117	Otu118	Otu119	Otu120	Otu121	Otu122	Otu123	Otu124	Otu125	Otu126	Otu127	Otu128	Otu129	Otu130	Otu131	Otu132	Otu133	Otu134	Otu135	Otu136	Otu137	Otu138	Otu139	Otu140	Otu141	Otu142	Otu143	Otu144	Otu145	Otu146	Otu147	Otu148	Otu149	Otu150	Otu151	Otu152	Otu153	Otu154	Otu155	Otu156	Otu157	Otu158	Otu159	Otu160	Otu161	Otu162	Otu163	Otu164	Otu165	Otu166	Otu167	Otu168	Otu169	Otu170	Otu171	Otu172	Otu173	Otu174	Otu175	Otu176	Otu177	Otu178	Otu179	Otu180	Otu181	Otu182	Otu183
0.03	north1_all	80	5230	3428	2217	1033	1111	611	676	406	663	405	421	333	296	481	450	151	173	102	257	242	133	189	103	137	88	90	63	87	121	36	89	49	52	34	32	82	26	35	28	62	29	19	48	19	18	18	22	20	38	18	17	15	17	16	17	9	21	11	11	11	9	7	15	7	3	11	8	6	8	3	9	3	5	2	8	3	6	6	3	4	2	6	4	3	3	3	2	4	10	4	1	4	3	4	3	1	4	3	1	2	0	0	1	0	0	2	0	3	1	1	0	1	2	1	3	0	1	0	0	0	0	0	1	1	0	0	2	0	0	0	0	0	2	0	1	0	0	0	0	0	1	0	0	1	0	0	1	0	1	0	0	0	0	0	0	0	0	0	2	0	0	0	0	0	0	0	0	0	0	0	0	0	0	0	0	1	0	1	0	0	0	0	0	0
0.03	north1_active	80	2791	2104	1349	537	631	318	351	192	407	241	234	177	157	314	296	73	108	45	157	165	86	126	61	85	48	53	34	45	74	16	58	21	24	18	16	35	13	23	14	33	10	6	28	10	9	9	9	8	25	9	11	5	8	9	5	7	6	8	7	7	5	3	12	3	2	7	4	4	5	1	4	1	2	1	6	2	2	3	2	0	0	5	1	1	1	3	0	2	10	4	1	3	1	3	3	0	1	1	0	2	0	0	1	0	0	2	0	2	0	0	0	0	0	1	2	0	0	0	0	0	0	0	0	1	0	0	1	0	0	0	0	0	2	0	1	0	0	0	0	0	0	0	0	1	0	0	0	0	1	0	0	0	0	0	0	0	0	0	2	0	0	0	0	0	0	0	0	0	0	0	0	0	0	0	0	0	0	0	0	0	0	0	0	0
0.03	north2_all	80	5371	3631	2256	1065	1190	619	694	425	708	418	511	337	298	544	471	136	201	95	288	275	146	201	106	142	80	89	67	94	133	44	84	45	71	38	33	73	32	41	25	63	29	19	41	21	22	25	15	18	54	15	23	17	17	14	17	9	24	12	13	14	9	9	10	5	6	11	12	6	9	3	9	4	6	6	12	3	5	4	3	0	5	5	3	3	4	3	3	5	9	5	1	4	1	3	3	1	4	2	1	2	0	0	0	0	0	1	0	3	1	2	0	1	3	1	3	0	2	1	0	0	0	1	1	2	1	0	3	0	0	0	0	0	1	0	0	1	0	0	0	0	1	0	0	1	1	0	1	0	1	0	0	0	0	0	0	0	0	0	2	0	0	0	0	0	0	0	0	0	0	0	0	0	0	0	0	1	0	1	0	0	1	1	0	0
0.03	north2_active	80	2850	2194	1370	544	680	310	375	201	451	242	302	193	163	372	320	67	122	44	193	192	101	131	61	84	41	49	33	54	87	18	54	20	43	20	17	30	16	27	13	28	9	6	21	12	10	14	7	5	39	8	16	7	6	9	6	8	8	9	9	12	6	5	9	3	4	10	6	4	4	1	5	2	2	2	10	1	2	1	2	0	2	4	1	1	2	3	1	4	9	3	1	3	1	1	3	0	1	0	0	2	0	0	0	0	0	1	0	2	1	1	0	0	1	1	3	0	0	0	0	0	0	0	0	1	1	0	2	0	0	0	0	0	1	0	0	1	0	0	0	0	0	0	0	1	1	0	0	0	1	0	0	0	0	0	0	0	0	0	2	0	0	0	0	0	0	0	0	0	0	0	0	0	0	0	0	0	0	0	0	0	0	1	0	0
0.03	north3_all	80	5516	3648	2304	1089	1148	639	685	434	736	412	532	332	293	608	483	151	194	113	299	275	147	215	107	151	70	92	66	105	134	49	82	43	82	38	29	76	31	39	29	48	26	21	49	28	22	27	24	20	60	19	21	19	13	15	18	8	23	14	13	14	8	11	12	8	5	8	6	4	8	4	6	2	4	5	13	3	3	4	3	1	6	9	3	2	6	3	5	5	10	6	1	3	1	2	3	2	1	2	2	2	0	0	1	0	0	0	1	3	1	1	1	1	3	1	4	0	1	1	0	0	0	1	2	3	1	0	2	0	0	0	0	0	0	0	0	1	0	0	1	0	0	0	2	0	1	0	1	0	0	0	0	0	0	0	0	0	0	0	2	0	0	0	0	0	0	0	0	0	0	0	0	0	0	0	0	1	0	2	0	0	1	1	0	0
0.03	north3_active	80	2983	2220	1394	550	647	322	381	203	452	233	323	206	156	435	317	78	114	50	201	191	100	131	57	92	38	56	28	66	87	22	48	18	51	17	14	30	14	22	16	26	10	6	31	14	10	14	11	6	42	11	14	9	5	9	8	6	11	8	9	12	4	5	10	6	4	7	2	3	3	2	3	1	2	2	11	0	0	1	3	1	4	7	1	0	3	3	2	4	10	4	1	2	1	1	3	1	0	0	1	2	0	0	1	0	0	0	0	2	1	1	1	0	1	1	3	0	0	0	0	0	0	0	0	1	1	0	1	0	0	0	0	0	0	0	0	1	0	0	0	0	0	0	2	0	1	0	0	0	0	0	0	0	0	0	0	0	0	0	2	0	0	0	0	0	0	0	0	0	0	0	0	0	0	0	0	0	0	0	0	0	0	1	0	0
0.03	north4_all	80	5530	3607	2239	1054	1107	628	659	421	747	428	520	336	293	600	480	147	200	117	309	285	162	250	107	153	75	93	60	103	142	54	77	51	86	37	26	61	30	42	29	46	23	20	58	27	22	27	25	20	62	22	24	23	12	10	17	6	20	15	12	15	12	8	10	8	12	10	7	7	11	4	6	3	5	6	8	3	3	2	2	2	6	14	2	2	4	4	5	3	14	9	2	2	1	1	3	1	0	8	1	0	0	0	2	1	0	1	1	2	4	1	2	1	2	0	3	0	1	1	0	0	0	1	1	3	2	0	2	0	0	0	0	0	0	0	0	1	0	0	1	0	0	0	2	0	1	0	1	1	0	0	0	0	0	0	0	0	0	0	1	0	0	0	0	0	0	0	0	0	0	0	0	1	0	0	0	0	0	1	0	0	1	1	0	0
0.03	north4_active	80	3012	2142	1350	523	634	308	365	181	437	233	327	203	156	410	313	69	121	54	227	185	105	149	52	93	38	57	27	59	99	23	47	20	54	14	12	37	12	24	17	20	7	9	40	12	11	14	13	8	46	11	17	10	4	6	8	4	9	8	8	13	6	4	5	7	8	7	3	4	5	4	4	2	2	2	7	0	1	2	2	2	4	12	1	1	2	3	2	3	14	4	1	1	0	0	3	1	0	1	1	0	0	0	1	0	0	1	0	1	4	1	2	0	1	0	2	0	0	0	0	0	0	0	0	1	1	0	1	0	0	0	0	0	0	0	0	1	0	0	0	0	0	0	2	0	1	0	0	1	0	0	0	0	0	0	0	0	0	0	0	0	0	0	0	0	0	0	0	0	0	0	0	0	0	0	0	0	0	0	0	0	0	1	0	0
0.03	north5_all	80	5565	3616	2310	1041	1120	645	626	408	789	450	523	315	276	601	497	147	193	127	302	283	166	241	116	162	73	85	63	111	137	52	92	57	89	33	32	66	29	43	23	57	22	25	66	22	20	32	28	24	32	22	18	20	10	10	11	8	16	11	14	15	15	5	13	8	18	10	5	8	10	5	4	3	6	5	5	4	7	3	2	5	4	14	4	1	3	1	3	5	15	11	2	3	2	3	5	1	0	8	1	0	0	0	9	1	0	3	2	1	4	1	2	2	0	0	3	0	1	1	0	0	0	1	2	2	3	0	2	0	0	0	0	0	0	0	0	1	1	0	1	0	0	0	2	0	1	0	0	1	0	0	0	0	0	0	0	0	0	0	1	0	0	0	0	0	0	0	0	0	0	0	0	1	0	0	0	0	0	1	0	0	0	0	0	0
0.03	north5_active	80	3054	2193	1391	519	618	309	342	185	456	256	318	180	138	404	342	65	115	60	213	184	107	145	58	100	37	56	31	65	96	25	63	24	56	14	13	44	10	22	12	34	6	15	51	9	10	17	13	16	18	10	12	7	2	5	7	3	7	6	8	11	8	2	6	6	14	7	2	4	7	5	3	1	1	2	3	1	2	2	2	3	3	13	3	1	2	0	1	3	15	6	1	2	1	2	4	1	0	1	1	0	0	0	2	0	0	2	1	1	4	1	2	1	0	0	2	0	0	0	0	0	0	0	0	0	0	0	1	0	0	0	0	0	0	0	0	1	1	0	0	0	0	0	2	0	1	0	0	1	0	0	0	0	0	0	0	0	0	0	0	0	0	0	0	0	0	0	0	0	0	0	0	0	0	0	0	0	0	0	0	0	0	0	0	0
0.03	north6_all	80	5534	3618	2333	1049	1133	650	624	390	801	495	537	314	278	570	528	136	192	122	336	268	176	248	128	153	74	78	62	100	155	51	93	59	69	32	27	70	29	46	19	62	28	34	57	22	21	27	18	27	28	23	20	22	9	12	9	10	16	17	12	10	17	7	18	6	22	13	7	12	13	6	7	5	8	5	4	2	7	4	4	6	4	12	4	3	3	3	0	4	16	9	2	3	2	3	6	1	0	8	0	0	0	0	9	1	0	3	2	1	5	0	1	1	1	0	2	0	0	0	0	1	0	1	2	0	5	0	1	0	0	1	0	0	0	0	7	0	1	0	0	0	0	0	0	0	0	0	0	1	0	0	0	0	0	0	0	0	0	0	1	0	0	0	0	0	0	0	0	0	0	0	0	1	0	0	0	0	0	1	0	0	0	0	0	0
0.03	north6_active	80	3044	2195	1420	516	647	315	326	175	470	297	331	172	134	376	365	55	126	62	232	164	109	162	71	93	36	53	27	57	99	24	65	23	38	12	12	51	12	22	7	39	10	20	41	11	11	15	7	17	18	10	13	11	2	6	6	4	8	10	5	7	8	4	11	3	15	7	4	7	10	5	5	2	4	3	3	1	2	2	3	3	2	12	4	1	1	0	0	2	14	5	1	2	1	3	5	0	0	1	0	0	0	0	2	0	0	2	1	1	5	0	1	1	0	0	1	0	0	0	0	0	0	0	0	0	2	0	0	0	0	0	0	0	0	0	7	0	1	0	0	0	0	0	0	0	0	0	0	1	0	0	0	0	0	0	0	0	0	0	0	0	0	0	0	0	0	0	0	0	0	0	0	0	0	0	0	0	0	0	0	0	0	0	0	0
0.03	north7_all	80	5506	3628	2344	1101	1194	664	638	418	772	495	573	295	297	609	512	148	170	126	314	272	166	216	126	163	83	92	65	82	181	47	104	51	64	28	33	60	31	50	17	58	28	31	48	19	30	26	18	33	28	20	18	23	13	16	7	11	20	14	10	9	13	7	21	5	21	14	9	9	16	6	6	5	7	5	5	5	5	4	5	5	5	7	5	5	3	3	4	5	9	8	2	2	5	3	7	2	0	1	0	0	0	0	7	0	0	2	2	1	5	0	0	1	1	0	0	0	0	0	0	2	1	1	1	0	5	0	1	0	0	1	0	0	0	1	9	0	2	0	1	0	0	0	1	0	0	0	0	0	0	0	0	0	0	0	0	0	0	0	0	0	0	0	0	0	0	0	0	0	0	0	1	0	0	0	0	0	0	0	0	1	0	0	0	0
0.03	north7_active	80	3037	2200	1390	565	701	325	321	198	469	289	349	158	153	414	361	61	102	59	204	173	103	155	69	97	41	59	32	51	102	22	71	22	37	12	12	45	16	26	7	42	11	18	32	14	13	17	9	21	17	10	13	14	6	7	5	5	11	7	5	6	9	3	16	2	16	10	4	5	9	5	5	3	4	4	4	3	2	2	4	2	3	6	5	2	2	0	0	3	7	4	1	2	3	3	5	1	0	1	0	0	0	0	1	0	0	1	1	1	5	0	0	1	0	0	0	0	0	0	0	1	0	0	0	0	2	0	0	0	0	0	0	0	0	1	8	0	2	0	0	0	0	0	0	0	0	0	0	0	0	0	0	0	0	0	0	0	0	0	0	0	0	0	0	0	0	0	0	0	0	0	1	0	0	0	0	0	0	0	0	1	0	0	0	0
0.03	north8_all	80	5569	3638	2368	1122	1139	656	657	412	772	513	542	312	290	604	506	160	191	118	325	283	176	214	121	147	85	102	61	63	197	45	78	51	69	23	30	63	30	51	23	53	25	28	46	25	32	24	26	35	24	23	13	24	14	17	8	16	22	13	10	12	14	8	24	6	14	18	6	6	12	6	6	4	4	5	5	4	3	3	5	2	3	6	5	4	2	2	6	7	6	3	0	0	3	1	6	2	1	3	0	0	0	0	2	0	0	2	7	1	2	1	0	1	2	0	0	0	0	0	0	2	1	1	0	0	3	0	0	0	0	1	0	0	0	1	9	0	1	0	1	0	0	0	1	1	0	0	0	0	0	0	0	1	0	0	0	0	0	0	0	0	0	0	0	0	0	0	0	0	0	0	1	0	1	0	0	0	0	0	0	1	0	0	0	0
0.03	north8_active	80	3123	2203	1427	585	694	332	353	186	480	294	325	178	154	412	332	64	116	54	205	188	104	161	60	91	51	64	30	41	117	20	49	21	39	12	12	45	17	26	8	40	10	15	29	18	17	15	15	21	16	11	7	16	7	8	5	6	14	7	5	6	10	4	19	3	9	12	3	5	4	4	5	3	3	4	3	3	1	1	4	0	2	5	5	1	1	0	0	5	4	2	0	0	2	1	2	1	1	3	0	0	0	0	2	0	0	1	5	0	2	1	0	1	1	0	0	0	0	0	0	1	0	0	0	0	2	0	0	0	0	0	0	0	0	1	8	0	1	0	0	0	0	0	0	0	0	0	0	0	0	0	0	1	0	0	0	0	0	0	0	0	0	0	0	0	0	0	0	0	0	0	1	0	0	0	0	0	0	0	0	1	0	0	0	0
0.03	north9_all	80	5497	3688	2342	1097	1142	664	676	423	744	489	528	311	284	570	450	160	197	112	304	267	158	211	120	141	89	105	72	62	207	43	100	46	71	24	30	61	25	51	26	47	23	27	44	26	39	20	27	29	31	25	15	20	14	19	9	14	23	7	8	21	13	11	23	9	9	17	4	5	12	8	3	3	5	5	5	5	2	2	4	2	3	5	4	5	3	4	6	3	5	1	0	1	5	0	6	3	1	3	0	1	0	0	1	0	0	1	7	2	0	1	0	0	2	0	0	0	0	1	1	1	1	0	0	0	3	0	0	0	0	2	0	0	0	2	2	0	1	0	1	0	0	0	2	1	0	0	0	0	0	0	0	1	0	0	0	0	0	0	0	0	0	0	0	0	0	0	1	0	0	0	1	0	1	0	0	0	0	0	0	1	0	0	0	1
0.03	north9_active	80	3084	2255	1367	566	689	335	378	184	471	276	310	181	152	392	298	75	120	49	187	178	87	146	58	85	53	57	36	38	128	20	71	21	46	14	12	44	12	30	10	31	10	14	26	14	20	13	18	16	21	13	10	14	7	12	7	3	15	2	3	14	9	7	18	6	7	12	1	5	4	5	2	2	4	4	2	3	1	1	3	1	2	4	3	2	3	2	0	3	5	1	0	1	2	0	3	1	1	3	0	0	0	0	1	0	0	0	5	1	0	1	0	0	1	0	0	0	0	0	1	1	0	0	0	0	2	0	0	0	0	1	0	0	0	2	1	0	1	0	0	0	0	0	1	0	0	0	0	0	0	0	0	1	0	0	0	0	0	0	0	0	0	0	0	0	0	0	0	0	0	0	1	0	0	0	0	0	0	0	0	1	0	0	0	0
0.03	north10_all	80	5509	3699	2383	1083	1128	619	659	404	766	480	532	358	292	575	438	153	202	98	323	288	167	235	106	132	85	97	69	64	187	44	90	49	77	29	37	57	24	39	32	53	24	26	42	25	34	24	31	25	43	28	20	22	9	15	11	14	18	6	9	26	13	15	22	9	8	20	6	5	8	6	1	2	2	4	12	5	3	2	6	1	1	5	9	1	4	2	5	3	6	3	1	1	4	0	5	3	1	3	0	2	1	0	1	0	0	1	8	2	0	6	0	0	1	0	0	0	0	1	1	0	1	0	0	0	0	1	0	0	1	1	0	0	0	2	0	0	1	0	0	0	0	0	2	1	0	0	0	0	0	0	0	1	0	0	0	0	0	0	0	0	0	0	0	0	0	0	1	0	0	0	0	0	1	0	0	0	0	0	1	1	0	0	0	1
0.03	north10_active	80	3168	2259	1446	548	663	298	383	187	469	269	310	203	148	412	293	69	121	45	208	203	90	163	49	85	49	53	36	36	131	21	63	24	54	19	18	37	10	22	13	32	8	17	20	10	15	12	20	11	31	15	15	17	3	10	7	3	12	3	3	16	10	8	15	5	6	11	5	5	3	4	0	1	1	3	8	3	1	1	3	1	0	5	6	1	4	2	0	3	4	3	0	1	1	0	3	1	1	3	0	1	0	0	1	0	0	0	5	1	0	2	0	0	1	0	0	0	0	0	1	0	1	0	0	0	0	0	0	0	1	1	0	0	0	2	0	0	1	0	0	0	0	0	1	0	0	0	0	0	0	0	0	1	0	0	0	0	0	0	0	0	0	0	0	0	0	0	0	0	0	0	0	0	0	0	0	0	0	0	0	1	0	0	0	0
0.03	north11_all	80	5363	3771	2405	1106	1088	622	674	387	751	445	557	314	265	513	558	147	191	131	271	283	138	234	100	167	92	97	77	91	162	36	96	27	51	31	38	70	26	48	25	58	32	22	91	22	27	32	22	29	25	26	29	10	15	17	17	10	23	9	10	14	15	10	15	10	8	19	10	5	6	6	3	3	5	5	10	2	1	3	3	2	6	2	6	4	6	2	0	5	4	2	1	0	3	2	1	1	0	2	9	1	4	1	0	0	2	2	4	2	2	0	0	0	2	1	0	1	0	3	0	1	0	0	0	1	1	0	0	0	0	0	0	0	0	0	0	0	0	0	0	0	0	0	0	0	1	0	0	0	0	0	0	0	0	0	1	0	0	0	0	2	0	0	0	0	0	0	0	0	0	0	0	0	0	0	0	0	0	0	0	0	0	0	0	0
0.03	north11_active	80	2894	2359	1486	591	652	312	386	192	496	260	342	189	138	343	353	67	96	61	182	171	86	155	50	114	42	53	38	58	104	13	49	11	24	11	16	57	13	24	14	39	19	12	53	7	16	20	12	19	16	15	18	3	6	9	10	5	12	5	4	9	11	7	11	4	3	15	5	4	1	3	3	0	4	1	7	2	1	2	1	1	4	0	1	1	5	1	0	4	3	1	0	0	2	2	1	1	0	2	7	0	2	1	0	0	1	1	0	0	2	0	0	0	1	0	0	0	0	2	0	0	0	0	0	0	0	0	0	0	0	0	0	0	0	0	0	0	0	0	0	0	0	0	0	0	0	0	0	0	0	0	0	0	0	0	1	0	0	0	0	2	0	0	0	0	0	0	0	0	0	0	0	0	0	0	0	0	0	0	0	0	0	0	0	0
0.03	north12_all	80	5337	3729	2367	1133	1123	624	672	394	799	417	553	336	249	471	525	167	180	137	272	276	147	263	115	164	94	101	76	70	157	30	93	25	59	33	24	69	23	47	25	47	27	23	95	27	28	38	19	29	25	30	24	12	13	11	12	11	17	7	9	14	18	10	16	5	7	18	8	6	8	8	5	4	6	6	9	2	1	1	4	1	7	3	2	3	7	3	0	6	3	3	2	1	3	1	1	1	0	5	8	1	1	2	0	0	2	4	3	1	3	1	0	3	2	1	1	3	0	3	2	0	0	0	0	1	0	0	0	0	0	0	0	1	0	0	0	1	0	0	0	0	0	0	0	0	1	0	0	0	0	0	0	0	0	0	1	0	0	0	0	0	0	0	0	0	0	0	0	0	0	0	0	0	0	0	0	0	0	0	0	0	0	0	0	0
0.03	north12_active	80	2928	2306	1444	593	675	331	391	186	529	252	342	193	138	310	346	77	99	62	170	164	84	176	56	114	40	55	30	45	96	10	58	9	31	12	11	51	10	22	14	31	15	11	57	5	17	22	9	16	17	17	16	4	6	7	6	5	7	3	3	10	13	8	9	4	1	15	5	6	4	5	3	1	4	2	7	1	0	1	2	0	7	1	0	1	4	2	0	4	2	2	0	1	1	1	1	0	0	5	7	0	0	2	0	0	1	3	0	0	3	1	0	3	1	0	1	0	0	2	0	0	0	0	0	0	0	0	0	0	0	0	0	1	0	0	0	0	0	0	0	0	0	0	0	0	0	0	0	0	0	0	0	0	0	0	1	0	0	0	0	0	0	0	0	0	0	0	0	0	0	0	0	0	0	0	0	0	0	0	0	0	0	0	0	0
0.03	north13_all	80	5490	3717	2367	1143	1092	676	654	401	782	443	525	357	246	506	506	170	180	122	290	307	154	261	129	158	92	104	72	79	174	37	100	30	66	36	28	80	27	43	25	53	27	22	78	31	31	34	21	23	23	31	22	13	10	12	12	13	13	10	8	27	18	11	12	5	11	16	6	7	8	9	10	2	8	5	8	3	2	1	7	1	7	3	3	3	6	5	0	6	13	3	1	7	2	1	1	2	0	3	7	1	1	1	0	1	2	3	1	1	2	4	0	3	0	1	1	2	0	3	3	0	0	0	0	1	0	0	0	0	0	0	0	1	0	0	0	1	0	0	0	1	0	0	0	0	1	0	0	0	0	1	0	0	0	0	1	0	0	0	0	0	0	0	0	1	0	0	0	0	0	0	0	0	0	0	0	0	0	0	0	0	0	0	0	0
0.03	north13_active	80	3015	2262	1428	598	633	359	387	192	522	269	310	192	129	338	346	75	106	50	185	186	75	175	71	100	34	57	32	50	116	10	55	11	38	13	14	57	14	24	10	33	17	13	50	8	19	17	12	17	14	15	15	4	6	6	8	5	2	3	3	21	12	8	4	4	4	12	4	5	4	7	5	2	6	3	7	2	1	1	4	0	7	1	1	0	3	4	0	4	11	2	0	7	1	1	1	1	0	3	7	0	0	1	0	1	1	2	0	0	2	3	0	3	0	0	1	0	0	2	0	0	0	0	0	0	0	0	0	0	0	0	0	1	0	0	0	0	0	0	0	0	0	0	0	0	0	0	0	0	0	1	0	0	0	0	1	0	0	0	0	0	0	0	0	1	0	0	0	0	0	0	0	0	0	0	0	0	0	0	0	0	0	0	0	0
0.03	north14_all	80	5515	3694	2364	1118	1129	668	640	404	796	414	531	351	249	490	518	180	182	120	296	315	160	273	132	132	87	96	65	79	175	39	106	34	71	37	26	79	27	36	20	51	30	21	52	26	31	31	19	22	28	32	27	11	9	11	10	13	12	9	7	20	19	7	10	5	15	10	9	7	9	10	10	3	8	5	11	3	2	1	7	1	6	3	4	1	6	5	1	3	12	4	1	7	2	0	1	4	0	3	5	1	0	2	0	1	0	2	1	1	1	4	0	3	0	1	1	2	0	0	9	0	0	0	0	1	0	0	0	0	1	0	0	1	1	0	0	1	0	0	0	1	0	0	0	0	1	0	0	0	0	1	0	0	0	0	1	0	0	0	0	0	0	0	0	1	0	0	0	1	0	0	0	0	0	0	0	0	0	0	0	0	0	0	0	0
0.03	north14_active	80	3046	2215	1425	567	654	346	367	192	523	251	308	183	123	319	366	81	106	53	184	196	84	186	74	78	36	45	28	47	121	11	55	11	48	15	13	49	13	17	9	31	18	14	33	6	20	15	10	16	13	13	15	4	5	3	9	7	2	2	2	14	15	5	4	2	9	8	2	5	5	7	4	3	4	4	10	2	1	1	5	0	6	2	2	0	3	4	1	2	11	2	0	7	1	0	1	1	0	3	3	0	0	2	0	1	0	2	0	0	1	3	0	3	0	0	1	0	0	0	6	0	0	0	0	0	0	0	0	0	0	0	0	1	0	0	0	0	0	0	0	0	0	0	0	0	0	0	0	0	0	1	0	0	0	0	1	0	0	0	0	0	0	0	0	1	0	0	0	0	0	0	0	0	0	0	0	0	0	0	0	0	0	0	0	0
0.03	north15_all	80	5600	3713	2346	1110	1107	651	633	424	787	411	523	346	262	546	509	162	211	128	332	303	161	311	131	162	94	94	64	78	174	40	103	39	79	42	29	76	34	36	19	47	29	23	35	25	33	28	20	22	49	21	33	13	11	11	10	15	11	9	8	21	13	11	14	6	14	13	7	7	7	5	9	3	7	8	4	2	3	2	7	2	6	1	6	1	5	4	1	3	16	4	0	7	0	0	1	3	0	0	3	0	0	4	2	1	0	2	1	1	1	3	0	0	0	1	0	0	0	0	7	1	0	0	0	0	0	0	0	0	1	0	0	0	1	0	0	0	0	0	0	1	0	0	0	0	3	0	0	0	0	1	0	0	0	0	0	0	0	0	0	0	0	0	0	1	0	0	0	1	0	0	0	0	0	0	0	0	0	0	0	0	0	0	0	0
0.03	north15_active	80	3077	2191	1404	554	635	349	335	208	515	232	305	184	124	341	346	73	125	57	207	199	91	202	70	96	38	47	34	42	132	12	56	14	54	18	16	50	15	20	8	27	18	13	20	11	20	14	12	17	16	9	17	5	4	1	7	7	2	0	4	12	9	7	6	3	9	10	2	4	3	3	4	3	4	6	3	2	2	2	4	1	5	1	3	0	2	4	1	2	15	2	0	7	0	0	1	1	0	0	0	0	0	3	2	1	0	1	0	0	1	2	0	0	0	0	0	0	0	0	6	0	0	0	0	0	0	0	0	0	0	0	0	0	0	0	0	0	0	0	0	0	0	0	0	0	3	0	0	0	0	1	0	0	0	0	0	0	0	0	0	0	0	0	0	1	0	0	0	0	0	0	0	0	0	0	0	0	0	0	0	0	0	0	0	0
0.03	north16_all	80	5568	3657	2318	1074	1114	639	634	443	805	429	519	337	262	537	494	153	202	128	340	283	133	320	119	159	94	96	69	71	147	39	75	37	81	36	31	74	35	39	23	37	30	17	34	28	36	26	29	24	54	16	29	14	14	13	15	10	11	7	9	13	9	8	17	5	14	12	12	2	9	5	8	6	7	7	5	2	4	4	3	1	6	1	6	0	2	0	1	2	6	4	0	10	1	1	1	5	0	0	4	0	1	4	3	0	0	2	1	1	0	1	1	0	0	1	0	0	0	0	8	1	0	1	1	0	0	2	0	0	1	0	0	0	1	0	0	0	0	0	0	1	0	0	0	0	3	1	0	0	0	0	0	0	0	0	0	0	0	0	0	0	0	0	0	0	0	0	0	1	0	0	0	0	0	0	0	0	0	0	0	0	0	0	0	0
0.03	north16_active	80	3120	2149	1392	540	619	336	336	217	523	245	326	183	120	335	312	69	122	60	208	188	81	215	66	95	39	50	39	42	112	17	45	14	59	18	15	49	16	20	13	22	14	8	23	10	20	14	17	17	22	6	15	7	6	2	10	3	3	0	5	6	8	5	10	3	11	10	7	1	4	3	4	3	3	4	4	1	2	4	1	1	4	1	3	0	1	0	1	2	6	2	0	9	0	1	1	2	0	0	1	0	0	3	2	0	0	1	0	0	0	0	1	0	0	0	0	0	0	0	8	0	0	1	0	0	0	2	0	0	0	0	0	0	0	0	0	0	0	0	0	0	0	0	0	0	3	0	0	0	0	0	0	0	0	0	0	0	0	0	0	0	0	0	0	0	0	0	0	0	0	0	0	0	0	0	0	0	0	0	0	0	0	0	0	0
0.03	north17_all	80	5524	3684	2355	1112	1106	670	618	411	774	430	505	364	256	604	480	138	201	135	319	282	137	287	128	159	89	100	65	72	160	34	84	41	71	30	39	71	34	43	22	35	21	21	52	26	29	26	27	18	50	18	27	20	15	9	17	12	17	7	10	14	3	8	26	3	11	10	8	3	12	4	10	7	6	6	3	6	3	5	2	3	7	4	5	0	1	1	1	1	6	3	0	4	1	2	1	3	1	0	3	0	1	4	3	1	1	2	0	0	0	0	1	0	0	0	0	0	1	0	2	1	1	1	1	0	0	2	0	0	1	1	1	0	1	0	0	0	0	2	0	0	0	0	0	0	3	1	0	0	0	0	3	0	0	0	0	0	0	0	0	0	0	0	0	0	0	0	0	1	0	0	0	0	0	0	0	0	0	0	0	0	0	0	0	0
0.03	north17_active	80	3099	2213	1463	563	647	354	329	205	483	237	314	197	119	383	312	62	123	70	195	187	91	197	73	100	32	46	36	40	112	15	51	23	51	15	20	49	14	25	15	22	9	9	28	11	13	15	14	9	24	8	11	11	7	1	10	4	7	1	7	7	3	5	10	2	9	8	8	2	5	1	6	2	3	3	3	4	1	4	1	2	4	3	2	0	0	1	1	1	6	1	0	3	0	1	0	1	1	0	1	0	0	2	2	1	0	1	0	0	0	0	1	0	0	0	0	0	0	0	2	0	0	1	0	0	0	2	0	0	0	1	0	0	0	0	0	0	0	2	0	0	0	0	0	0	3	0	0	0	0	0	0	0	0	0	0	0	0	0	0	0	0	0	0	0	0	0	0	0	0	0	0	0	0	0	0	0	0	0	0	0	0	0	0	0
0.03	north18_all	80	5622	3633	2357	1114	1143	641	620	425	793	467	513	366	277	585	449	146	194	136	305	297	156	252	130	172	96	87	67	77	148	37	101	39	74	25	40	61	28	50	23	48	22	16	66	25	24	18	29	14	41	16	31	17	13	7	20	12	20	8	8	14	6	11	26	0	11	8	10	5	13	6	9	5	7	6	5	6	4	3	4	2	3	3	2	1	1	2	3	2	1	2	0	4	5	3	2	2	2	0	2	1	1	3	2	2	1	0	3	0	0	1	1	0	1	0	1	0	1	3	2	1	1	1	1	0	0	2	0	0	0	1	1	0	0	0	0	0	0	2	0	0	0	0	0	0	3	1	0	0	0	0	3	0	0	0	0	0	0	0	0	0	0	0	0	0	0	0	0	0	0	0	0	0	0	0	0	0	0	0	0	0	0	0	0	0
0.03	north18_active	80	3196	2147	1456	582	676	311	332	199	503	265	324	196	137	377	294	63	121	67	185	196	104	191	78	115	36	44	32	47	103	21	65	21	55	13	24	41	10	29	13	27	10	7	43	11	9	10	15	7	30	9	17	7	8	1	10	5	8	4	7	9	6	6	15	0	6	6	7	3	7	1	6	0	4	2	4	4	0	2	2	1	1	2	2	0	0	2	2	1	1	1	0	2	0	2	0	1	1	0	1	0	0	1	1	2	0	0	3	0	0	1	1	0	0	0	0	0	0	3	2	0	0	1	0	0	0	2	0	0	0	1	0	0	0	0	0	0	0	2	0	0	0	0	0	0	3	0	0	0	0	0	0	0	0	0	0	0	0	0	0	0	0	0	0	0	0	0	0	0	0	0	0	0	0	0	0	0	0	0	0	0	0	0	0	0
0.03	north19_all	80	5574	3559	2325	1089	1112	633	653	413	755	469	488	361	289	625	444	159	198	143	283	326	161	262	127	163	90	95	60	74	164	40	102	38	69	28	33	66	27	40	30	59	19	22	63	24	20	17	31	15	36	23	39	17	14	2	13	9	24	9	8	27	10	10	26	1	13	9	8	5	14	9	6	4	4	4	7	5	3	2	8	4	3	3	0	3	1	7	4	2	4	3	3	1	4	3	2	1	2	2	1	2	0	3	1	2	1	0	4	0	0	1	1	0	1	0	1	0	1	3	2	0	1	1	2	1	0	0	0	0	0	1	1	0	0	0	0	0	0	2	0	1	0	0	0	0	0	2	0	0	0	0	3	0	0	0	0	1	0	0	0	0	0	1	0	0	0	0	0	0	0	2	0	0	0	6	0	0	0	0	0	0	0	0	0	0
0.03	north19_active	80	3177	2143	1397	579	654	310	367	190	468	276	306	197	152	387	306	69	125	72	170	229	109	179	71	108	32	54	29	39	109	22	66	20	48	17	18	41	11	21	13	34	10	12	35	11	6	9	19	6	29	15	26	7	8	0	5	5	15	4	8	15	9	4	14	1	7	4	5	3	7	3	5	0	3	0	6	3	0	1	4	1	1	2	0	0	0	2	2	1	1	2	0	0	0	2	0	0	1	0	1	0	0	0	1	2	0	0	3	0	0	1	1	0	0	0	0	0	0	3	2	0	0	0	2	1	0	0	0	0	0	1	0	0	0	0	0	0	0	2	0	0	0	0	0	0	0	1	0	0	0	0	0	0	0	0	0	1	0	0	0	0	0	0	0	0	0	0	0	0	0	0	0	0	0	0	0	0	0	0	0	0	0	0	0	0
0.03	north20_all	80	5610	3505	2291	1014	1107	596	654	404	729	449	528	351	296	590	434	162	231	145	286	332	161	296	111	178	84	75	60	77	170	44	102	38	72	30	38	66	32	32	34	56	23	23	61	22	24	22	27	15	36	23	38	19	11	5	13	12	23	13	8	26	14	11	19	2	10	12	6	7	12	9	6	2	3	4	7	7	4	2	10	4	1	5	2	3	2	8	5	2	5	4	3	5	6	1	2	1	4	2	1	4	0	2	4	1	1	1	5	0	0	1	0	0	1	3	2	0	0	3	1	0	0	1	2	1	0	1	0	0	0	2	0	0	0	0	0	0	0	2	0	1	0	0	0	0	0	1	0	0	0	1	3	0	0	0	0	1	0	0	0	0	0	2	0	0	0	0	0	0	0	2	0	0	0	6	0	0	0	0	0	0	0	0	0	0
0.03	north20_active	80	3173	2081	1370	535	610	295	379	179	469	274	348	199	159	380	290	71	146	77	170	227	103	212	54	121	34	43	28	41	117	27	66	20	52	18	18	40	11	13	12	28	10	14	43	13	10	15	16	9	29	14	20	9	7	2	5	6	17	5	7	16	10	5	14	2	6	6	2	3	9	4	3	0	3	1	6	5	1	1	6	0	0	4	1	0	0	2	3	1	2	3	0	4	1	1	0	0	3	0	1	2	0	0	2	1	0	1	3	0	0	1	0	0	0	1	1	0	0	3	0	0	0	0	2	1	0	0	0	0	0	1	0	0	0	0	0	0	0	2	0	0	0	0	0	0	0	1	0	0	0	0	0	0	0	0	0	1	0	0	0	0	0	1	0	0	0	0	0	0	0	0	0	0	0	0	0	0	0	0	0	0	0	0	0	0
0.03	south21_all	80	5832	2378	2212	893	763	951	648	588	320	467	405	307	574	200	372	367	161	173	136	108	115	96	185	98	195	61	83	62	79	109	83	48	67	46	60	43	42	44	40	63	26	21	25	96	24	21	27	24	24	16	27	17	20	17	13	15	6	13	15	5	10	10	23	8	4	4	14	11	7	16	5	5	7	7	2	12	4	4	4	6	4	5	3	4	1	8	4	2	1	13	3	8	0	2	1	2	2	4	4	3	2	1	1	4	1	1	0	0	1	1	13	3	0	2	1	2	2	0	0	2	0	0	0	1	1	0	0	0	0	0	0	0	0	0	2	0	0	0	0	0	0	0	1	0	0	1	0	0	0	0	1	0	0	0	0	0	1	0	0	0	0	0	0	0	0	0	0	0	0	0	0	0	0	0	0	0	0	0	0	0	0	0	0	0
0.03	south21_active	80	3266	1275	1316	436	390	582	357	363	158	268	216	184	376	105	226	254	79	89	76	57	55	48	115	45	104	35	52	22	50	87	60	20	39	18	23	25	21	26	22	45	13	9	7	78	13	10	13	12	11	9	19	5	9	7	6	7	4	6	11	5	4	4	17	4	2	2	10	5	6	12	4	1	3	3	0	11	1	3	2	2	4	3	0	2	0	6	1	1	0	10	1	3	0	0	0	1	0	1	2	2	1	1	1	1	1	1	0	0	0	1	11	2	0	1	0	1	2	0	0	0	0	0	0	1	1	0	0	0	0	0	0	0	0	0	2	0	0	0	0	0	0	0	0	0	0	0	0	0	0	0	0	0	0	0	0	0	0	0	0	0	0	0	0	0	0	0	0	0	0	0	0	0	0	0	0	0	0	0	0	0	0	0	0	0
0.03	south22_all	80	5780	2437	2260	880	801	948	634	575	300	444	398	303	602	210	371	345	154	166	130	111	116	107	196	90	185	67	77	64	91	108	99	43	68	38	69	33	44	52	40	60	24	33	21	106	24	20	25	28	16	21	25	20	22	15	16	17	7	15	17	11	10	8	12	11	4	4	23	6	6	12	10	4	7	8	1	16	3	2	4	6	7	2	3	3	3	2	5	3	2	9	3	5	0	1	2	2	1	4	5	3	1	1	3	5	5	1	1	1	0	7	13	3	0	2	1	1	2	1	0	2	0	0	0	1	1	0	0	0	0	0	0	0	0	0	2	0	0	0	0	0	0	0	1	0	0	1	0	0	0	0	1	0	0	0	0	0	0	0	0	0	1	0	0	0	1	0	0	0	0	0	0	0	0	0	0	0	0	0	0	0	0	0	0	0
0.03	south22_active	80	3220	1301	1335	435	419	587	353	362	142	238	206	176	408	113	222	234	74	92	71	54	49	54	117	38	103	40	44	27	54	80	71	18	36	14	28	22	20	37	23	38	14	22	5	76	10	8	14	17	7	11	17	11	11	7	8	6	5	5	11	8	4	3	7	4	2	2	21	2	3	5	6	1	2	4	0	10	1	2	3	1	6	0	0	2	1	2	3	1	0	8	1	5	0	0	1	1	0	1	2	2	0	1	1	3	5	1	0	1	0	7	11	2	0	1	0	0	2	1	0	0	0	0	0	1	1	0	0	0	0	0	0	0	0	0	2	0	0	0	0	0	0	0	0	0	0	0	0	0	0	0	0	0	0	0	0	0	0	0	0	0	0	0	0	0	1	0	0	0	0	0	0	0	0	0	0	0	0	0	0	0	0	0	0	0
0.03	south23_all	80	5808	2479	2268	890	780	932	662	616	297	448	412	293	588	204	362	368	151	148	122	114	116	109	211	81	201	71	69	65	84	124	97	45	62	37	83	34	43	50	47	62	28	39	16	97	26	20	31	29	16	18	28	26	15	11	18	14	11	13	9	11	9	8	8	8	7	1	22	12	7	16	14	6	7	6	2	13	4	3	5	7	7	1	3	2	2	4	5	2	2	9	2	4	0	2	2	0	2	4	4	1	0	1	6	4	6	0	1	1	0	7	2	2	0	1	1	1	0	1	0	0	0	0	1	1	0	2	0	0	0	0	0	0	0	0	1	0	0	0	0	0	1	0	1	0	0	1	0	0	0	0	0	0	0	0	0	0	1	1	0	0	1	0	0	0	1	0	0	0	0	1	0	0	0	0	0	0	0	0	0	0	0	0	0	0
0.03	south23_active	80	3260	1333	1348	445	400	577	370	371	131	231	224	169	411	110	225	242	72	71	63	58	48	49	141	34	118	39	36	30	50	83	65	22	32	17	44	25	22	37	25	39	15	25	3	69	13	8	16	17	7	9	19	18	10	5	10	3	6	5	6	6	5	2	4	2	5	0	19	4	4	10	8	2	3	3	0	7	3	1	4	1	6	0	0	2	1	2	3	0	0	7	1	4	0	1	1	0	1	1	1	1	0	1	1	4	5	0	0	1	0	7	1	2	0	1	1	0	0	1	0	0	0	0	0	1	0	2	0	0	0	0	0	0	0	0	1	0	0	0	0	0	1	0	0	0	0	0	0	0	0	0	0	0	0	0	0	0	0	0	0	0	0	0	0	0	1	0	0	0	0	1	0	0	0	0	0	0	0	0	0	0	0	0	0	0
0.03	south24_all	80	5855	2466	2253	912	782	965	708	587	324	457	417	285	638	196	340	372	151	158	110	114	136	120	246	74	198	66	67	67	80	117	102	50	57	44	92	38	32	47	47	66	27	41	16	79	26	20	36	22	14	16	25	28	16	11	20	9	9	13	9	11	8	5	8	6	5	2	16	10	7	15	16	8	4	4	2	17	4	2	5	8	5	1	1	3	4	4	6	2	2	8	5	4	1	2	3	0	3	4	3	1	1	2	6	4	6	0	1	1	0	6	0	3	0	0	2	2	0	1	0	0	0	1	1	0	0	2	0	0	0	0	0	0	0	0	1	0	1	0	0	0	1	1	0	0	0	0	0	0	0	0	0	0	0	0	0	0	1	1	0	0	1	0	0	0	1	0	0	0	0	1	0	0	0	0	0	0	0	0	0	0	0	0	0	0
0.03	south24_active	80	3316	1342	1343	435	384	613	388	336	148	223	223	158	452	111	213	254	70	80	50	61	64	53	166	29	138	31	33	32	49	64	62	27	32	19	52	21	19	33	24	44	15	24	7	54	14	8	21	14	7	7	19	23	12	7	12	2	4	5	4	4	3	0	4	1	4	1	13	6	3	7	6	2	1	1	1	6	3	0	3	3	4	0	0	1	1	1	4	1	0	6	2	3	1	1	2	0	3	1	1	1	1	1	1	4	5	0	0	1	0	6	0	3	0	0	1	0	0	1	0	0	0	0	0	0	0	2	0	0	0	0	0	0	0	0	1	0	0	0	0	0	1	1	0	0	0	0	0	0	0	0	0	0	0	0	0	0	0	0	0	0	0	0	0	0	1	0	0	0	0	1	0	0	0	0	0	0	0	0	0	0	0	0	0	0
0.03	south25_all	80	5808	2394	2186	892	810	950	741	601	340	429	410	288	611	206	327	399	153	148	120	108	127	101	275	85	180	59	68	68	90	113	100	59	57	45	90	45	33	47	63	71	25	37	17	67	25	15	37	17	8	11	30	38	20	7	16	9	10	10	13	10	7	5	6	4	7	5	11	12	5	14	16	8	2	4	6	11	3	3	4	8	8	3	1	4	3	6	4	2	1	2	5	2	1	6	2	1	4	3	3	3	2	3	5	6	3	3	0	1	0	2	0	2	0	0	2	1	1	1	0	0	0	1	1	1	1	2	0	0	0	0	0	0	0	0	1	0	1	0	0	1	1	1	0	0	0	0	0	0	0	1	0	0	0	0	0	0	1	1	0	0	1	0	1	0	0	0	0	0	0	1	0	0	0	0	0	0	0	0	0	0	0	0	0	0
0.03	south25_active	80	3277	1291	1311	422	369	583	397	338	155	224	240	151	421	105	207	285	72	72	51	63	65	41	196	39	128	24	37	29	51	58	64	31	32	14	64	23	20	27	33	46	13	22	9	40	17	6	24	8	4	5	22	26	15	5	11	2	5	4	6	5	3	0	3	2	6	2	9	6	2	8	6	2	1	2	4	4	2	0	2	4	6	0	0	2	0	2	2	1	0	0	2	1	1	2	2	1	4	3	1	3	2	2	0	6	2	2	0	1	0	2	0	2	0	0	1	0	0	1	0	0	0	0	0	1	0	2	0	0	0	0	0	0	0	0	1	0	0	0	0	1	1	1	0	0	0	0	0	0	0	0	0	0	0	0	0	0	0	0	0	0	0	0	1	0	0	0	0	0	0	1	0	0	0	0	0	0	0	0	0	0	0	0	0	0
0.03	south26_all	80	5648	2325	2111	879	795	985	692	567	343	449	399	301	547	205	336	371	158	150	140	113	134	101	244	86	197	57	74	57	79	105	89	52	58	43	74	53	28	53	59	60	22	27	16	48	22	17	36	25	10	7	27	38	21	10	18	9	6	11	11	18	7	6	11	5	8	4	2	8	5	8	11	6	4	4	9	10	3	7	6	7	4	3	2	4	3	6	4	3	2	2	5	2	1	6	3	1	4	5	1	8	5	3	5	5	3	3	0	0	1	2	1	2	1	1	1	1	2	0	0	0	0	1	0	1	1	0	0	0	0	0	0	0	0	0	1	1	1	0	0	1	0	1	0	0	0	6	0	0	0	1	1	0	0	0	0	0	1	0	1	0	0	0	1	0	0	0	0	0	1	0	0	0	0	0	0	0	0	0	0	0	0	0	0	0
0.03	south26_active	80	3130	1256	1259	391	363	592	353	324	166	245	230	163	365	109	206	256	81	81	73	66	74	41	163	37	143	24	40	26	45	58	47	30	31	13	54	22	16	27	29	39	12	13	10	28	15	7	22	9	3	1	18	26	14	7	10	3	3	6	6	10	1	0	9	3	7	2	1	4	2	4	4	2	1	2	4	3	2	3	3	3	3	0	1	1	0	4	2	1	1	0	2	1	1	2	2	1	4	4	0	2	5	2	4	5	2	2	0	0	1	2	0	2	0	1	0	0	0	0	0	0	0	0	0	1	0	0	0	0	0	0	0	0	0	0	1	0	0	0	0	1	0	1	0	0	0	0	0	0	0	0	1	0	0	0	0	0	0	0	0	0	0	0	1	0	0	0	0	0	1	0	0	0	0	0	0	0	0	0	0	0	0	0	0	0
0.03	south27_all	80	5660	2294	2164	893	789	941	655	608	342	466	379	312	587	207	364	334	154	147	150	108	132	95	232	80	182	58	64	59	78	91	95	53	59	40	66	58	32	64	49	61	21	22	14	53	29	12	40	22	15	8	28	35	26	7	16	11	8	10	12	23	6	5	12	8	10	5	5	6	5	13	9	4	5	6	9	4	1	7	4	5	4	3	2	3	3	6	3	3	2	1	3	2	1	5	10	2	3	5	0	8	4	2	5	6	1	3	2	1	3	2	1	2	1	1	0	1	2	0	0	0	0	1	0	1	3	3	0	0	2	0	0	0	0	0	1	1	1	0	0	1	0	1	0	1	0	6	0	0	0	1	1	0	0	2	0	0	0	0	1	0	0	0	1	0	0	0	0	0	1	0	0	0	0	0	0	0	0	0	0	0	0	0	0	0
0.03	south27_active	80	3074	1224	1304	406	364	558	331	332	155	286	208	156	394	104	216	224	84	84	83	60	76	40	149	37	124	22	35	22	42	63	54	24	30	14	47	25	16	36	28	38	10	15	6	24	20	7	26	8	4	2	15	25	16	5	9	5	3	3	8	14	0	2	8	5	7	2	5	2	2	10	4	1	1	3	5	2	1	3	2	1	3	1	1	1	1	4	1	1	1	0	2	1	1	1	2	2	3	4	0	2	4	1	4	5	1	2	1	0	2	2	0	1	0	1	0	0	0	0	0	0	0	0	0	1	0	3	0	0	2	0	0	0	0	0	1	0	0	0	0	1	0	1	0	1	0	0	0	0	0	0	1	0	0	2	0	0	0	0	0	0	0	0	1	0	0	0	0	0	1	0	0	0	0	0	0	0	0	0	0	0	0	0	0	0
0.03	south28_all	80	5732	2297	2178	916	793	904	660	621	333	486	364	311	607	200	382	336	152	134	137	107	122	109	199	69	194	62	76	52	67	94	93	39	60	47	53	54	33	62	40	65	19	31	20	43	21	16	37	28	21	9	25	28	26	13	14	11	9	13	11	21	11	7	13	9	10	5	6	8	4	18	10	6	7	6	5	7	3	7	5	4	1	2	2	5	2	6	6	2	2	3	1	0	0	1	11	2	0	5	0	6	7	2	6	8	0	0	3	1	3	1	3	3	1	1	0	1	1	0	0	0	0	2	0	1	2	3	0	0	4	0	0	0	0	0	0	1	1	0	0	1	0	0	0	1	0	6	1	0	0	1	1	0	1	2	0	0	0	0	1	0	0	0	0	0	0	0	0	0	1	0	0	0	0	0	0	0	0	0	0	0	0	0	0	0
0.03	south28_active	80	3146	1202	1320	416	378	534	362	351	147	290	187	164	409	99	239	212	88	88	82	52	66	51	124	33	135	20	40	19	38	62	58	17	33	20	35	25	15	33	27	41	10	19	8	23	13	10	24	13	10	3	15	22	17	8	9	5	3	5	7	11	2	3	10	7	6	3	4	1	2	16	4	4	2	2	1	6	2	3	2	1	0	1	1	3	1	4	2	0	2	2	0	0	0	0	2	2	0	4	0	0	7	1	4	6	0	0	2	0	2	1	0	2	0	1	0	1	0	0	0	0	0	2	0	1	0	3	0	0	4	0	0	0	0	0	0	0	0	0	0	1	0	0	0	1	0	0	0	0	0	0	1	0	0	2	0	0	0	0	0	0	0	0	0	0	0	0	0	0	1	0	0	0	0	0	0	0	0	0	0	0	0	0	0	0
0.03	south29_all	80	5772	2335	2222	956	790	914	663	669	330	473	379	298	613	204	354	352	159	129	141	108	120	108	196	67	206	63	73	50	61	104	103	36	55	45	52	63	45	56	40	56	21	35	20	59	21	17	31	24	19	17	21	30	23	13	16	9	11	12	12	17	9	10	15	10	11	6	10	11	3	17	7	8	6	4	4	7	2	6	2	6	2	3	1	4	2	4	4	2	1	5	1	0	1	2	10	2	0	1	0	1	4	2	4	4	0	2	3	1	2	1	2	3	0	0	0	1	0	0	0	0	0	2	0	0	2	3	0	0	4	0	0	2	0	0	1	0	1	0	0	0	0	0	0	1	0	1	1	0	0	0	0	0	6	2	0	0	0	0	1	0	0	0	0	0	0	0	0	0	0	0	0	0	0	0	0	0	0	0	0	0	0	0	0	0
0.03	south29_active	80	3193	1236	1334	449	404	567	371	390	138	283	204	150	401	100	221	221	95	84	80	53	70	54	115	32	138	16	33	20	36	70	66	18	30	22	33	32	20	31	28	32	10	20	7	32	11	8	20	9	11	7	13	23	14	7	9	4	4	6	9	10	2	6	10	6	6	3	7	2	1	15	3	4	3	1	2	6	1	3	0	1	0	1	0	2	1	3	1	0	1	2	0	0	0	1	1	2	0	1	0	0	4	0	3	2	0	0	2	0	1	1	0	2	0	0	0	1	0	0	0	0	0	2	0	0	0	3	0	0	4	0	0	2	0	0	0	0	0	0	0	0	0	0	0	1	0	0	0	0	0	0	0	0	5	2	0	0	0	0	0	0	0	0	0	0	0	0	0	0	0	0	0	0	0	0	0	0	0	0	0	0	0	0	0	0
0.03	south30_all	80	5808	2378	2247	972	805	900	668	619	329	450	369	290	633	208	336	358	157	130	137	106	112	116	230	80	233	62	78	55	66	116	103	35	54	48	56	53	52	53	44	46	16	42	23	56	21	20	26	22	18	20	19	34	24	11	14	9	12	17	12	6	10	13	13	8	10	7	13	10	2	21	8	7	7	2	6	9	2	3	3	6	7	7	4	4	1	3	5	3	1	9	3	0	2	3	2	2	1	1	0	2	6	2	4	3	1	2	3	0	0	1	2	3	0	0	0	1	0	0	0	0	0	2	0	0	1	3	0	0	4	0	1	2	0	0	1	0	1	0	0	0	0	1	1	0	0	1	1	0	0	0	0	0	6	0	0	0	0	0	0	0	0	0	0	0	0	0	0	0	0	0	0	0	0	0	1	0	0	0	0	0	0	0	0	0
0.03	south30_active	80	3225	1234	1350	452	422	556	371	354	149	261	221	140	412	114	222	248	99	82	75	58	65	60	126	42	153	21	37	21	38	77	66	17	27	21	36	31	24	31	28	26	9	23	12	37	10	9	12	15	10	10	14	22	15	4	7	5	6	12	7	3	2	9	10	5	5	3	10	2	1	18	5	4	5	1	3	8	1	0	0	2	1	5	1	2	0	3	2	1	1	5	1	0	0	1	0	1	0	0	0	0	6	0	1	2	0	0	1	0	0	1	0	3	0	0	0	1	0	0	0	0	0	2	0	0	0	3	0	0	4	0	1	2	0	0	0	0	1	0	0	0	0	1	1	0	0	0	0	0	0	0	0	0	5	0	0	0	0	0	0	0	0	0	0	0	0	0	0	0	0	0	0	0	0	0	1	0	0	0	0	0	0	0	0	0
0.03	south31_all	80	5913	2509	2147	950	800	1022	681	591	349	430	412	287	567	204	334	387	147	151	139	123	117	128	248	100	191	57	78	63	86	126	84	44	46	48	60	46	33	56	47	30	28	34	19	41	18	24	37	21	12	13	30	32	27	9	7	13	7	3	21	8	7	7	16	6	5	7	18	7	12	12	18	5	3	6	5	14	3	4	1	5	4	1	5	1	6	10	1	2	0	1	0	3	3	0	1	2	1	1	3	5	6	4	2	0	1	2	1	1	0	2	2	2	0	0	0	1	0	1	0	0	0	2	0	1	1	1	2	0	0	0	0	2	0	0	0	1	1	1	0	0	0	0	0	0	0	1	1	0	0	1	0	1	0	0	0	0	0	0	0	1	0	0	1	0	0	0	0	0	0	0	0	0	0	0	0	0	0	0	0	0	0	0	0	0
0.03	south31_active	80	3325	1315	1336	447	407	598	386	321	169	248	242	140	354	105	227	265	70	86	77	54	60	71	183	49	126	22	45	29	48	69	39	22	28	21	37	20	23	29	31	14	10	22	9	25	8	12	22	12	6	9	14	23	21	4	3	7	3	2	12	4	2	4	9	2	3	3	16	4	9	8	13	2	2	2	1	14	1	4	0	3	2	1	3	1	4	10	0	2	0	1	0	2	3	0	0	1	0	1	1	4	5	0	1	0	1	1	0	1	0	1	2	0	0	0	0	1	0	0	0	0	0	2	0	0	0	0	2	0	0	0	0	1	0	0	0	0	0	1	0	0	0	0	0	0	0	1	0	0	0	1	0	1	0	0	0	0	0	0	0	0	0	0	1	0	0	0	0	0	0	0	0	0	0	0	0	0	0	0	0	0	0	0	0	0
0.03	south32_all	80	5870	2501	2155	951	818	984	652	595	359	427	419	288	586	230	331	385	137	172	160	116	128	115	264	98	180	59	83	61	82	117	77	47	55	51	61	43	33	56	43	40	29	28	17	44	13	28	29	34	10	14	25	25	26	13	14	16	9	7	16	8	4	10	18	6	5	8	16	7	5	15	11	8	2	7	4	17	3	2	1	4	7	1	7	3	7	14	1	3	2	1	0	3	3	2	1	1	1	1	3	6	5	0	2	0	1	3	1	2	0	2	0	4	0	1	0	0	0	0	0	0	0	1	2	0	2	1	2	0	0	0	0	0	0	0	0	0	1	1	0	0	1	0	0	0	0	1	1	0	0	1	0	1	0	0	0	0	0	0	0	1	0	0	1	0	0	0	0	0	0	0	0	0	0	0	0	0	0	0	0	0	0	0	0	0
0.03	south32_active	80	3263	1293	1337	459	403	582	370	310	178	247	241	138	375	129	229	264	74	91	92	54	71	59	175	47	116	22	46	29	47	66	37	17	37	23	37	18	25	31	34	24	12	19	10	30	8	18	18	21	5	6	8	19	18	4	6	9	3	2	8	3	1	4	11	4	2	4	12	2	4	9	10	4	2	2	2	16	1	2	0	3	5	1	3	2	5	14	1	3	2	1	0	2	3	0	0	1	0	1	1	5	5	0	1	0	1	2	0	2	0	1	0	0	0	0	0	0	0	0	0	0	0	1	1	0	1	0	2	0	0	0	0	0	0	0	0	0	0	1	0	0	0	0	0	0	0	1	0	0	0	1	0	1	0	0	0	0	0	0	0	0	0	0	1	0	0	0	0	0	0	0	0	0	0	0	0	0	0	0	0	0	0	0	0	0
0.03	south33_all	80	5793	2482	2215	916	808	976	667	624	356	405	408	290	599	220	334	402	145	150	147	112	128	98	271	95	208	48	86	45	76	101	95	52	58	47	61	37	31	44	48	39	31	31	15	43	18	26	32	39	10	16	34	26	23	9	15	18	9	8	15	6	4	10	19	7	5	9	12	6	6	23	16	6	2	5	3	15	4	2	0	4	6	2	5	5	9	13	2	4	3	0	0	5	3	3	1	1	0	6	0	7	9	0	6	0	1	2	1	1	0	2	1	4	1	1	0	0	0	0	0	0	0	0	2	0	1	3	2	0	0	0	0	0	0	0	0	0	1	1	0	0	1	0	0	0	0	0	1	0	0	1	0	1	0	0	0	0	0	0	0	1	0	0	1	0	0	1	1	0	0	0	0	0	0	0	0	0	0	0	0	0	0	0	0	0
0.03	south33_active	80	3244	1298	1341	426	396	584	376	323	162	219	241	138	382	116	231	270	85	79	91	50	71	45	177	42	131	16	46	20	44	58	58	21	35	18	34	15	21	21	37	23	14	23	6	26	11	15	18	26	5	7	13	20	14	2	6	8	3	2	8	3	2	2	13	5	2	5	7	1	3	14	14	2	2	2	2	12	1	2	0	3	5	1	2	2	5	13	1	3	3	0	0	3	3	1	0	1	0	5	0	5	9	0	5	0	1	1	0	1	0	1	0	0	1	0	0	0	0	0	0	0	0	0	1	0	1	1	2	0	0	0	0	0	0	0	0	0	0	1	0	0	0	0	0	0	0	0	0	0	0	1	0	1	0	0	0	0	0	0	0	0	0	0	1	0	0	1	0	0	0	0	0	0	0	0	0	0	0	0	0	0	0	0	0	0
0.03	south34_all	80	5849	2416	2201	920	824	954	691	636	354	425	404	287	599	217	359	377	145	151	145	118	120	101	264	86	201	45	81	46	78	95	96	47	64	36	56	40	30	40	50	35	30	37	17	44	21	23	40	35	9	19	31	38	22	9	17	25	11	13	12	6	3	9	16	7	7	7	13	6	6	26	12	6	3	6	3	15	3	0	1	3	5	3	3	5	3	6	2	4	3	1	2	4	2	3	0	1	1	5	0	7	9	0	4	1	0	4	1	1	0	1	2	3	1	1	0	0	1	0	0	0	0	0	2	0	1	3	0	0	0	0	0	0	0	0	0	0	0	1	0	0	1	0	0	0	1	0	1	0	0	0	0	1	1	0	0	0	0	0	0	0	0	0	1	0	0	1	2	0	0	0	0	0	0	0	0	0	1	0	0	0	0	0	0	0
0.03	south34_active	80	3229	1273	1306	460	409	563	395	343	158	224	245	148	376	116	225	237	82	81	86	58	68	45	166	36	133	17	36	25	45	55	70	22	38	15	33	21	22	25	37	19	12	29	6	32	11	14	25	26	3	7	14	23	16	3	9	14	5	4	6	2	2	2	9	5	5	3	8	3	2	18	11	3	2	1	2	10	1	0	1	2	5	1	1	1	1	6	1	1	3	0	0	2	1	1	0	1	1	4	0	4	9	0	4	0	0	1	0	1	0	0	1	0	1	0	0	0	0	0	0	0	0	0	1	0	1	1	0	0	0	0	0	0	0	0	0	0	0	1	0	0	0	0	0	0	0	0	0	0	0	0	0	1	1	0	0	0	0	0	0	0	0	0	1	0	0	1	1	0	0	0	0	0	0	0	0	0	1	0	0	0	0	0	0	0
0.03	south35_all	80	5820	2397	2167	986	828	928	730	593	373	430	394	299	599	193	389	403	158	154	130	122	111	100	245	77	222	55	74	51	73	123	106	50	55	35	77	40	30	43	47	33	24	43	20	49	18	17	36	24	15	17	28	38	33	9	16	20	11	17	11	8	6	11	19	7	5	8	15	8	9	27	13	4	3	6	2	12	5	2	1	1	6	5	2	5	2	9	5	5	3	4	2	3	2	2	1	0	2	5	0	6	5	1	4	1	1	3	0	1	0	1	2	2	1	0	0	0	2	0	0	0	2	0	2	0	1	3	0	1	0	0	0	0	0	1	0	0	0	0	0	0	1	0	0	0	1	0	0	0	0	0	1	1	1	0	0	0	0	0	0	0	0	0	1	0	0	1	2	0	0	0	0	0	0	0	0	0	1	0	0	0	0	0	0	0
0.03	south35_active	80	3274	1251	1244	471	411	541	418	329	159	228	229	169	374	106	243	250	93	87	70	62	48	45	169	34	138	25	28	30	41	82	75	26	32	15	44	28	18	24	33	14	9	30	9	33	10	9	24	20	6	7	15	20	23	4	10	10	5	8	6	3	3	4	11	5	4	3	8	5	1	19	11	2	1	3	1	8	2	2	1	1	5	3	1	1	0	9	2	2	3	2	0	2	1	1	1	0	1	4	0	3	5	1	4	0	0	0	0	1	0	0	1	0	1	0	0	0	1	0	0	0	2	0	1	0	1	2	0	0	0	0	0	0	0	1	0	0	0	0	0	0	0	0	0	0	0	0	0	0	0	0	0	1	1	0	0	0	0	0	0	0	0	0	1	0	0	1	1	0	0	0	0	0	0	0	0	0	1	0	0	0	0	0	0	0
0.03	south36_all	80	5908	2397	2178	998	793	934	698	623	365	404	374	291	615	200	408	368	153	152	112	128	132	97	241	82	230	61	60	54	71	134	96	48	53	21	74	37	35	62	34	36	17	48	21	47	18	13	39	13	15	14	21	38	34	8	16	14	8	16	14	8	7	8	17	4	9	4	13	9	8	26	8	1	5	7	1	5	4	6	3	1	4	6	1	4	4	9	5	3	1	5	2	1	1	2	5	0	2	3	0	4	1	2	0	1	5	3	1	0	0	0	1	0	0	1	0	0	2	0	0	0	2	0	0	0	0	1	0	1	0	0	0	0	0	2	0	0	0	0	0	0	0	1	0	0	1	0	1	0	0	0	1	0	1	0	0	0	0	0	0	0	0	0	1	0	0	0	2	0	0	0	0	0	0	0	0	0	1	0	0	0	0	0	0	0
0.03	south36_active	80	3349	1190	1242	480	397	550	413	359	156	219	227	169	396	110	253	245	87	77	61	73	66	47	161	37	165	29	26	36	42	94	58	27	30	9	44	26	20	41	19	18	3	29	10	34	8	6	28	10	8	5	11	20	21	4	11	9	3	9	7	2	2	4	10	3	5	2	5	6	1	19	4	1	2	4	1	3	1	6	3	1	1	3	1	1	3	8	3	1	0	2	0	0	0	1	5	0	1	3	0	2	1	2	0	0	4	0	1	0	0	0	1	0	0	0	0	0	1	0	0	0	2	0	0	0	0	1	0	0	0	0	0	0	0	1	0	0	0	0	0	0	0	1	0	0	0	0	0	0	0	0	0	0	1	0	0	0	0	0	0	0	0	0	1	0	0	0	1	0	0	0	0	0	0	0	0	0	1	0	0	0	0	0	0	0
0.03	south37_all	80	5892	2405	2239	982	791	948	656	612	381	449	358	283	593	208	372	366	163	153	115	124	139	97	242	83	216	68	54	51	71	126	85	45	47	25	79	35	37	57	30	47	18	41	24	72	24	17	34	15	15	16	18	31	31	9	13	8	5	15	17	7	12	16	14	3	10	4	13	8	8	21	11	2	6	5	0	8	4	6	4	2	5	7	0	2	3	11	6	1	2	5	1	1	0	2	5	0	2	0	1	2	1	2	0	2	5	3	1	3	0	0	1	0	0	1	0	0	2	0	1	0	2	0	0	0	0	4	0	1	0	0	0	0	0	2	0	0	0	0	0	1	0	1	0	0	0	0	1	0	0	0	1	0	0	0	0	0	0	0	0	0	0	0	1	0	0	0	0	0	0	0	0	0	0	0	0	0	1	0	0	0	0	0	0	0
0.03	south37_active	80	3329	1190	1292	462	390	575	392	346	171	260	217	161	396	114	234	244	91	78	59	66	73	53	161	39	146	31	29	34	38	93	52	22	28	9	43	22	18	37	16	19	8	26	12	51	13	8	23	12	7	8	11	14	17	4	9	5	2	9	8	2	4	8	5	2	5	2	5	6	1	14	6	2	3	4	0	6	1	6	2	2	1	4	0	1	3	10	3	1	0	3	0	0	0	0	5	0	1	0	1	2	1	2	0	0	4	0	1	2	0	0	1	0	0	0	0	0	1	0	1	0	2	0	0	0	0	4	0	0	0	0	0	0	0	1	0	0	0	0	0	0	0	1	0	0	0	0	0	0	0	0	0	0	0	0	0	0	0	0	0	0	0	0	1	0	0	0	0	0	0	0	0	0	0	0	0	0	1	0	0	0	0	0	0	0
0.03	south38_all	80	5903	2454	2214	930	772	980	648	609	366	491	355	308	580	216	343	367	156	148	111	114	146	89	263	92	217	68	50	47	73	108	100	47	52	34	69	37	40	56	39	52	23	32	25	60	26	15	29	20	16	16	20	15	26	13	11	8	6	14	15	5	9	10	10	3	8	3	15	5	7	22	14	3	7	8	0	10	1	6	5	2	4	3	2	1	3	8	4	2	3	6	0	1	0	3	6	0	1	0	2	0	2	2	1	5	4	2	1	3	1	0	8	1	0	1	0	0	0	0	1	0	2	0	0	0	0	4	0	0	0	0	1	0	0	1	0	0	0	0	0	1	0	1	0	0	0	0	1	1	0	0	0	0	0	0	0	0	0	0	0	0	0	0	0	0	0	0	1	0	0	0	0	0	0	0	0	0	0	0	0	0	0	0	0	0
0.03	south38_active	80	3405	1235	1324	435	379	579	387	332	169	296	212	163	391	128	218	249	85	78	59	57	85	51	157	46	155	32	34	29	38	82	60	25	30	11	38	20	18	40	25	27	11	18	12	42	15	7	20	14	8	9	15	8	14	6	6	3	2	9	6	1	4	4	4	1	4	2	7	3	1	15	8	3	5	7	0	7	0	5	2	2	0	1	1	0	3	7	2	2	0	3	0	0	0	0	4	0	1	0	1	0	1	2	0	3	4	0	1	2	1	0	8	0	0	0	0	0	0	0	1	0	2	0	0	0	0	4	0	0	0	0	0	0	0	0	0	0	0	0	0	0	0	1	0	0	0	0	0	0	0	0	0	0	0	0	0	0	0	0	0	0	0	0	0	0	0	0	0	0	0	0	0	0	0	0	0	0	0	0	0	0	0	0	0	0
0.03	south39_all	80	5895	2476	2218	925	783	943	625	632	376	480	344	302	611	226	331	379	146	149	119	107	133	97	239	98	198	68	59	54	94	86	109	42	54	41	65	45	47	45	59	52	28	22	24	69	36	18	28	24	18	17	24	25	25	16	9	10	7	8	13	2	9	10	12	7	5	9	13	6	6	25	13	6	6	6	0	10	1	3	3	3	5	4	4	1	1	4	2	2	2	3	0	1	0	2	6	0	1	0	3	2	1	2	1	6	0	2	0	3	1	0	10	1	0	1	0	0	0	0	1	0	0	0	0	0	0	3	0	0	1	0	2	0	0	0	0	0	0	0	0	1	0	0	0	0	0	0	0	1	0	0	0	0	0	1	0	0	0	0	0	0	0	0	0	0	0	0	1	0	0	0	0	0	0	0	0	0	0	0	0	0	0	0	1	0
0.03	south39_active	80	3398	1323	1344	426	389	543	347	352	177	288	199	146	413	126	212	272	75	80	59	44	79	52	155	51	136	34	37	27	52	63	74	24	31	14	39	21	23	30	41	30	12	12	12	46	20	9	16	14	9	9	16	11	15	10	4	7	3	3	5	0	6	6	7	2	3	5	9	3	3	14	8	6	4	3	0	7	0	2	0	2	3	2	1	0	0	4	1	2	0	1	0	0	0	0	4	0	1	0	1	2	0	2	0	4	0	0	0	2	1	0	10	0	0	0	0	0	0	0	1	0	0	0	0	0	0	3	0	0	0	0	0	0	0	0	0	0	0	0	0	0	0	0	0	0	0	0	0	0	0	0	0	0	0	1	0	0	0	0	0	0	0	0	0	0	0	0	0	0	0	0	0	0	0	0	0	0	0	0	0	0	0	0	0	0
0.03	south40_all	80	5887	2436	2168	941	781	976	660	620	369	444	358	305	627	216	324	362	142	142	130	120	119	94	212	89	192	61	71	59	99	94	127	46	57	43	64	50	48	41	67	57	32	27	27	66	30	15	28	24	16	20	24	31	28	18	12	12	11	11	10	9	7	10	8	10	6	13	9	7	6	39	8	7	9	10	1	11	4	2	3	3	6	3	6	2	2	4	1	2	1	5	0	0	1	2	3	0	1	1	3	2	2	2	1	8	1	2	1	2	1	4	11	3	0	0	1	0	0	0	0	1	1	0	0	0	0	3	0	0	1	0	2	0	0	0	1	0	1	0	0	0	0	0	0	0	0	0	0	1	0	0	0	0	0	1	0	0	0	0	0	0	0	0	0	0	0	0	1	0	0	0	0	0	0	0	0	0	0	0	0	0	0	0	1	0
0.03	south40_active	80	3392	1318	1301	429	390	540	373	337	179	263	216	146	421	116	215	254	72	71	64	55	64	48	145	44	137	36	38	21	55	68	84	29	25	19	43	25	26	27	44	39	12	13	15	53	18	10	16	15	10	10	15	17	16	12	8	8	5	4	6	3	5	6	5	3	3	5	6	3	2	27	6	7	5	3	1	8	1	1	2	2	4	1	2	0	0	4	1	2	0	3	0	0	0	0	0	0	1	1	1	2	0	2	0	4	0	0	1	0	1	4	11	2	0	0	0	0	0	0	0	0	0	0	0	0	0	3	0	0	0	0	0	0	0	0	0	0	0	0	0	0	0	0	0	0	0	0	0	0	0	0	0	0	0	1	0	0	0	0	0	0	0	0	0	0	0	0	0	0	0	0	0	0	0	0	0	0	0	0	0	0	0	0	0	0
