label	Group	numOtus	Otu0	Otu1	Otu2	Otu3	Otu4	Otu5	Otu6	Otu7	Otu8	Otu9	Otu10	Otu11	Otu12	Otu13	Otu14	Otu15	Otu16	Otu17	Otu18	Otu19	Otu20	Otu21	Otu22	Otu23	Otu24	Otu25	Otu26	Otu27	Otu28	Otu29	Otu30	Otu31	Otu32	Otu33	Otu34	Otu35	Otu36	Otu37	Otu38	Otu39	Otu40	Otu41	Otu42	Otu43	Otu44	Otu45	Otu46	Otu47	Otu48	Otu49	Otu50	Otu51	Otu52	Otu53	Otu54	Otu55	Otu56	Otu57	Otu58	Otu59	Otu60	Otu61	Otu62	Otu63	Otu64	Otu65	Otu66	Otu67	Otu68	Otu69	Otu70	Otu71	Otu72	Otu73	Otu74	Otu75	Otu76	Otu77	Otu78	Otu79	Otu80	Otu81	Otu82	Otu83	Otu84	Otu85	Otu86	Otu87	Otu88	Otu89	Otu90	Otu91	Otu92	Otu93	Otu94	Otu95	Otu96	Otu97	Otu98	Otu99	Otu100
0.03	north1_all	80	32549	26728	13187	9836	4599	3037	2503	2746	2832	1309	2672	1069	1076	673	605	650	887	388	658	435	263	238	241	342	178	132	141	234	125	83	170	148	92	76	112	43	37	37	33	46	16	30	15	15	6	13	27	7	11	11	10	11	13	5	6	7	2	3	4	6	3	5	0	1	4	3	3	1	2	3	1	1	0	1	1	0	0	0	0	1	0	0	0	0	0	0	0	0	1	0	4	0	0	0	0	0	0	0	0	0	0
0.03	north1_active	80	17088	22348	10078	7852	2329	857	902	1854	2239	364	2328	544	644	133	259	392	742	113	559	296	70	103	165	301	128	55	91	205	66	22	148	129	72	52	101	28	29	10	12	37	4	16	4	7	1	1	13	1	3	8	7	7	8	2	1	3	0	2	4	3	1	3	0	0	2	3	1	0	2	3	0	1	0	0	0	0	0	0	0	1	0	0	0	0	0	0	0	0	0	0	4	0	0	0	0	0	0	0	0	0	0
0.03	north2_all	80	32828	26938	13194	9902	4522	3018	2520	2810	2715	1320	2770	1051	1052	675	577	613	967	400	673	397	255	239	238	342	172	136	139	239	103	77	145	122	68	74	149	65	35	35	31	54	21	27	18	14	6	15	23	9	10	16	14	11	13	21	8	7	2	3	5	4	2	3	1	0	2	2	3	1	0	2	2	1	0	0	1	1	0	0	0	0	0	0	0	0	0	0	0	0	1	0	4	0	0	0	0	0	0	0	0	0	0
0.03	north2_active	80	17058	22586	10107	7913	2253	882	910	1892	2151	359	2426	556	652	130	242	354	825	128	575	272	71	105	147	293	123	60	83	200	52	18	123	107	47	49	138	39	26	8	16	42	6	14	4	5	1	1	15	2	2	14	9	5	11	19	3	3	0	1	5	3	1	2	0	0	2	2	0	0	0	2	1	1	0	0	0	0	0	0	0	0	0	0	0	0	0	0	0	0	0	0	4	0	0	0	0	0	0	0	0	0	0
0.03	north3_all	80	32765	26941	12979	10018	4567	3045	2488	2879	2749	1311	2883	1018	1046	669	569	664	1042	403	759	379	264	221	246	410	191	133	141	223	99	73	141	129	98	56	136	59	38	27	30	35	18	18	24	13	7	18	20	12	10	21	14	7	8	27	6	11	3	1	6	5	2	1	2	0	4	4	3	2	0	1	1	1	0	0	1	1	2	0	0	0	1	0	0	0	0	0	0	0	0	0	4	0	0	1	0	0	0	0	0	0	0
0.03	north3_active	80	17121	22698	9928	8018	2264	905	896	1956	2151	365	2524	510	632	130	245	396	887	124	662	249	75	107	152	360	116	51	77	189	52	18	125	119	77	36	125	30	29	4	19	24	4	12	5	4	2	1	11	5	3	18	10	2	7	23	3	9	1	0	5	3	1	1	0	0	4	4	0	1	0	1	1	1	0	0	0	0	0	0	0	0	1	0	0	0	0	0	0	0	0	0	4	0	0	1	0	0	0	0	0	0	0
0.03	north4_all	80	32694	26979	12967	9980	4566	3071	2459	2924	2835	1268	2860	1041	985	701	566	622	992	363	786	411	257	209	226	450	191	131	138	197	91	74	151	124	119	55	123	60	42	24	29	53	23	16	23	24	7	18	17	10	8	16	12	6	6	28	6	9	4	4	27	5	2	3	2	0	4	2	2	1	0	2	2	0	1	0	1	1	2	0	0	0	1	1	0	1	0	1	0	0	1	0	3	0	0	1	0	0	0	1	0	0	0
0.03	north4_active	80	17171	22621	9896	7975	2252	893	902	1974	2224	359	2498	528	611	159	236	357	858	102	692	280	76	94	140	405	116	59	77	159	48	16	134	112	101	33	112	31	34	4	21	45	5	9	2	10	2	1	10	5	2	13	8	1	6	26	2	8	1	2	26	3	1	2	0	0	4	2	0	1	0	1	1	0	0	0	0	0	0	0	0	0	1	0	0	1	0	1	0	0	1	0	3	0	0	1	0	0	0	1	0	0	0
0.03	north5_all	80	32399	27195	12985	9790	4557	3142	2509	2824	2877	1237	2743	1042	932	692	548	612	1008	365	770	441	257	211	226	410	170	153	137	228	98	74	130	118	137	64	102	37	48	29	24	47	18	23	17	26	11	14	14	7	8	13	14	7	3	33	5	8	6	5	26	4	1	3	2	0	4	2	0	1	0	2	1	0	1	1	1	0	2	0	0	3	2	1	0	1	1	1	0	0	1	0	0	0	0	1	0	0	0	1	0	0	1
0.03	north5_active	80	17061	22728	9961	7803	2232	876	943	1902	2252	337	2406	523	580	157	233	354	875	105	671	311	83	97	150	366	101	79	79	194	57	14	113	102	117	39	90	19	39	7	17	40	4	14	3	16	5	3	8	5	2	10	7	5	2	31	1	8	2	2	24	3	0	2	0	0	4	2	0	1	0	1	0	0	0	1	1	0	0	0	0	3	1	0	0	1	0	1	0	0	1	0	0	0	0	1	0	0	0	1	0	0	0
0.03	north6_all	80	32633	27026	12935	9759	4434	3160	2491	2708	2874	1252	2634	1028	953	693	576	595	1001	363	689	457	272	224	219	392	153	160	128	222	96	74	141	134	137	64	94	33	52	31	32	51	24	23	25	29	11	16	12	13	10	13	10	9	6	13	6	3	5	4	30	3	2	4	2	0	2	2	4	1	0	2	3	0	1	1	1	0	0	0	1	4	1	1	1	2	1	1	1	0	1	0	0	0	0	0	0	0	0	1	0	0	1
0.03	north6_active	80	17150	22536	9850	7727	2162	851	944	1805	2274	347	2310	537	609	162	229	363	877	110	595	328	87	103	141	346	95	86	88	181	57	16	116	116	118	38	80	20	44	9	18	45	8	12	5	19	5	5	9	8	4	10	5	7	3	11	3	3	1	2	28	2	0	2	1	0	2	0	3	1	0	1	2	0	0	1	1	0	0	0	0	3	0	0	1	1	0	1	1	0	1	0	0	0	0	0	0	0	0	1	0	0	0
0.03	north7_all	80	32738	26707	13122	10190	4419	3015	2489	2724	2863	1232	2544	1035	933	692	583	571	978	360	684	413	263	232	221	363	138	174	139	251	85	72	138	145	141	70	105	38	72	34	32	36	31	34	25	21	15	12	17	11	11	13	9	10	6	12	6	0	5	2	8	2	2	3	3	0	2	3	4	0	1	0	3	0	1	2	1	0	0	0	1	4	1	1	1	1	1	1	1	0	0	0	0	0	0	0	0	0	0	1	0	0	1
0.03	north7_active	80	17083	22298	9985	8105	2160	830	949	1809	2256	326	2231	563	587	143	237	332	855	108	587	307	76	109	146	308	86	91	94	216	49	21	116	128	119	39	90	25	61	9	14	26	11	20	8	12	5	6	15	6	6	10	5	7	3	10	4	0	1	0	5	2	0	1	1	0	2	1	3	0	0	0	2	0	0	2	1	0	0	0	0	3	0	0	1	0	0	1	1	0	0	0	0	0	0	0	0	0	0	1	0	0	0
0.03	north8_all	80	32901	26467	13334	10155	4504	3012	2461	2757	2861	1264	2582	1042	933	672	582	587	942	382	776	394	280	247	233	382	173	180	160	246	98	78	159	137	135	58	115	40	85	34	35	53	31	32	25	20	17	9	21	10	11	22	9	11	4	10	6	0	4	4	8	0	1	1	3	1	1	4	5	1	1	3	3	0	0	1	0	0	1	0	1	1	1	0	2	2	0	0	1	0	0	0	0	0	0	0	0	0	0	0	1	0	1
0.03	north8_active	80	17148	22130	10165	8071	2222	875	942	1820	2272	334	2248	574	564	133	234	334	800	116	672	283	85	119	160	326	108	82	111	212	53	24	140	118	110	29	103	23	74	9	16	44	10	22	8	9	6	4	18	4	6	16	5	6	2	6	5	0	1	1	4	0	0	0	2	0	1	1	4	1	0	3	3	0	0	1	0	0	0	0	0	0	0	0	2	0	0	0	1	0	0	0	0	0	0	0	0	0	0	0	0	0	0
0.03	north9_all	80	32796	26271	13266	10145	4475	2989	2492	2793	2830	1278	2522	1007	971	634	553	633	889	371	761	372	240	239	248	395	184	186	163	256	103	94	144	160	124	76	102	52	87	33	34	76	23	33	24	21	15	10	27	10	6	16	11	9	2	8	6	1	3	7	7	1	0	2	3	3	1	2	4	1	2	3	1	0	0	3	0	1	2	0	3	0	1	1	1	1	1	0	1	1	2	1	0	0	0	0	0	0	0	0	1	0	0
0.03	north9_active	80	17131	21908	10094	8074	2218	862	945	1874	2220	348	2167	566	581	134	235	369	744	106	665	267	70	112	175	346	124	79	109	223	49	34	123	140	100	38	93	28	73	7	19	67	7	21	8	8	5	4	24	2	3	10	5	5	2	4	3	1	1	2	3	1	0	1	2	2	0	1	3	1	0	3	1	0	0	1	0	1	0	0	2	0	0	0	1	0	1	0	1	1	2	1	0	0	0	0	0	0	0	0	0	0	0
0.03	north10_all	80	32744	26469	13330	10046	4498	3014	2502	2869	2877	1321	2530	997	994	615	556	648	896	355	754	399	228	235	270	391	189	168	169	226	121	99	135	170	114	74	130	62	96	28	36	93	26	32	22	26	17	12	27	12	6	18	12	10	3	5	3	1	2	7	3	2	2	1	3	5	1	1	2	1	1	3	2	0	0	2	0	1	2	0	2	1	4	1	1	1	1	0	1	1	2	1	0	0	0	0	0	0	0	0	1	0	0
0.03	north10_active	80	17148	22058	10192	8015	2167	865	931	1955	2276	358	2173	551	612	138	256	398	754	98	656	298	72	109	184	337	129	71	114	197	61	32	115	147	90	42	119	29	82	6	22	82	7	19	7	10	4	4	21	5	2	13	5	5	3	3	1	1	1	2	0	1	0	1	2	2	0	0	1	1	0	3	2	0	0	0	0	1	0	0	2	1	3	0	1	0	1	0	0	1	2	1	0	0	0	0	0	0	0	0	0	0	0
0.03	north11_all	80	32786	26667	13188	9886	4436	3095	2540	2756	2984	1300	2561	1110	966	670	606	588	980	364	745	386	247	207	239	375	174	116	158	208	99	82	148	161	229	44	103	34	55	25	41	71	26	29	13	29	20	24	17	6	11	5	7	18	12	18	9	2	3	2	7	2	4	1	3	7	3	5	8	2	2	3	2	2	2	0	4	1	1	0	0	0	0	0	1	0	0	0	0	0	0	0	0	0	0	0	0	0	0	0	0	0	0
0.03	north11_active	80	17092	22232	10012	7893	2235	958	899	1883	2381	365	2209	591	599	133	270	327	834	107	634	282	73	92	151	322	111	61	89	171	55	22	126	142	202	29	92	9	41	7	25	60	7	14	9	18	3	7	11	2	8	3	3	9	9	16	2	2	2	0	6	1	0	1	0	7	1	4	8	2	0	2	0	1	0	0	3	1	0	0	0	0	0	0	0	0	0	0	0	0	0	0	0	0	0	0	0	0	0	0	0	0	0
0.03	north12_all	80	32966	26619	13252	9885	4518	3014	2463	2727	2870	1292	2583	1156	976	650	594	604	1002	362	794	379	250	234	250	347	178	133	155	224	108	78	134	166	205	52	97	31	48	24	38	75	20	29	13	28	16	23	18	7	15	6	6	19	9	14	8	3	6	1	5	3	4	2	3	3	7	7	8	2	2	3	2	2	2	0	2	1	1	1	0	0	0	0	0	0	0	0	0	0	0	0	0	0	0	0	0	0	1	0	0	0	0
0.03	north12_active	80	17288	22215	10055	7941	2237	896	884	1904	2304	356	2211	628	590	129	264	338	839	110	682	283	74	100	170	292	118	67	86	191	64	17	113	151	180	28	86	11	33	6	24	64	7	20	5	15	0	7	12	4	10	4	4	9	9	13	1	3	4	0	5	1	1	2	0	3	5	6	8	2	0	2	0	1	0	0	1	1	0	0	0	0	0	0	0	0	0	0	0	0	0	0	0	0	0	0	0	0	1	0	0	0	0
0.03	north13_all	80	32489	26477	13237	9999	4447	3006	2473	2640	2903	1299	2497	1150	961	667	582	626	977	346	870	402	259	246	257	355	176	134	165	248	96	86	165	181	177	70	73	30	64	21	42	72	19	30	15	25	18	23	27	10	16	7	5	17	6	13	3	4	7	2	4	3	5	1	2	1	6	7	0	4	2	5	2	1	0	0	1	0	1	1	0	0	0	0	2	0	0	1	0	0	0	0	0	1	0	0	0	0	1	0	0	0	0
0.03	north13_active	80	16966	22130	10044	8061	2161	876	917	1791	2311	354	2123	605	573	135	256	352	823	94	746	299	83	102	171	303	121	59	102	214	57	14	131	163	157	43	63	12	44	7	28	59	5	20	3	11	3	4	18	5	11	6	4	7	5	12	1	4	3	1	4	1	1	1	0	1	4	6	0	4	1	3	0	0	0	0	1	0	0	0	0	0	0	0	0	0	0	1	0	0	0	0	0	0	0	0	0	0	1	0	0	0	0
0.03	north14_all	80	32540	26850	13357	9992	4430	3042	2498	2646	2897	1308	2480	1094	1015	649	599	614	1042	371	819	438	275	246	262	399	207	136	154	249	104	81	175	158	116	71	66	38	61	24	39	72	21	24	16	24	19	15	24	12	16	7	10	16	7	12	3	3	6	2	7	4	4	2	3	1	4	6	0	5	1	2	1	1	0	0	0	0	0	1	0	0	3	0	3	0	0	1	0	0	0	0	0	1	0	0	0	0	1	0	0	0	0
0.03	north14_active	80	17050	22512	10211	8102	2185	882	936	1794	2327	349	2117	561	639	128	256	371	900	109	713	319	84	104	168	349	150	59	96	209	67	16	142	141	96	42	57	19	42	7	27	59	7	17	2	10	3	2	15	4	7	6	7	8	5	11	0	2	3	1	7	0	1	1	0	1	4	5	0	5	1	1	0	0	0	0	0	0	0	0	0	0	3	0	1	0	0	1	0	0	0	0	0	0	0	0	0	0	1	0	0	0	0
0.03	north15_all	80	32373	26572	13332	10142	4424	3045	2553	2779	2890	1315	2590	1051	1046	631	637	595	961	412	782	430	252	242	266	403	193	134	153	275	96	81	165	137	93	58	97	49	73	29	49	62	23	28	18	23	21	18	26	13	11	4	10	16	9	10	3	5	3	2	6	6	5	3	4	0	2	0	1	3	2	3	0	0	0	0	0	0	0	2	0	0	3	0	3	0	0	1	0	0	0	0	0	1	0	0	0	1	1	0	0	0	0
0.03	north15_active	80	16870	22178	10208	8199	2201	889	956	1880	2303	367	2230	524	671	130	272	356	825	121	664	306	85	103	164	350	136	65	97	236	60	19	130	119	75	35	87	21	53	10	36	51	8	17	4	12	6	3	17	5	4	4	6	10	6	10	1	3	1	1	6	2	1	1	0	0	2	0	1	3	1	1	0	0	0	0	0	0	0	2	0	0	3	0	1	0	0	1	0	0	0	0	0	0	0	0	0	0	1	0	0	0	0
0.03	north16_all	80	32495	26848	13082	10130	4392	2998	2630	2826	2868	1329	2586	991	1045	604	630	602	1018	407	699	431	242	206	244	395	174	150	138	225	109	76	149	132	96	47	105	50	66	31	38	42	29	20	13	21	19	18	19	10	11	6	15	14	9	14	5	4	5	2	7	6	3	2	4	0	4	0	2	1	1	1	0	1	0	0	0	0	1	2	2	0	4	0	1	0	0	0	1	0	0	0	0	0	0	0	0	1	0	0	0	0	1
0.03	north16_active	80	16971	22467	10013	8107	2143	870	990	1957	2298	371	2249	493	669	134	265	347	880	115	590	306	71	86	155	332	115	85	86	188	73	23	126	117	77	24	92	20	50	9	29	29	12	11	5	11	5	5	15	4	4	6	3	11	7	14	1	2	2	1	7	2	0	0	0	0	2	0	1	1	0	0	0	1	0	0	0	0	1	2	2	0	4	0	1	0	0	0	1	0	0	0	0	0	0	0	0	0	0	0	0	0	0
0.03	north17_all	80	32729	27412	12968	9973	4437	3015	2555	2788	2839	1290	2683	1035	1038	652	618	620	1011	391	656	407	225	207	229	379	163	163	125	243	118	82	131	150	123	47	112	51	54	28	39	35	23	28	13	24	19	17	19	12	12	4	14	13	12	23	4	6	5	1	3	9	3	2	5	0	5	1	2	0	1	2	1	3	0	0	0	0	1	2	2	0	1	0	0	0	0	0	1	0	0	0	0	0	0	0	0	1	0	0	0	1	1
0.03	north17_active	80	17273	22923	9918	7903	2150	884	958	1940	2255	358	2364	534	629	156	273	356	875	115	538	299	70	83	138	316	101	94	79	201	75	26	109	132	100	19	100	18	43	8	28	26	10	17	6	13	7	5	17	7	5	3	1	8	9	23	1	5	1	1	3	3	0	0	0	0	2	1	1	0	0	0	1	3	0	0	0	0	1	2	2	0	1	0	0	0	0	0	1	0	0	0	0	0	0	0	0	0	0	0	0	1	0
0.03	north18_all	80	32678	27401	13086	9788	4508	3056	2542	2761	2866	1304	2607	1059	1007	673	617	679	1078	382	636	385	232	223	228	362	163	160	149	193	120	83	126	162	124	64	100	50	48	26	37	46	24	32	12	19	16	16	25	15	11	11	12	10	13	23	4	5	8	1	2	9	2	1	3	0	5	1	2	0	0	2	1	3	0	0	0	1	1	0	3	0	1	0	1	0	0	1	1	0	0	0	0	0	0	0	0	1	0	0	0	1	1
0.03	north18_active	80	17362	22983	10003	7731	2193	905	939	1903	2243	366	2281	567	587	156	264	409	935	106	521	283	70	98	139	304	104	90	94	153	76	29	102	139	98	29	87	19	36	7	28	33	7	24	5	7	5	7	23	7	6	5	1	4	10	23	1	5	1	1	2	3	0	0	1	0	2	1	1	0	0	0	1	3	0	0	0	1	1	0	3	0	1	0	0	0	0	1	1	0	0	0	0	0	0	0	0	0	0	0	0	1	0
0.03	north19_all	80	32943	27172	13172	9810	4618	3110	2519	2636	2911	1319	2589	1063	979	662	593	653	971	388	772	409	240	251	257	390	179	135	160	194	107	81	115	177	125	56	78	43	60	23	29	54	24	29	15	17	15	11	19	21	15	12	9	11	15	20	2	6	8	2	1	5	1	0	2	4	3	2	2	2	0	1	1	14	0	1	0	1	0	0	3	0	1	0	1	0	0	1	1	0	0	0	0	0	0	0	0	0	0	0	0	1	0
0.03	north19_active	80	17658	22765	10086	7758	2288	921	939	1783	2262	343	2249	573	550	147	252	411	840	108	665	299	64	110	162	337	105	72	104	152	65	34	87	151	99	23	69	18	46	9	19	41	4	19	4	5	4	2	19	9	5	6	2	6	10	18	1	6	1	1	1	1	0	0	1	1	2	2	1	0	0	0	1	14	0	1	0	1	0	0	3	0	1	0	0	0	0	1	1	0	0	0	0	0	0	0	0	0	0	0	0	1	0
0.03	north20_all	80	32834	26699	13205	9852	4594	3079	2501	2675	2880	1317	2620	1053	984	687	622	645	937	394	798	416	232	254	273	397	174	143	185	214	105	81	141	156	103	62	71	46	62	28	23	65	30	27	21	14	13	11	20	19	20	16	4	12	11	11	4	5	6	3	1	6	3	0	1	4	3	2	3	2	0	0	0	14	0	1	1	1	0	0	1	0	0	0	1	0	0	1	0	0	0	0	1	0	0	0	0	0	0	0	0	1	0
0.03	north20_active	80	17559	22364	10073	7910	2350	898	913	1794	2270	355	2247	558	561	152	259	404	803	103	693	290	71	120	176	346	103	78	112	171	66	33	112	131	78	29	56	21	51	12	18	52	3	18	3	6	2	2	17	8	8	9	2	6	6	9	2	4	1	0	1	3	0	0	1	1	2	2	2	0	0	0	0	14	0	1	0	1	0	0	1	0	0	0	0	0	0	1	0	0	0	0	0	0	0	0	0	0	0	0	0	1	0
0.03	south21_all	80	59478	12935	16987	5434	5767	2988	3965	2373	1833	2316	1079	1317	1305	704	702	507	472	440	535	280	452	389	205	186	143	186	144	118	172	68	219	60	56	77	34	156	44	55	34	27	16	31	26	14	26	17	23	15	12	23	9	13	3	3	9	6	3	9	2	3	3	1	7	3	2	5	2	0	1	9	0	0	2	0	0	0	0	0	1	0	2	0	1	2	1	1	1	0	2	0	0	0	0	1	1	0	0	0	0	0	0
0.03	south21_active	80	49948	2784	14305	1568	3921	764	2939	1389	1006	1817	313	854	938	296	431	178	234	268	426	85	360	321	95	71	51	128	71	58	144	18	199	20	20	57	10	135	12	45	17	18	1	19	12	4	13	5	18	5	6	20	7	12	2	1	7	5	1	6	0	1	1	0	3	3	0	3	1	0	0	9	0	0	2	0	0	0	0	0	0	0	2	0	0	2	0	0	1	0	0	0	0	0	0	1	0	0	0	0	0	0	0
0.03	south22_all	80	59769	12942	16901	5488	5717	2951	3930	2335	1777	2337	1059	1385	1237	680	738	523	467	439	546	311	421	434	191	170	143	163	141	124	152	69	180	53	59	109	33	157	43	64	30	31	20	20	26	13	27	15	28	14	8	24	10	14	4	6	6	3	2	14	1	1	3	1	5	9	1	3	2	1	1	5	0	1	1	0	0	0	0	0	1	0	2	0	1	2	1	1	0	0	2	0	0	0	0	0	1	0	0	0	0	0	0
0.03	south22_active	80	50376	2770	14226	1606	3908	721	2927	1378	971	1884	316	924	911	282	480	180	230	262	428	96	345	366	79	68	38	115	68	61	123	25	158	17	21	88	11	137	10	52	16	22	3	11	12	3	14	4	23	6	4	23	7	10	1	1	4	3	0	11	0	0	1	0	2	9	0	3	2	0	0	5	0	1	1	0	0	0	0	0	1	0	2	0	0	2	0	0	0	0	0	0	0	0	0	0	0	0	0	0	0	0	0
0.03	south23_all	80	59180	12859	16983	5517	5847	3010	4005	2371	1737	2221	1091	1383	1207	696	731	519	473	441	581	282	474	393	201	179	138	159	142	124	167	75	206	63	59	123	32	161	43	79	33	45	22	17	24	15	19	16	30	12	8	31	7	8	4	8	5	6	2	9	0	1	2	2	3	10	1	2	3	2	0	2	1	1	1	0	0	1	0	0	1	1	2	0	0	2	1	0	0	0	9	0	0	0	0	0	0	0	0	0	0	0	0
0.03	south23_active	80	49837	2749	14326	1596	4043	759	3033	1381	917	1764	350	920	894	287	471	177	223	276	471	82	398	332	79	70	35	109	75	67	139	28	179	17	20	99	9	141	13	63	15	40	4	9	12	3	8	2	26	5	4	30	3	3	1	1	4	6	0	8	0	0	0	0	1	9	0	2	2	1	0	2	0	1	1	0	0	1	0	0	1	0	2	0	0	2	0	0	0	0	9	0	0	0	0	0	0	0	0	0	0	0	0
0.03	south24_all	80	59394	12777	16961	5512	5877	2978	4009	2395	1791	2191	1100	1312	1202	742	697	510	485	430	618	285	495	380	195	176	143	149	154	125	153	73	178	69	49	116	34	135	38	73	37	42	22	20	26	15	17	14	19	17	7	23	7	10	4	11	1	8	6	13	2	0	2	3	2	9	1	1	3	2	0	3	1	1	0	0	1	2	0	0	1	1	1	0	0	2	1	1	0	0	9	0	0	0	0	0	0	0	0	0	0	0	0
0.03	south24_active	80	50116	2722	14298	1587	4124	779	3029	1444	941	1738	332	864	880	315	430	180	207	278	509	89	422	322	78	67	36	90	75	68	124	26	151	24	16	100	11	120	11	56	21	38	6	10	12	1	9	3	14	9	3	22	3	6	0	2	1	8	3	12	0	0	0	1	0	8	1	1	1	1	0	2	0	1	0	0	0	2	0	0	1	0	1	0	0	2	0	0	0	0	9	0	0	0	0	0	0	0	0	0	0	0	0
0.03	south25_all	80	59155	12665	17000	5507	5730	2969	3924	2422	1849	2209	1132	1249	1251	751	700	514	479	456	637	278	507	358	187	191	154	156	140	117	182	84	175	80	48	112	43	100	37	84	51	43	24	18	21	12	23	12	10	19	8	20	13	6	4	13	3	7	7	6	2	3	2	2	3	3	1	2	2	1	0	1	1	0	0	0	1	3	1	1	0	1	0	0	0	0	0	1	0	0	9	0	0	0	0	0	0	0	0	0	0	0	0
0.03	south25_active	80	49889	2723	14360	1547	3964	785	2930	1445	945	1726	355	788	912	343	429	173	207	296	528	90	440	301	86	66	44	90	64	66	152	27	150	25	14	97	14	86	10	69	35	39	5	10	12	3	13	3	4	11	5	18	10	5	0	3	1	7	4	6	0	0	1	1	0	2	1	1	0	1	0	0	0	0	0	0	0	3	1	1	0	0	0	0	0	0	0	0	0	0	9	0	0	0	0	0	0	0	0	0	0	0	0
0.03	south26_all	80	59229	12723	16567	5413	5677	2950	3954	2477	1926	2151	1162	1243	1217	778	671	507	462	478	617	277	490	344	177	190	154	150	130	113	186	83	183	76	46	99	46	121	32	74	53	53	26	19	25	15	34	10	9	17	9	12	18	10	5	8	10	5	7	7	3	7	2	8	3	3	4	1	1	1	0	1	1	0	0	1	1	3	1	2	1	0	0	0	0	0	0	1	0	0	0	1	0	0	0	0	0	0	0	0	0	0	0
0.03	south26_active	80	49816	2749	13850	1516	3926	764	2972	1474	1000	1681	361	755	877	353	389	176	203	307	496	104	418	273	74	69	47	85	59	61	153	22	161	29	17	82	15	105	11	61	43	48	9	8	12	7	24	3	3	11	4	8	15	7	1	3	8	5	4	7	0	3	1	7	0	2	4	0	0	1	0	0	1	0	0	1	0	3	1	2	0	0	0	0	0	0	0	0	0	0	0	1	0	0	0	0	0	0	0	0	0	0	0
0.03	south27_all	80	58950	12867	16900	5382	5723	2983	3907	2432	1859	2169	1166	1274	1175	803	687	533	463	491	538	276	508	435	176	184	159	177	134	108	170	88	202	68	45	115	48	92	35	55	45	45	26	15	21	16	36	13	6	11	8	11	20	10	9	8	11	8	6	4	3	8	5	7	4	2	4	2	1	3	0	0	1	0	0	1	0	3	1	2	1	0	0	0	0	0	0	0	0	0	0	1	0	0	0	0	0	0	0	0	0	0	0
0.03	south27_active	80	49521	2816	14202	1476	3961	765	2910	1405	989	1700	386	807	862	399	411	189	208	327	411	104	444	345	72	72	48	117	67	56	139	25	180	24	18	93	15	80	11	46	37	39	8	6	11	7	24	3	2	6	4	7	19	6	5	2	9	8	5	3	2	4	2	6	2	2	4	1	0	3	0	0	1	0	0	1	0	2	1	2	0	0	0	0	0	0	0	0	0	0	0	1	0	0	0	0	0	0	0	0	0	0	0
0.03	south28_all	80	59020	12936	16939	5483	5923	3049	3830	2479	1836	2179	1161	1287	1123	772	725	542	474	488	540	264	476	458	199	167	152	175	147	106	166	88	207	62	40	126	45	114	34	54	47	43	20	14	21	16	34	5	5	5	9	9	23	24	9	7	11	9	2	7	5	7	5	7	4	6	3	2	1	3	1	0	1	1	0	1	0	3	1	2	1	0	0	0	1	0	0	0	0	0	5	1	0	0	0	0	0	0	0	0	0	0	0
0.03	south28_active	80	49506	2792	14185	1502	4085	780	2843	1442	978	1689	361	845	845	368	434	198	220	326	406	99	418	365	71	62	43	120	80	51	141	26	184	20	19	96	15	102	9	45	39	35	6	4	10	8	25	0	3	3	3	5	20	20	7	1	10	8	2	6	4	4	1	6	2	6	3	1	0	3	0	0	1	0	0	1	0	2	1	2	0	0	0	0	0	0	0	0	0	0	5	1	0	0	0	0	0	0	0	0	0	0	0
0.03	south29_all	80	59366	12851	17078	5575	5981	3012	3865	2425	1781	2203	1131	1247	1225	786	706	549	485	467	549	270	510	449	201	156	157	176	150	114	152	82	168	69	39	145	41	105	30	47	36	27	18	18	29	9	19	5	10	5	8	7	19	22	13	5	6	10	4	8	4	8	4	0	3	12	1	1	1	2	1	2	0	1	0	0	0	2	0	0	1	0	0	0	1	0	0	0	0	0	5	0	0	0	0	0	0	0	1	0	0	0	0
0.03	south29_active	80	49919	2774	14343	1578	4105	781	2859	1441	951	1691	321	826	940	369	409	195	231	301	418	90	454	354	73	58	49	125	82	58	126	29	145	24	15	117	13	95	6	38	27	21	4	6	10	2	12	1	7	1	1	5	16	21	10	0	4	9	4	6	4	3	1	0	2	12	1	1	0	2	0	1	0	0	0	0	0	1	0	0	0	0	0	0	0	0	0	0	0	0	5	0	0	0	0	0	0	0	1	0	0	0	0
0.03	south30_all	80	59263	12719	17059	5578	5980	3082	3890	2461	1799	2145	1130	1203	1299	728	750	507	518	459	574	290	485	421	199	176	162	163	160	117	147	82	156	73	45	130	40	100	30	39	42	37	18	14	23	14	14	9	12	10	7	13	11	24	15	4	13	9	6	12	4	4	2	1	7	11	0	0	1	0	1	2	1	1	0	0	1	5	0	0	1	0	0	0	1	0	0	0	1	0	5	0	0	0	0	0	0	0	1	0	0	0	0
0.03	south30_active	80	49838	2709	14346	1579	4132	788	2887	1479	951	1650	289	806	1007	343	446	175	242	276	440	91	418	328	79	68	51	114	83	58	118	27	132	25	20	98	8	91	4	33	32	30	4	5	7	3	8	4	8	3	2	13	9	24	11	0	7	8	5	10	3	0	1	1	7	11	0	0	0	0	0	1	0	0	0	0	1	4	0	0	0	0	0	0	0	0	0	0	1	0	5	0	0	0	0	0	0	0	1	0	0	0	0
0.03	south31_all	80	59552	12661	17004	5453	5706	2984	3875	2394	1857	2280	1083	1344	1286	682	749	512	521	452	526	293	469	394	195	167	152	173	110	131	210	85	212	61	50	113	37	113	43	55	36	24	25	24	15	20	19	10	13	9	9	16	15	9	6	9	7	7	13	4	4	6	1	4	3	5	8	3	0	0	1	1	1	1	1	1	1	5	0	0	0	1	0	0	0	1	0	0	0	0	1	0	0	0	0	0	0	0	0	0	0	0	0
0.03	south31_active	80	49921	2842	14377	1540	3934	785	2944	1394	1001	1758	344	883	983	315	457	184	267	257	400	103	391	306	71	76	53	107	62	62	171	24	186	20	21	96	8	94	11	43	27	15	7	11	6	9	13	1	7	0	3	8	12	8	4	3	6	5	12	4	2	4	0	2	2	3	7	2	0	0	0	0	0	0	0	1	0	5	0	0	0	0	0	0	0	0	0	0	0	0	1	0	0	0	0	0	0	0	0	0	0	0	0
0.03	south32_all	80	59799	12590	16995	5438	5576	3064	3903	2430	1850	2255	1109	1292	1247	723	765	500	497	462	518	262	486	372	198	169	133	166	126	121	220	73	192	67	52	117	38	109	41	59	38	25	25	37	19	13	19	13	10	10	12	8	8	7	7	8	11	8	9	5	4	4	1	4	0	5	6	5	0	1	0	2	0	1	0	1	1	0	0	4	0	1	0	1	0	0	0	0	0	0	0	0	0	0	0	0	0	0	0	0	0	0	0
0.03	south32_active	80	50236	2761	14385	1529	3810	826	2948	1453	977	1738	368	863	949	327	469	175	257	244	392	91	411	293	65	76	41	102	71	55	183	28	170	21	24	103	7	92	6	45	28	17	7	25	7	8	10	1	4	0	5	4	6	6	3	2	8	6	8	4	2	2	0	1	0	3	5	3	0	0	0	0	0	0	0	1	0	0	0	4	0	0	0	1	0	0	0	0	0	0	0	0	0	0	0	0	0	0	0	0	0	0	0
0.03	south33_all	80	59962	12499	16912	5381	5553	3136	3926	2394	1850	2292	1076	1304	1252	727	783	538	496	453	554	257	486	359	183	163	121	173	127	102	216	67	170	71	61	93	39	115	46	61	41	31	25	30	21	11	21	12	10	11	11	6	8	5	4	6	12	4	11	3	2	4	1	4	0	7	3	5	0	1	0	2	3	1	1	1	0	1	1	4	0	0	0	1	0	0	0	0	0	0	0	0	0	0	0	0	0	0	0	0	0	0	0
0.03	south33_active	80	50391	2717	14316	1520	3821	820	3007	1457	969	1771	340	840	962	336	476	185	264	257	414	95	408	285	71	72	26	106	71	48	177	21	156	22	32	74	6	98	9	43	28	25	6	24	9	7	11	2	7	1	4	6	5	4	1	3	9	3	9	2	0	2	0	2	0	5	2	3	0	0	0	0	0	1	0	1	0	1	1	4	0	0	0	1	0	0	0	0	0	0	0	0	0	0	0	0	0	0	0	0	0	0	0
0.03	south34_all	80	59572	12520	17219	5429	5718	3118	3988	2349	1844	2316	1123	1260	1232	729	752	520	483	456	578	287	539	364	209	176	123	180	133	101	202	64	178	58	61	95	41	98	41	52	51	33	29	30	26	13	21	10	8	10	10	6	14	4	6	4	10	3	11	3	0	4	4	4	0	6	0	2	1	1	1	2	3	1	3	1	0	1	1	4	0	0	0	1	0	0	2	0	0	0	0	0	0	0	0	0	0	0	0	0	0	0	0
0.03	south34_active	80	50028	2723	14588	1508	3948	817	3050	1431	988	1792	351	808	938	339	469	179	236	274	436	100	449	298	81	78	29	113	77	51	171	22	163	17	29	71	8	85	8	37	34	29	9	21	14	8	11	2	6	1	3	6	10	3	2	2	5	1	9	2	0	1	2	2	0	4	0	1	1	0	0	0	0	1	2	1	0	1	1	4	0	0	0	1	0	0	2	0	0	0	0	0	0	0	0	0	0	0	0	0	0	0	0
0.03	south35_all	80	59340	12711	17333	5342	5810	3156	4057	2349	1830	2268	1101	1229	1264	725	744	507	466	488	608	284	573	409	201	174	122	194	129	109	204	69	190	67	62	84	51	100	35	46	41	38	31	18	24	12	19	11	14	7	8	14	16	5	7	4	14	3	11	3	1	4	4	4	0	3	0	7	3	2	1	1	3	2	3	1	0	3	1	4	0	0	0	0	0	0	2	0	0	2	0	0	0	0	0	0	0	0	0	0	0	0	0
0.03	south35_active	80	49861	2741	14657	1478	4074	841	3110	1412	938	1763	324	770	960	346	463	166	223	326	472	88	479	348	81	79	30	134	78	54	181	15	170	19	32	57	9	90	9	29	22	31	10	9	13	8	10	2	13	1	1	11	12	4	4	2	9	0	8	3	1	2	2	2	0	2	0	6	3	1	0	0	0	1	2	1	0	2	1	4	0	0	0	0	0	0	2	0	0	0	0	0	0	0	0	0	0	0	0	0	0	0	0
0.03	south36_all	80	59063	12774	17013	5319	5851	3069	4046	2380	1863	2269	1085	1222	1322	714	781	451	442	485	592	303	585	451	200	175	130	184	134	120	231	78	177	68	56	100	47	99	33	41	40	36	31	19	21	10	25	14	17	7	10	14	14	3	7	8	10	5	12	2	2	5	5	1	1	3	0	6	3	1	1	0	1	2	2	1	1	2	0	0	1	0	0	0	0	0	2	0	0	2	0	0	0	0	0	0	0	0	0	0	0	0	0
0.03	south36_active	80	49673	2832	14359	1484	4094	858	3055	1403	932	1755	329	762	997	343	504	148	205	314	457	103	491	384	77	80	39	129	78	65	204	14	156	19	20	76	10	89	8	30	23	28	10	8	11	7	16	3	16	2	1	11	12	2	5	1	8	0	7	1	1	2	2	1	0	2	0	5	3	1	0	0	0	0	2	1	1	1	0	0	1	0	0	0	0	0	2	0	0	0	0	0	0	0	0	0	0	0	0	0	0	0	0
0.03	south37_all	80	59212	12749	16661	5385	5786	3090	3876	2423	1873	2280	1118	1256	1341	730	763	458	449	505	548	295	624	476	190	180	135	179	134	119	222	82	156	77	47	118	51	102	31	41	37	38	28	20	29	10	18	13	16	11	9	21	15	15	10	9	10	15	9	5	4	5	2	2	3	0	1	7	2	2	1	0	0	2	1	4	1	2	0	0	2	0	0	0	0	1	0	0	0	2	0	1	0	0	1	0	0	0	0	0	0	0	0
0.03	south37_active	80	49698	2730	14030	1529	4131	860	2903	1459	923	1770	357	815	1015	353	480	159	220	320	431	109	530	406	79	79	41	120	78	61	195	11	135	20	14	97	15	90	4	28	18	24	9	8	12	7	14	1	14	6	0	17	14	14	9	0	10	10	6	4	2	3	1	2	2	0	0	5	2	2	0	0	0	0	1	4	1	1	0	0	1	0	0	0	0	1	0	0	0	0	0	0	0	0	1	0	0	0	0	0	0	0	0
0.03	south38_all	80	59583	12648	16468	5323	5699	3103	3762	2430	1914	2251	1097	1285	1304	739	770	516	474	488	539	283	591	426	180	182	139	163	124	119	159	85	150	68	53	137	45	116	30	39	33	52	34	25	24	18	20	14	14	11	11	14	10	15	7	10	8	15	7	5	6	5	3	2	3	1	1	7	0	1	1	1	0	2	0	3	1	0	0	0	2	0	0	0	0	1	0	0	0	0	0	1	0	0	1	0	0	0	0	0	0	0	0
0.03	south38_active	80	50185	2742	13893	1500	4030	818	2805	1441	972	1764	355	860	972	368	495	190	235	291	424	97	505	351	64	82	40	106	64	60	125	16	127	20	14	123	16	106	3	30	19	38	17	14	10	10	16	1	11	7	2	11	10	14	6	0	5	11	4	4	3	2	1	1	2	1	0	5	0	1	0	1	0	0	0	3	1	0	0	0	1	0	0	0	0	1	0	0	0	0	0	0	0	0	1	0	0	0	0	0	0	0	0
0.03	south39_all	80	59569	12703	16854	5334	5721	3086	3863	2470	1915	2169	1124	1346	1272	712	761	512	486	472	507	282	599	418	180	192	158	175	133	109	165	76	132	59	50	125	44	109	33	47	41	50	26	22	25	20	14	13	8	13	10	11	9	22	10	7	8	14	3	4	7	5	5	2	5	1	1	4	0	2	2	1	1	2	0	4	0	0	1	0	2	0	0	2	0	1	0	1	0	0	0	2	0	0	1	0	0	0	0	0	0	0	0
0.03	south39_active	80	50048	2776	14263	1535	4051	783	2891	1476	1021	1704	378	891	958	341	481	177	237	281	386	98	507	331	68	87	52	107	71	55	131	19	113	16	16	115	16	96	5	30	23	36	15	12	9	8	10	0	6	6	2	8	8	22	7	0	5	12	0	3	3	3	2	1	3	1	0	2	0	2	0	1	1	1	0	3	0	0	0	0	1	0	0	1	0	1	0	1	0	0	0	0	0	0	1	0	0	0	0	0	0	0	0
0.03	south40_all	80	59463	12847	16964	5299	5776	3093	3882	2390	1888	2226	1071	1275	1263	680	721	529	474	492	532	297	554	399	186	189	164	180	133	102	191	68	148	49	61	104	45	124	39	64	39	52	25	24	18	30	14	16	10	16	11	22	11	18	4	8	8	7	3	6	5	4	4	5	4	1	0	3	0	1	2	2	1	1	0	1	1	0	1	0	2	0	0	2	0	2	0	1	0	0	0	2	0	0	0	0	0	0	0	0	0	0	0
0.03	south40_active	80	49946	2863	14323	1514	4009	778	2938	1414	1006	1766	358	856	968	314	440	185	221	303	415	97	472	320	67	87	57	110	74	48	161	20	129	10	20	92	13	116	10	45	25	45	17	13	6	18	7	1	8	7	4	17	10	18	1	1	5	4	1	4	2	2	1	4	1	1	0	2	0	1	0	1	1	1	0	0	1	0	0	0	1	0	0	1	0	1	0	1	0	0	0	0	0	0	0	0	0	0	0	0	0	0	0
