label	Group	numOtus	Otu0	Otu1	Otu2	Otu3	Otu4	Otu5	Otu6	Otu7	Otu8	Otu9	Otu10	Otu11	Otu12	Otu13	Otu14	Otu15	Otu16	Otu17	Otu18	Otu19	Otu20	Otu21	Otu22	Otu23	Otu24	Otu25	Otu26	Otu27	Otu28	Otu29	Otu30	Otu31	Otu32	Otu33	Otu34	Otu35	Otu36	Otu37	Otu38	Otu39	Otu40	Otu41	Otu42	Otu43	Otu44	Otu45	Otu46	Otu47	Otu48	Otu49	Otu50	Otu51	Otu52	Otu53	Otu54	Otu55	Otu56	Otu57	Otu58	Otu59	Otu60	Otu61	Otu62	Otu63	Otu64	Otu65	Otu66	Otu67	Otu68	Otu69	Otu70	Otu71	Otu72	Otu73	Otu74	Otu75	Otu76	Otu77	Otu78	Otu79	Otu80	Otu81	Otu82	Otu83	Otu84	Otu85	Otu86	Otu87	Otu88	Otu89	Otu90	Otu91	Otu92	Otu93	Otu94	Otu95	Otu96	Otu97	Otu98	Otu99
0.03	north1_all	80	18311	3983	6707	4451	2139	1064	1867	805	1627	508	568	378	278	299	540	167	418	146	140	145	80	87	80	72	122	102	75	47	43	48	38	45	22	16	46	17	20	31	23	6	7	11	16	13	10	8	7	18	7	5	7	2	7	4	3	3	2	0	1	2	3	2	0	3	3	1	1	2	0	3	2	1	3	2	0	0	2	2	1	4	0	0	0	0	1	0	1	0	0	0	0	0	0	0	0	0	0	0	0	0
0.03	north1_active	80	15152	892	5848	3849	1583	431	1570	485	1445	290	368	224	118	184	475	41	375	52	65	101	24	45	51	18	109	77	48	24	29	27	24	31	10	10	39	11	6	23	15	0	1	4	13	5	3	2	4	16	7	3	2	1	4	1	1	1	2	0	1	2	2	1	0	0	0	1	0	2	0	2	1	1	1	1	0	0	2	1	0	4	0	0	0	0	0	0	0	0	0	0	0	0	0	0	0	0	0	0	0	0
0.03	north2_all	80	18617	4000	6923	4475	2163	1093	1882	799	1588	509	568	371	277	332	543	165	427	142	130	161	86	107	81	66	116	100	77	46	60	46	41	45	24	16	37	17	21	28	20	10	13	12	21	9	12	8	10	23	8	8	8	2	5	4	3	1	12	0	1	4	3	1	0	3	4	0	1	1	0	3	2	1	2	2	0	1	1	0	1	1	0	0	0	0	1	0	1	0	0	0	0	0	1	0	0	0	0	0	0	0
0.03	north2_active	80	15420	909	6086	3888	1595	430	1596	481	1393	285	368	213	108	217	469	44	387	59	55	104	24	53	47	15	103	77	53	20	47	25	27	30	10	7	31	9	7	20	11	1	3	4	17	4	4	1	8	21	8	8	2	1	3	1	1	0	12	0	1	2	2	1	0	0	1	0	0	1	0	2	1	1	1	1	0	0	1	0	1	1	0	0	0	0	0	0	0	0	0	0	0	0	0	0	0	0	0	0	0	0
0.03	north3_all	80	18594	4015	6978	4621	2108	1073	1890	807	1592	533	545	344	274	382	497	165	452	130	137	156	93	108	74	66	115	118	89	41	56	45	44	36	27	12	35	16	17	21	15	9	13	12	15	3	9	9	6	25	9	8	8	2	4	3	3	2	18	0	1	3	2	0	1	2	2	0	1	3	0	0	1	1	2	2	1	1	1	0	1	1	0	0	0	0	1	0	1	0	0	0	0	0	1	0	0	0	1	0	0	0
0.03	north3_active	80	15456	931	6144	4004	1544	434	1616	486	1407	272	335	200	118	266	427	44	406	50	60	103	29	57	45	18	97	98	57	20	45	30	23	24	10	6	27	9	6	16	7	1	2	3	11	2	4	1	5	23	8	7	2	1	2	1	2	2	17	0	1	1	2	0	0	0	1	0	0	1	0	0	0	1	1	1	1	0	1	0	1	1	0	0	0	0	0	0	0	0	0	0	0	0	0	0	0	0	1	0	0	0
0.03	north4_all	80	18469	3999	6853	4607	2130	1055	1923	775	1505	531	527	335	274	388	474	175	423	128	130	147	98	109	76	57	112	131	84	48	54	42	45	34	29	17	48	21	11	24	11	8	10	13	13	6	5	5	7	29	7	6	6	3	6	1	4	3	20	0	0	3	3	0	2	1	3	0	1	2	1	0	0	0	0	1	1	1	1	0	1	1	1	0	0	0	0	0	0	0	0	0	0	0	1	0	0	0	1	0	0	0
0.03	north4_active	80	15338	942	6023	3965	1552	430	1660	475	1320	269	322	196	105	268	410	49	373	50	60	94	31	62	43	14	93	108	49	21	40	27	21	22	14	9	42	12	4	16	5	2	2	1	8	2	1	1	5	27	6	5	1	1	3	0	3	3	19	0	0	1	2	0	1	0	1	0	0	0	0	0	0	0	0	0	1	0	1	0	1	1	1	0	0	0	0	0	0	0	0	0	0	0	0	0	0	0	1	0	0	0
0.03	north5_all	80	18162	4016	6873	4642	2135	1045	1952	808	1561	551	502	359	281	366	474	173	424	124	137	160	102	104	89	63	134	139	80	53	55	39	41	26	32	21	47	20	12	24	15	4	10	10	17	7	9	4	7	23	15	4	6	2	9	2	2	3	8	5	0	3	2	2	4	0	2	0	1	6	1	0	1	0	0	0	1	0	0	0	0	3	1	0	0	0	1	0	0	0	1	0	0	1	0	0	0	0	1	0	0	0
0.03	north5_active	80	15034	951	5997	4022	1535	432	1672	488	1377	277	324	208	117	247	404	48	362	45	65	110	32	56	48	16	111	118	42	27	43	19	18	17	20	11	42	11	4	18	4	1	3	1	13	1	3	1	4	21	10	3	1	1	7	0	2	3	7	4	0	2	1	0	3	0	1	0	0	4	0	0	1	0	0	0	1	0	0	0	0	3	1	0	0	0	0	0	0	0	0	0	0	1	0	0	0	0	1	0	0	0
0.03	north6_all	80	17901	4080	6743	4530	2123	1080	1945	818	1578	540	467	374	278	342	484	184	409	122	143	160	101	103	82	64	159	124	79	48	51	40	37	37	33	29	60	21	15	21	16	6	15	11	22	12	8	2	12	30	16	4	4	1	9	3	6	1	3	5	1	2	1	3	4	1	1	0	0	4	1	0	1	0	0	0	0	0	0	0	0	3	1	0	0	0	1	0	0	0	1	0	0	1	0	0	0	0	0	1	0	0
0.03	north6_active	80	14744	940	5844	3927	1549	426	1666	499	1404	274	302	214	116	229	415	54	355	39	68	103	30	58	43	16	140	97	38	27	42	16	22	26	19	18	55	10	4	14	6	2	4	3	15	4	3	0	9	30	9	3	0	0	7	0	5	1	3	4	0	2	0	0	3	1	0	0	0	4	0	0	1	0	0	0	0	0	0	0	0	3	1	0	0	0	0	0	0	0	0	0	0	1	0	0	0	0	0	0	0	0
0.03	north7_all	80	18120	4062	6709	4591	2107	1072	1897	889	1624	556	468	386	277	321	527	190	392	136	145	177	101	103	83	55	152	103	78	53	45	46	36	37	32	30	55	19	20	21	21	9	15	11	25	11	11	1	15	21	15	9	4	0	6	4	11	2	1	7	4	2	0	3	4	2	1	0	0	4	0	0	1	0	0	1	0	0	0	0	0	3	0	0	0	0	1	0	0	0	1	0	0	1	0	0	0	0	0	1	0	0
0.03	north7_active	80	14892	940	5841	4016	1528	424	1616	539	1445	283	309	226	122	203	459	55	344	38	71	127	30	42	40	13	135	83	38	30	42	17	23	26	20	17	49	9	5	16	10	4	5	3	20	4	3	0	12	21	7	8	1	0	6	0	10	2	1	6	3	2	0	0	3	2	1	0	0	4	0	0	1	0	0	0	0	0	0	0	0	3	0	0	0	0	0	0	0	0	0	0	0	1	0	0	0	0	0	0	0	0
0.03	north8_all	80	18460	3980	6746	4365	2127	1045	1966	888	1658	525	498	401	275	310	551	194	428	131	150	170	91	103	78	65	149	106	72	50	46	41	41	41	26	29	55	19	21	18	16	14	16	9	24	9	11	2	14	18	8	12	5	0	8	3	11	4	2	7	5	3	0	1	4	2	1	0	0	0	0	0	0	0	0	1	0	0	0	0	0	3	0	0	0	0	1	0	0	0	0	0	0	1	0	0	0	0	0	1	0	0
0.03	north8_active	80	15137	929	5904	3795	1570	398	1693	550	1479	266	322	229	120	197	479	53	382	32	78	125	33	51	36	17	132	84	37	29	36	18	28	30	15	14	49	10	4	14	10	7	6	3	16	3	3	1	13	18	1	8	2	0	7	0	10	3	2	6	3	3	0	0	2	2	1	0	0	0	0	0	0	0	0	0	0	0	0	0	0	3	0	0	0	0	0	0	0	0	0	0	0	1	0	0	0	0	0	0	0	0
0.03	north9_all	80	18532	3966	6843	4484	2176	993	1938	840	1571	495	502	396	266	306	574	193	386	143	129	164	89	112	75	54	129	102	68	54	47	43	35	37	25	22	50	15	22	27	13	12	11	10	15	7	9	4	11	21	7	11	6	1	4	3	7	4	4	4	6	2	1	0	4	1	1	0	0	0	0	0	0	0	1	2	0	1	0	0	0	0	0	0	0	1	0	0	0	0	0	0	0	1	0	0	0	0	0	0	0	0
0.03	north9_active	80	15293	912	6022	3874	1630	386	1667	512	1379	257	313	227	128	199	507	49	342	41	67	124	40	52	39	19	107	87	35	28	30	19	22	25	17	11	46	9	4	23	8	7	4	2	11	1	1	1	9	21	2	8	4	0	3	1	7	3	3	2	5	2	0	0	1	1	1	0	0	0	0	0	0	0	0	0	0	0	0	0	0	0	0	0	0	1	0	0	0	0	0	0	0	1	0	0	0	0	0	0	0	0
0.03	north10_all	80	18436	3939	6843	4465	2128	1022	1892	825	1473	494	493	378	263	302	591	187	454	144	124	163	94	103	84	66	141	119	60	48	44	39	36	45	34	18	42	17	20	28	14	12	10	8	26	4	9	5	11	11	5	10	5	2	4	3	6	2	5	4	3	1	2	1	5	1	0	1	1	0	0	0	0	0	1	2	0	1	0	0	0	0	0	0	0	1	0	0	0	0	0	0	0	1	0	1	0	0	0	0	0	0
0.03	north10_active	80	15215	899	6041	3847	1579	384	1624	499	1291	259	311	215	122	202	507	43	403	43	58	126	45	62	44	25	115	102	34	25	26	21	23	30	25	9	35	11	3	25	7	5	5	1	19	0	2	2	10	11	2	5	3	1	3	1	6	1	3	2	2	1	1	0	3	0	0	1	0	0	0	0	0	0	0	0	0	0	0	0	0	0	0	0	0	1	0	0	0	0	0	0	0	1	0	1	0	0	0	0	0	0
0.03	north11_all	80	15932	4060	5871	3973	1822	1022	1706	738	1367	521	448	359	284	322	456	174	354	136	126	136	85	101	87	67	139	100	69	43	43	46	29	39	41	18	33	22	8	24	7	11	9	11	14	8	7	7	20	13	5	3	6	11	12	5	7	2	15	8	1	3	1	1	1	0	1	5	0	0	1	1	1	0	2	1	0	0	2	1	0	0	0	1	0	0	0	0	2	0	0	1	0	0	0	0	0	0	0	0	0	0
0.03	north11_active	80	12576	1062	4987	3287	1257	356	1408	388	1171	269	281	205	101	194	391	48	297	42	46	87	25	64	41	21	118	79	40	25	28	24	14	22	21	9	29	9	3	14	4	4	2	2	11	3	2	0	18	11	5	3	2	9	11	2	3	1	11	8	0	0	1	1	0	0	0	3	0	0	1	0	1	0	0	0	0	0	1	0	0	0	0	1	0	0	0	0	2	0	0	1	0	0	0	0	0	0	0	0	0	0
0.03	north12_all	80	17058	3972	6548	4523	1944	1051	1856	800	1546	543	480	373	264	356	502	171	421	129	128	135	89	114	78	69	134	84	66	40	50	44	33	48	42	16	45	21	11	26	11	9	9	10	13	10	7	8	20	12	4	5	6	9	17	3	8	3	10	7	1	2	1	1	2	1	1	5	0	0	1	1	1	0	2	1	1	0	1	1	0	0	0	1	0	0	0	0	2	0	0	1	0	0	0	0	0	0	0	0	0	0
0.03	north12_active	80	13790	972	5682	3878	1372	387	1572	456	1353	302	307	211	103	224	427	44	366	34	50	97	25	74	37	25	120	67	41	26	34	27	14	31	19	4	40	9	3	15	8	3	2	2	8	4	2	1	18	11	4	5	2	7	16	2	4	2	9	7	0	0	1	1	1	0	0	3	0	0	1	0	1	0	0	0	0	0	1	0	0	0	0	1	0	0	0	0	2	0	0	1	0	0	0	0	0	0	0	0	0	0
0.03	north13_all	80	18337	4027	6912	4761	2020	1066	1927	802	1535	523	523	406	243	366	558	187	447	125	140	156	93	116	77	66	120	94	47	38	58	43	34	43	48	18	36	22	14	21	17	12	9	8	15	10	6	8	20	12	3	11	9	9	13	2	8	3	10	12	1	1	1	2	3	4	2	2	1	1	2	1	2	0	1	0	1	0	1	1	1	0	0	1	0	0	0	0	2	0	0	1	0	0	0	0	0	0	0	0	0	0
0.03	north13_active	80	15140	910	6090	4172	1458	424	1646	489	1358	302	336	229	96	240	481	44	403	35	66	116	29	74	41	26	106	75	31	27	40	29	17	27	24	8	30	11	2	11	10	7	2	3	11	6	2	2	19	12	2	8	3	8	12	0	4	2	7	12	0	0	0	2	1	2	1	2	0	1	1	0	2	0	0	0	0	0	1	0	1	0	0	1	0	0	0	0	2	0	0	1	0	0	0	0	0	0	0	0	0	0
0.03	north14_all	80	18813	3967	6941	4741	2071	1060	1926	811	1431	515	537	416	247	352	551	180	451	145	133	148	95	117	73	63	129	93	49	45	58	44	35	44	40	23	39	18	18	19	17	11	10	7	14	14	5	6	10	17	4	13	6	4	10	1	5	3	4	13	1	1	1	1	3	6	1	1	1	1	2	0	2	0	1	0	1	1	1	2	1	0	0	1	0	0	0	0	2	0	0	1	0	0	0	0	1	0	0	0	0	0
0.03	north14_active	80	15588	919	6069	4138	1489	415	1634	501	1268	286	337	228	94	217	479	45	398	52	59	103	33	71	35	21	117	76	30	28	43	32	18	31	23	12	34	8	3	9	9	5	4	1	10	7	3	2	8	17	2	10	1	3	10	0	1	1	2	13	1	0	0	1	2	4	1	1	0	1	1	0	2	0	0	0	0	0	1	1	1	0	0	1	0	0	0	0	2	0	0	1	0	0	0	0	0	0	0	0	0	0
0.03	north15_all	80	19157	3993	6877	4634	2129	1050	1921	803	1482	509	535	410	281	317	570	176	463	150	132	164	106	106	75	67	132	92	54	47	57	40	31	44	34	25	48	17	16	25	17	14	10	8	12	10	6	5	11	17	5	9	5	6	10	1	4	4	6	9	1	1	3	1	3	5	1	0	2	1	1	0	2	0	1	0	1	1	0	2	1	0	0	1	0	0	0	0	0	0	0	0	0	0	0	0	1	0	0	0	0	0
0.03	north15_active	80	15914	931	6004	4001	1551	417	1632	488	1313	277	314	227	106	192	503	47	413	59	65	110	35	58	42	23	120	72	33	27	43	30	21	33	20	17	42	7	2	17	6	6	4	1	9	5	3	1	8	17	2	6	1	4	10	0	1	2	4	9	1	0	0	1	2	4	1	0	1	1	0	0	2	0	0	0	1	0	0	1	1	0	0	1	0	0	0	0	0	0	0	0	0	0	0	0	0	0	0	0	0	0
0.03	north16_all	80	19059	3992	6834	4442	2072	1052	1881	803	1487	533	498	410	279	320	593	176	458	140	123	161	101	97	72	69	163	101	59	52	49	37	30	35	32	28	71	19	18	22	16	13	8	7	4	8	7	5	6	44	9	6	2	5	5	0	3	3	5	3	1	1	3	1	2	5	2	0	2	0	0	1	1	0	0	0	1	1	1	3	0	0	0	1	0	0	0	1	0	0	0	0	0	0	0	0	1	0	0	0	0	0
0.03	north16_active	80	15868	915	5953	3804	1522	410	1612	484	1313	296	300	230	106	196	524	52	404	51	65	109	35	54	41	22	143	78	39	30	36	27	19	26	21	20	65	7	5	14	8	3	3	1	3	3	4	1	2	44	6	4	1	3	5	0	2	1	5	3	1	0	0	0	2	4	2	0	2	0	0	0	1	0	0	0	1	0	0	1	0	0	0	1	0	0	0	1	0	0	0	0	0	0	0	0	0	0	0	0	0	0
0.03	north17_all	80	19026	4063	6916	4381	2105	1103	1992	819	1562	536	506	381	297	351	554	156	471	140	124	155	108	94	88	67	155	100	59	44	47	44	28	35	24	30	76	26	18	28	17	17	6	9	7	4	6	8	6	34	10	3	2	5	5	2	2	4	6	3	1	0	2	1	2	5	3	0	2	0	1	1	2	1	0	0	1	2	1	3	0	0	1	0	0	0	0	1	0	0	0	0	0	0	0	0	0	1	0	0	0	0
0.03	north17_active	80	15822	965	6010	3764	1591	424	1716	503	1377	296	314	211	105	229	493	39	424	45	69	109	38	47	54	24	126	78	40	25	33	28	16	23	14	22	70	11	6	25	10	4	1	1	5	1	3	4	3	33	7	2	1	2	5	0	2	3	5	3	1	0	0	0	2	4	2	0	2	0	0	0	2	0	0	0	1	0	0	1	0	0	0	0	0	0	0	1	0	0	0	0	0	0	0	0	0	1	0	0	0	0
0.03	north18_all	80	18600	4089	7011	4429	2097	1082	1969	853	1545	566	519	352	280	367	553	154	454	132	113	130	123	93	81	76	145	105	46	45	58	42	29	37	22	31	67	19	19	28	14	17	5	7	16	3	5	7	9	46	8	4	3	6	3	2	1	4	6	4	0	0	2	1	1	3	3	0	1	1	1	2	2	2	0	0	1	1	2	2	0	1	1	0	1	0	0	1	0	0	0	0	0	0	0	0	0	1	0	0	0	0
0.03	north18_active	80	15452	950	6173	3847	1563	410	1697	549	1354	326	338	193	100	246	494	46	405	36	59	90	37	51	51	27	119	85	30	26	40	25	18	23	13	21	58	10	6	23	10	5	2	2	15	0	3	5	7	44	7	3	3	3	3	0	1	2	5	4	0	0	0	0	1	2	2	0	1	1	0	1	2	0	0	0	1	0	0	0	0	1	0	0	0	0	0	1	0	0	0	0	0	0	0	0	0	1	0	0	0	0
0.03	north19_all	80	18488	4092	6977	4512	2146	1072	1948	866	1607	565	515	360	291	360	535	156	446	153	123	137	111	96	86	69	117	107	44	38	55	47	29	40	25	30	48	24	18	30	19	18	8	9	22	4	7	7	9	26	4	4	5	8	1	2	1	5	4	9	0	0	1	0	1	3	3	0	0	1	2	2	2	2	0	0	2	1	2	0	0	1	1	0	1	0	0	0	0	0	0	0	0	0	0	0	0	1	0	0	0	0
0.03	north19_active	80	15297	955	6127	3923	1582	431	1659	550	1418	312	332	187	111	233	475	50	402	41	60	91	33	50	50	27	95	94	27	16	37	26	19	27	13	23	38	13	5	24	13	7	3	1	20	0	3	5	8	24	4	3	5	4	1	0	0	3	3	9	0	0	0	0	1	2	2	0	0	1	0	1	2	0	0	0	2	0	0	0	0	1	0	0	0	0	0	0	0	0	0	0	0	0	0	0	0	1	0	0	0	0
0.03	north20_all	80	18260	4061	6862	4554	2173	1041	1889	841	1587	549	502	364	297	347	567	181	423	134	123	134	109	101	70	73	106	111	40	52	52	41	44	47	33	28	53	18	17	37	18	17	6	10	25	8	11	7	12	17	2	4	5	9	4	1	1	3	5	11	1	0	1	0	1	2	0	1	0	3	3	1	2	1	0	0	2	0	3	0	0	1	0	0	1	0	1	0	0	0	0	0	0	1	0	0	0	0	0	0	0	0
0.03	north20_active	80	15056	946	6027	3979	1570	415	1601	537	1408	303	326	191	122	228	511	59	375	39	58	86	33	56	39	30	92	96	20	20	31	24	27	34	17	20	43	10	5	30	13	7	2	2	21	1	5	3	11	16	2	3	5	4	4	0	0	1	4	10	1	0	0	0	1	0	0	1	0	3	0	1	1	0	0	0	2	0	2	0	0	1	0	0	0	0	0	0	0	0	0	0	0	0	0	0	0	0	0	0	0	0
0.03	south21_all	80	10639	6887	2988	2886	2026	1170	2040	1074	497	504	421	488	274	239	398	214	206	141	170	112	86	77	113	64	108	59	47	85	35	47	36	30	36	24	21	12	32	43	11	36	15	8	13	23	6	12	24	6	3	5	8	4	4	6	1	5	6	2	2	3	3	0	2	11	1	0	0	0	1	0	0	0	0	0	1	0	1	0	0	0	0	0	0	0	0	0	0	0	2	0	1	0	0	0	0	0	0	0	1	0
0.03	south21_active	80	6178	5225	1733	2128	1471	531	1744	801	173	260	181	349	91	102	325	52	140	56	129	41	24	21	82	26	86	18	9	60	6	33	22	12	28	11	6	8	16	33	7	28	5	5	4	20	1	7	18	2	2	2	5	1	1	2	0	2	5	1	2	0	1	0	1	11	1	0	0	0	1	0	0	0	0	0	0	0	0	0	0	0	0	0	0	0	0	0	0	0	0	0	0	0	0	0	0	0	0	0	0	0
0.03	south22_all	80	10555	6922	3029	2844	2038	1153	2059	1042	517	520	409	501	289	233	405	192	228	156	160	114	89	78	104	65	114	56	52	99	39	53	33	28	47	25	25	16	31	31	9	22	10	8	12	12	9	11	20	4	5	5	7	4	3	7	2	5	5	2	7	3	8	0	2	9	0	0	2	0	1	0	0	0	0	0	1	0	0	0	0	1	0	0	0	0	0	0	0	0	1	0	1	0	1	0	0	0	0	0	1	0
0.03	south22_active	80	6202	5298	1770	2105	1491	525	1744	781	196	267	162	361	102	98	316	54	167	65	116	48	21	20	76	28	91	16	8	72	7	41	20	11	36	13	7	9	13	25	4	16	3	3	3	7	3	7	14	2	2	1	5	1	1	2	0	2	5	1	6	0	6	0	1	9	0	0	1	0	1	0	0	0	0	0	0	0	0	0	0	1	0	0	0	0	0	0	0	0	0	0	0	0	0	0	0	0	0	0	0	0
0.03	south23_all	80	10514	6923	3079	2769	1983	1106	2033	1066	511	512	429	510	321	253	401	205	256	137	153	112	82	81	105	73	100	53	53	99	39	47	37	32	49	25	23	21	23	30	11	19	11	9	9	7	7	8	19	6	4	4	5	3	5	7	4	10	2	1	8	3	7	1	1	1	0	2	3	0	0	0	1	0	4	0	1	0	0	0	0	1	0	0	0	0	1	1	0	0	0	0	1	0	1	0	0	0	0	0	0	0
0.03	south23_active	80	6185	5260	1810	2035	1419	483	1712	794	180	248	176	368	107	103	309	60	189	50	104	45	17	24	83	32	74	16	10	74	8	39	19	15	39	10	10	14	15	21	3	13	2	1	3	3	3	6	13	3	0	1	4	0	2	2	2	7	2	1	6	1	5	0	0	0	0	2	1	0	0	0	0	0	3	0	0	0	0	0	0	1	0	0	0	0	0	1	0	0	0	0	0	0	0	0	0	0	0	0	0	0
0.03	south24_all	80	10548	6745	3075	2780	1983	1093	1976	1050	526	523	400	515	318	250	424	206	238	151	173	123	90	73	123	61	97	49	44	83	39	62	40	33	61	25	23	20	26	20	12	27	12	10	8	12	7	8	15	3	6	4	5	3	5	4	4	6	3	2	11	2	7	1	0	1	0	2	3	1	1	0	1	0	4	0	0	0	0	0	0	1	0	0	0	1	1	1	0	1	0	0	1	0	1	0	0	0	0	0	0	0
0.03	south24_active	80	6219	5141	1798	2058	1399	508	1677	797	178	261	175	356	98	100	334	62	183	45	116	42	15	19	100	25	75	15	9	66	9	49	21	18	51	10	12	12	21	11	3	22	2	2	4	7	3	5	14	2	2	2	5	1	2	0	3	5	3	2	8	1	5	0	0	0	0	2	1	1	1	0	0	0	3	0	0	0	0	0	0	1	0	0	0	1	0	1	0	1	0	0	0	0	0	0	0	0	0	0	0	0
0.03	south25_all	80	10627	6827	2997	2767	1958	1074	2110	1075	525	510	417	508	299	243	461	208	276	140	180	123	98	71	130	58	102	48	42	70	32	78	39	26	57	25	24	20	31	26	13	22	9	11	8	12	5	17	19	6	7	4	6	1	3	3	5	6	2	2	7	2	0	2	0	1	0	2	1	1	2	0	1	0	4	0	0	0	0	0	0	0	0	0	0	1	1	1	0	1	0	0	0	0	1	0	0	0	0	0	0	0
0.03	south25_active	80	6166	5158	1709	2084	1345	509	1823	797	168	260	185	346	90	100	374	66	202	43	118	34	21	20	108	23	76	18	7	58	7	57	22	14	47	8	12	12	25	17	6	17	2	2	4	6	2	12	17	1	2	2	5	1	2	0	5	5	2	2	3	1	0	1	0	0	0	2	0	1	1	0	0	0	3	0	0	0	0	0	0	0	0	0	0	1	0	1	0	1	0	0	0	0	0	0	0	0	0	0	0	0
0.03	south26_all	80	10778	6788	2952	2752	1963	1092	2084	1008	514	487	414	493	271	253	452	197	258	144	169	128	104	81	109	64	101	48	40	68	31	76	42	32	61	27	24	22	30	38	14	27	11	7	5	10	5	17	17	9	7	6	7	1	2	3	4	4	1	1	6	0	0	2	0	2	0	0	0	1	3	0	0	0	0	0	0	0	0	0	0	0	1	0	0	1	1	1	0	1	0	3	0	0	0	0	0	0	0	0	0	2
0.03	south26_active	80	6283	5142	1657	2071	1388	497	1798	765	167	242	191	333	80	110	371	54	183	41	122	36	26	24	89	31	77	15	6	59	7	55	25	16	51	9	10	13	23	28	6	22	3	2	3	4	1	13	15	1	2	3	5	1	1	0	4	2	1	1	3	0	0	1	0	0	0	0	0	1	2	0	0	0	0	0	0	0	0	0	0	0	0	0	0	1	0	1	0	1	0	3	0	0	0	0	0	0	0	0	0	2
0.03	south27_all	80	10870	6718	2973	2801	1973	1116	2086	984	521	499	431	489	249	259	427	186	269	128	172	109	104	89	110	71	121	54	40	74	29	78	39	34	68	21	18	27	29	38	13	20	8	8	9	9	9	16	12	9	6	5	7	1	4	2	3	8	0	1	4	2	1	1	1	1	0	1	0	0	2	0	0	0	0	2	1	0	0	0	0	0	1	0	0	0	0	0	0	1	0	3	1	0	0	0	0	0	0	0	0	2
0.03	south27_active	80	6362	5077	1664	2094	1411	511	1816	723	182	256	193	334	80	120	344	48	182	37	115	34	31	25	95	42	95	16	8	61	8	59	26	19	60	8	7	15	18	30	6	15	2	2	4	2	2	13	11	2	1	2	5	1	2	1	3	7	0	1	1	0	1	1	1	0	0	0	0	0	1	0	0	0	0	2	0	0	0	0	0	0	0	0	0	0	0	0	0	1	0	3	0	0	0	0	0	0	0	0	0	2
0.03	south28_all	80	10813	6678	3115	2766	1967	1153	2003	1051	538	502	403	503	249	266	402	178	265	125	159	95	95	93	100	80	112	54	35	78	28	59	42	33	65	19	12	27	30	39	11	32	9	5	8	12	9	7	6	6	4	6	5	3	4	2	3	12	1	1	3	3	1	2	1	5	0	1	1	0	1	0	0	0	0	2	1	0	0	0	0	0	1	0	1	0	0	0	0	1	0	3	1	0	0	0	0	0	0	0	0	2
0.03	south28_active	80	6367	4991	1753	2060	1418	518	1723	785	194	255	176	352	77	128	317	42	195	35	113	31	29	26	89	49	84	12	7	64	8	41	28	18	59	8	2	15	18	32	4	26	3	1	2	8	2	6	4	3	0	2	2	3	2	1	2	11	0	1	1	0	1	1	1	4	0	0	1	0	1	0	0	0	0	2	0	0	0	0	0	0	0	0	1	0	0	0	0	1	0	3	0	0	0	0	0	0	0	0	0	2
0.03	south29_all	80	10673	6637	3119	2739	1980	1176	2031	1080	559	517	426	498	245	252	384	164	265	127	168	94	94	73	107	86	125	69	27	78	27	62	40	25	60	24	13	24	21	36	11	39	11	5	10	12	8	4	7	7	4	5	2	3	5	2	5	15	1	2	1	3	7	1	3	5	0	2	6	0	1	0	1	0	0	2	1	0	0	0	0	0	1	0	1	0	0	0	0	1	0	3	1	0	0	0	0	0	0	0	0	2
0.03	south29_active	80	6310	4963	1770	1996	1450	543	1725	793	187	269	181	351	81	129	308	37	201	34	111	32	34	21	92	51	100	19	10	63	6	50	25	15	55	10	2	12	12	30	1	35	5	0	3	9	2	2	4	4	2	2	1	3	2	2	4	15	0	1	0	0	7	0	2	4	0	0	6	0	1	0	1	0	0	2	0	0	0	0	0	0	0	0	1	0	0	0	0	1	0	3	0	0	0	0	0	0	0	0	0	2
0.03	south30_all	80	10656	6607	3015	2748	2015	1153	2010	1116	584	517	415	482	254	232	349	167	269	145	149	108	112	68	93	87	137	64	35	77	34	62	40	24	67	23	15	25	16	28	8	38	11	6	10	14	8	3	8	4	4	6	5	3	5	4	6	17	2	2	2	2	6	1	7	4	0	2	7	0	5	1	1	1	0	1	1	1	0	0	1	0	0	0	1	0	0	1	0	0	0	0	0	0	0	0	0	0	0	0	0	0
0.03	south30_active	80	6236	4941	1708	2018	1447	529	1703	830	185	264	174	333	85	114	278	43	209	46	102	31	37	18	72	47	113	20	11	58	8	46	23	11	59	10	4	14	10	23	1	33	5	2	3	13	2	2	4	3	3	1	2	3	2	2	5	15	0	1	2	1	6	0	6	4	0	1	7	0	5	1	1	1	0	1	0	1	0	0	0	0	0	0	1	0	0	1	0	0	0	0	0	0	0	0	0	0	0	0	0	0
0.03	south31_all	80	10475	6841	3014	2671	2054	1114	1992	1078	529	485	409	515	269	251	427	179	215	139	169	106	91	87	85	93	92	36	44	53	39	65	40	30	41	22	22	25	19	22	17	23	15	6	12	19	10	4	12	7	10	5	2	1	5	2	6	2	4	5	7	0	1	2	8	18	2	1	0	0	0	2	1	0	0	0	0	0	1	0	0	1	1	1	0	0	0	0	1	0	0	0	0	0	0	0	0	0	0	0	0	0
0.03	south31_active	80	6069	5166	1697	1951	1471	543	1701	832	195	252	196	374	100	104	355	53	153	41	105	39	26	34	59	58	72	8	14	36	8	43	22	16	35	5	8	15	11	16	9	18	3	0	6	16	4	2	6	2	4	1	2	1	3	0	5	2	4	4	6	0	1	0	8	17	1	1	0	0	0	1	1	0	0	0	0	0	1	0	0	1	0	1	0	0	0	0	0	0	0	0	0	0	0	0	0	0	0	0	0	0
0.03	south32_all	80	10455	6972	2998	2672	2081	1092	2026	1072	537	467	398	488	274	256	445	181	213	127	171	114	93	79	97	73	80	40	46	62	39	56	43	31	49	30	17	28	23	29	17	21	17	14	11	14	9	9	18	6	13	6	5	1	5	1	8	2	5	3	6	0	1	2	1	4	1	1	0	0	1	2	1	1	0	0	0	0	1	0	0	2	1	0	0	0	0	0	1	0	0	0	0	0	0	0	0	0	0	0	0	0
0.03	south32_active	80	6081	5282	1661	1947	1495	500	1727	823	190	244	188	333	96	105	370	43	153	36	108	36	24	31	63	44	60	6	11	43	10	39	18	16	42	13	9	19	16	21	7	14	4	4	4	11	5	6	13	1	6	0	3	1	4	0	6	2	4	2	6	0	1	0	1	3	1	1	0	0	1	1	1	1	0	0	0	0	1	0	0	1	0	0	0	0	0	0	1	0	0	0	0	0	0	0	0	0	0	0	0	0
0.03	south33_all	80	10546	6843	3125	2724	1998	1051	2083	1050	555	467	398	495	270	256	438	159	220	136	157	130	85	70	126	64	108	41	37	57	41	55	43	31	48	26	20	22	29	28	19	27	16	17	11	17	4	12	16	3	13	3	7	2	7	0	3	9	5	1	3	0	0	0	0	5	1	0	0	1	1	2	1	1	0	0	0	0	0	0	0	2	1	0	0	0	0	0	1	0	0	0	0	0	0	0	0	0	0	0	0	0
0.03	south33_active	80	6168	5185	1740	1968	1449	478	1791	805	191	250	185	341	88	108	353	45	161	43	103	37	22	27	83	38	80	5	7	43	9	35	18	13	41	15	8	16	22	21	8	20	3	5	2	11	3	9	12	1	4	0	5	1	5	0	2	9	4	0	3	0	0	0	0	4	0	0	0	1	1	1	1	1	0	0	0	0	0	0	0	1	0	0	0	0	0	0	1	0	0	0	0	0	0	0	0	0	0	0	0	0
0.03	south34_all	80	10672	6755	3109	2756	2016	1077	2109	983	540	487	400	546	272	255	412	162	229	135	157	125	83	68	113	62	130	49	50	63	44	48	45	27	56	33	26	21	29	27	22	26	12	17	13	18	4	14	22	4	8	3	10	6	8	1	3	7	2	2	3	0	3	0	1	3	1	0	0	1	1	2	0	1	0	0	0	0	0	0	0	2	1	0	1	0	0	0	1	0	0	0	0	0	0	0	0	0	0	0	0	0
0.03	south34_active	80	6173	5037	1739	2018	1449	474	1843	755	200	253	174	394	85	120	322	46	173	40	102	37	28	22	75	31	103	11	10	50	12	32	21	14	51	20	10	15	22	20	7	22	2	6	4	12	3	11	18	2	3	1	6	1	4	0	2	7	1	1	3	0	3	0	0	3	0	0	0	1	1	1	0	1	0	0	0	0	0	0	0	1	0	0	0	0	0	0	1	0	0	0	0	0	0	0	0	0	0	0	0	0
0.03	south35_all	80	10699	6789	3064	2806	2036	1064	2083	999	513	499	380	513	277	263	417	161	216	155	152	122	90	64	144	64	128	56	50	62	38	56	44	37	65	28	24	24	21	26	16	31	9	15	14	21	4	12	14	6	9	4	8	10	5	2	3	7	3	1	3	2	9	0	2	1	1	0	1	1	0	0	0	2	0	0	0	0	0	0	0	0	0	0	1	0	0	0	1	0	0	0	0	0	0	0	0	0	0	0	0	0
0.03	south35_active	80	6177	5096	1678	2064	1467	475	1826	766	194	256	176	372	84	113	333	50	156	48	93	39	30	18	104	37	106	13	18	49	9	40	23	18	63	15	8	17	16	21	6	29	1	4	5	14	1	7	11	2	2	1	6	3	2	0	0	7	3	1	2	0	9	0	0	1	0	0	1	1	0	0	0	0	0	0	0	0	0	0	0	0	0	0	0	0	0	0	1	0	0	0	0	0	0	0	0	0	0	0	0	0
0.03	south36_all	80	10755	6818	2967	2788	1995	1065	2044	1016	503	501	374	485	299	282	400	158	226	154	161	122	92	73	127	67	130	54	58	65	44	67	52	43	81	31	23	23	16	29	18	40	10	13	12	22	5	9	15	9	7	3	7	9	4	3	5	8	4	1	2	2	9	1	2	1	1	0	1	1	0	0	0	2	0	0	0	0	0	1	0	0	0	1	2	0	0	0	0	0	0	0	0	1	0	0	0	0	0	0	0	0
0.03	south36_active	80	6253	5124	1636	2052	1442	483	1791	781	188	248	176	350	98	125	317	50	167	45	98	41	25	23	95	37	108	13	22	54	8	51	33	26	74	16	7	17	9	24	6	38	2	5	4	15	1	5	10	2	2	1	5	3	1	0	2	8	3	1	1	0	9	1	0	1	0	0	1	1	0	0	0	0	0	0	0	0	0	0	0	0	0	0	1	0	0	0	0	0	0	0	0	1	0	0	0	0	0	0	0	0
0.03	south37_all	80	10704	6866	2919	2818	1978	1071	1989	1078	530	490	378	459	327	299	402	182	217	134	165	111	94	76	110	73	114	57	61	72	44	71	45	36	98	28	19	23	18	23	9	40	7	10	13	11	5	7	9	8	5	4	7	7	8	2	5	4	4	1	4	2	11	1	5	0	1	1	1	3	0	1	0	2	1	0	1	0	0	1	0	0	0	1	1	0	0	0	0	0	0	0	0	1	0	0	0	0	0	0	0	0
0.03	south37_active	80	6260	5136	1615	2083	1430	486	1725	815	191	238	176	320	105	138	316	55	156	38	103	39	23	29	78	40	96	10	19	62	7	60	28	21	89	12	6	16	10	19	4	34	2	4	5	6	0	3	5	0	2	2	5	4	4	0	2	4	2	0	3	0	10	1	4	0	0	1	1	1	0	0	0	0	1	0	0	0	0	0	0	0	0	0	1	0	0	0	0	0	0	0	0	1	0	0	0	0	0	0	0	0
0.03	south38_all	80	10665	6901	2883	2750	1922	1059	2009	1071	541	479	363	463	312	293	394	202	217	135	172	107	106	83	99	68	120	46	53	90	39	67	43	26	114	22	28	19	23	28	10	37	10	13	7	7	3	3	17	7	4	6	3	7	7	2	6	4	4	1	2	1	2	1	6	12	1	2	1	3	0	1	0	1	1	0	1	0	0	1	0	0	0	1	1	0	0	0	0	0	0	0	0	1	0	1	0	0	0	0	0	0
0.03	south38_active	80	6227	5174	1637	2031	1391	482	1718	803	193	243	174	321	96	129	309	57	149	41	113	37	21	34	66	34	100	12	18	74	9	55	27	15	105	12	8	11	15	21	4	30	3	3	3	4	0	2	12	0	0	1	2	4	4	0	5	4	2	0	2	0	1	1	5	12	0	2	0	1	0	0	0	0	1	0	0	0	0	0	0	0	0	0	1	0	0	0	0	0	0	0	0	1	0	0	0	0	0	0	0	0
0.03	south39_all	80	10659	6685	2939	2747	1982	1063	1988	1053	576	498	388	472	289	280	392	207	234	130	179	105	104	93	95	75	133	51	48	72	37	59	39	22	94	20	28	18	19	28	8	31	12	9	4	15	2	4	14	5	5	5	2	4	6	5	4	3	2	1	4	1	4	1	6	12	2	2	1	2	2	2	0	0	2	0	1	1	1	1	0	0	1	2	0	0	0	1	0	0	0	0	0	0	0	1	0	0	0	0	0	0
0.03	south39_active	80	6202	4933	1684	2024	1445	503	1676	756	206	273	179	319	82	131	325	59	160	32	119	37	26	32	65	40	112	11	13	60	11	49	24	10	89	11	6	9	12	19	1	23	4	1	1	12	0	3	11	1	1	1	1	2	4	0	3	3	0	0	4	0	3	1	5	12	0	2	0	0	2	0	0	0	2	0	0	1	1	0	0	0	0	1	0	0	0	0	0	0	0	0	0	0	0	0	0	0	0	0	0	0
0.03	south40_all	80	10622	6502	2956	2738	1999	1066	1959	1014	566	528	392	496	274	275	394	179	226	119	186	100	101	86	133	77	124	50	43	70	37	50	29	29	86	17	27	17	19	16	10	22	11	10	6	19	7	7	19	5	8	6	5	5	2	4	5	0	3	0	2	2	3	0	2	12	2	2	1	1	2	1	0	0	1	0	2	1	1	0	0	0	1	1	0	0	0	1	0	0	0	0	0	0	0	1	0	0	0	0	0	0
0.03	south40_active	80	6179	4803	1722	2018	1452	508	1647	734	213	285	190	346	77	117	336	50	161	30	125	36	24	24	98	37	102	12	12	56	14	38	15	11	79	9	7	10	12	9	2	17	4	1	0	17	2	7	18	2	4	2	1	2	1	0	3	0	3	0	2	1	2	0	1	12	0	2	0	0	2	0	0	0	1	0	0	1	1	0	0	0	0	1	0	0	0	0	0	0	0	0	0	0	0	0	0	0	0	0	0	0
