label	Group	numOtus	Otu0	Otu1	Otu2	Otu3	Otu4	Otu5	Otu6	Otu7	Otu8	Otu9	Otu10	Otu11	Otu12	Otu13	Otu14	Otu15	Otu16	Otu17	Otu18	Otu19	Otu20	Otu21	Otu22	Otu23	Otu24	Otu25	Otu26	Otu27	Otu28	Otu29	Otu30	Otu31	Otu32	Otu33	Otu34	Otu35	Otu36	Otu37	Otu38	Otu39	Otu40	Otu41	Otu42	Otu43	Otu44	Otu45	Otu46	Otu47	Otu48	Otu49	Otu50	Otu51	Otu52	Otu53	Otu54	Otu55	Otu56	Otu57	Otu58	Otu59	Otu60	Otu61	Otu62	Otu63	Otu64	Otu65	Otu66	Otu67	Otu68	Otu69	Otu70	Otu71	Otu72	Otu73	Otu74	Otu75	Otu76	Otu77	Otu78	Otu79	Otu80	Otu81	Otu82	Otu83	Otu84	Otu85	Otu86	Otu87	Otu88	Otu89	Otu90	Otu91	Otu92	Otu93	Otu94	Otu95	Otu96	Otu97	Otu98	Otu99	Otu100	Otu101	Otu102	Otu103	Otu104	Otu105	Otu106	Otu107	Otu108	Otu109	Otu110	Otu111	Otu112	Otu113	Otu114	Otu115	Otu116	Otu117	Otu118	Otu119	Otu120	Otu121	Otu122	Otu123	Otu124	Otu125	Otu126	Otu127	Otu128	Otu129	Otu130	Otu131	Otu132	Otu133	Otu134	Otu135	Otu136	Otu137	Otu138	Otu139	Otu140	Otu141	Otu142	Otu143	Otu144	Otu145	Otu146	Otu147	Otu148	Otu149	Otu150	Otu151	Otu152	Otu153	Otu154	Otu155	Otu156	Otu157	Otu158	Otu159
0.03	north1_all	80	36605	14778	8397	10399	6132	5574	2706	3451	3463	2770	1498	2224	1017	911	969	915	659	564	858	557	544	444	350	437	394	473	349	316	189	237	209	137	131	134	132	117	99	137	93	94	95	72	71	97	62	87	54	49	40	33	28	46	27	24	41	27	29	25	26	26	14	10	36	12	18	12	13	19	11	9	9	12	10	15	3	9	11	4	6	1	2	3	4	9	3	12	8	0	2	1	2	2	17	3	4	1	3	6	5	0	2	3	0	0	1	0	0	0	1	1	1	1	1	0	0	5	0	0	0	0	0	1	1	0	1	0	1	0	0	0	0	0	0	0	0	0	0	0	2	0	0	0	0	0	0	0	0	0	0	1	0	1	0	0	0	0	0	0	0	0
0.03	north1_active	80	24967	8499	3565	8435	4195	4295	705	2537	2767	2083	623	1770	240	197	566	538	157	150	622	345	345	255	104	266	257	393	231	215	80	146	128	54	59	30	66	78	25	80	47	19	56	23	23	61	41	74	18	23	10	3	16	41	6	7	31	9	22	9	8	20	6	3	30	3	12	1	9	10	3	0	3	3	5	5	0	2	7	1	2	0	0	1	1	2	2	10	7	0	2	0	0	1	16	3	2	1	3	6	5	0	0	3	0	0	1	0	0	0	0	0	0	0	1	0	0	5	0	0	0	0	0	1	0	0	1	0	0	0	0	0	0	0	0	0	0	0	0	0	2	0	0	0	0	0	0	0	0	0	0	1	0	1	0	0	0	0	0	0	0	0
0.03	north2_all	80	35395	14591	8252	10061	5875	5484	2698	3466	3306	2656	1494	2093	1032	920	966	888	686	578	806	554	561	463	339	456	346	410	325	304	175	224	242	140	133	121	137	101	115	135	94	98	96	74	67	93	62	78	49	51	48	40	37	49	32	25	35	29	24	26	28	23	18	11	29	12	19	20	10	14	10	6	9	12	9	19	3	9	11	3	5	0	3	4	3	9	3	5	10	2	1	1	1	4	6	1	3	1	3	4	2	0	1	1	0	0	3	0	1	0	0	1	2	1	0	0	0	3	0	0	0	0	1	0	1	0	0	0	1	0	1	0	0	0	0	0	0	0	0	1	2	0	1	0	0	1	0	0	0	0	0	0	0	0	0	0	0	0	0	0	0	0
0.03	north2_active	80	23542	8037	3294	8033	3892	4177	648	2463	2588	1928	601	1637	239	210	524	499	149	140	577	324	332	247	95	267	219	329	208	212	74	136	137	49	50	27	69	73	31	71	45	24	52	24	17	59	44	65	14	23	10	7	22	44	11	6	28	12	13	8	8	16	11	2	24	3	14	3	7	7	3	0	4	3	4	10	0	2	8	1	2	0	0	2	1	2	2	3	9	1	1	0	0	2	5	1	2	1	3	4	2	0	0	1	0	0	2	0	1	0	0	0	0	0	0	0	0	3	0	0	0	0	1	0	0	0	0	0	0	0	1	0	0	0	0	0	0	0	0	0	2	0	0	0	0	0	0	0	0	0	0	0	0	0	0	0	0	0	0	0	0	0
0.03	north3_all	80	35729	14576	8224	10210	5858	5386	2680	3468	3250	2592	1492	2109	1006	919	953	872	684	576	762	583	555	490	334	460	336	400	363	330	188	219	233	144	131	120	153	124	123	125	96	97	103	87	66	82	62	84	46	46	55	41	38	52	32	30	41	26	34	21	25	24	18	12	23	20	17	17	12	14	7	6	12	8	10	21	5	7	5	4	5	0	4	5	2	7	7	6	5	2	2	0	2	4	5	1	2	1	8	11	0	1	1	1	0	1	3	0	1	3	0	1	1	0	0	0	0	2	0	0	0	0	1	1	1	0	0	0	1	0	1	0	0	1	0	0	0	0	0	1	2	0	1	0	0	1	0	0	0	0	0	0	0	0	0	0	0	0	0	0	0	0
0.03	north3_active	80	23660	8002	3247	8130	3926	4091	639	2441	2519	1910	639	1682	233	229	512	494	150	132	547	350	323	258	86	253	214	313	238	233	79	130	126	45	49	26	78	84	34	70	52	26	62	29	15	50	40	65	10	22	11	9	21	44	11	6	30	10	18	10	6	15	10	3	21	5	12	2	7	7	2	1	5	1	5	10	1	2	3	1	1	0	0	2	0	2	7	4	4	1	1	0	1	1	4	1	2	1	8	11	0	0	0	1	0	0	2	0	1	3	0	0	0	0	0	0	0	2	0	0	0	0	1	1	0	0	0	0	0	0	1	0	0	0	0	0	0	0	0	0	2	0	0	0	0	0	0	0	0	0	0	0	0	0	0	0	0	0	0	0	0	0
0.03	north4_all	80	37490	15250	8386	10790	6211	5814	2657	3735	3331	2859	1467	2247	1031	897	1026	917	666	569	756	634	611	484	362	419	361	508	408	345	202	231	231	143	144	117	151	132	116	107	103	96	99	88	78	74	54	98	45	46	52	43	39	57	26	24	42	28	35	22	26	29	20	17	26	18	26	14	7	9	13	10	12	10	12	16	8	7	5	5	6	1	4	4	1	5	6	4	9	2	3	0	1	4	2	4	0	1	5	11	0	1	0	1	0	1	3	1	2	3	0	2	1	0	0	0	0	2	0	0	0	0	1	1	0	0	0	0	1	0	1	0	0	1	0	0	0	2	0	1	0	0	1	0	0	1	0	0	0	0	0	0	0	0	0	0	0	0	0	0	0	0
0.03	north4_active	80	25752	8909	3542	8780	4364	4555	687	2749	2660	2214	642	1835	241	244	592	568	154	136	559	389	386	257	110	222	245	415	290	239	94	160	119	46	57	25	86	93	33	65	57	23	66	36	23	40	33	77	11	18	12	9	23	43	8	6	26	11	19	9	7	19	13	7	25	6	23	2	3	7	4	3	8	1	11	9	2	3	2	1	2	0	1	1	0	3	6	3	9	1	2	0	1	1	2	4	0	1	5	11	0	0	0	1	0	0	1	1	1	3	0	1	0	0	0	0	0	2	0	0	0	0	1	1	0	0	0	0	0	0	1	0	0	0	0	0	0	1	0	0	0	0	0	0	0	0	0	0	0	0	0	0	0	0	0	0	0	0	0	0	0	0
0.03	north5_all	80	38877	15682	8523	11331	6294	6086	2658	3855	3556	3049	1495	2494	1060	892	1075	902	651	574	799	659	683	489	356	424	391	563	417	368	206	226	215	150	156	125	142	148	100	96	116	97	96	88	78	78	60	106	47	47	39	49	37	46	29	29	35	30	45	20	19	32	18	17	22	16	23	8	4	16	11	12	13	9	15	17	8	2	8	6	4	2	3	6	0	6	9	4	11	1	3	2	2	3	2	3	0	0	7	7	0	4	0	1	0	1	3	2	1	3	0	2	2	0	0	0	0	6	0	0	0	1	2	4	0	0	1	0	0	0	0	0	0	1	0	0	0	2	0	0	0	0	1	0	0	0	0	0	0	0	0	0	0	0	0	0	0	0	0	0	0	0
0.03	north5_active	80	27558	9482	3852	9387	4527	4884	757	2924	2898	2457	707	2092	278	251	653	593	172	161	614	427	453	292	129	227	277	473	304	256	96	155	117	56	62	24	79	102	35	55	64	27	69	37	30	45	39	88	11	19	12	12	21	33	7	9	19	10	23	10	4	20	10	5	19	6	17	1	2	12	3	3	7	2	14	15	3	1	5	2	1	1	1	2	0	5	8	2	10	1	2	1	2	1	2	3	0	0	6	7	0	2	0	1	0	0	1	2	0	3	0	1	1	0	0	0	0	6	0	0	0	1	2	4	0	0	1	0	0	0	0	0	0	0	0	0	0	1	0	0	0	0	0	0	0	0	0	0	0	0	0	0	0	0	0	0	0	0	0	0	0	0
0.03	north6_all	80	39106	15743	8494	11440	6296	6131	2711	3864	3590	3119	1526	2513	1075	893	1049	953	676	602	842	667	668	510	349	394	417	596	387	364	209	234	212	153	156	128	139	150	94	114	116	81	85	74	83	85	53	116	47	54	45	47	53	52	26	25	30	24	35	23	17	28	15	18	26	15	21	9	5	14	11	10	13	10	19	11	7	9	7	6	5	4	3	5	0	4	10	4	7	2	2	2	1	2	3	3	0	0	8	7	1	3	0	0	0	0	1	2	2	0	0	2	1	0	0	0	0	5	0	2	1	1	1	3	0	0	1	0	0	0	0	0	0	0	0	0	0	2	0	0	0	0	0	0	0	0	0	0	0	0	0	0	0	1	0	1	0	0	0	0	0	0
0.03	north6_active	80	27874	9544	3919	9499	4498	4944	778	2955	2943	2495	743	2094	287	246	651	626	174	159	647	429	469	310	134	204	299	517	290	256	93	161	116	65	60	20	80	111	32	64	58	24	57	35	35	50	38	101	11	26	12	9	30	40	6	9	15	4	23	14	2	17	8	4	21	5	16	1	3	10	3	3	8	2	18	8	2	5	4	1	1	2	1	1	0	4	9	0	6	2	2	1	1	0	3	3	0	0	6	7	0	2	0	0	0	0	0	2	0	0	0	2	1	0	0	0	0	5	0	2	1	1	1	3	0	0	1	0	0	0	0	0	0	0	0	0	0	1	0	0	0	0	0	0	0	0	0	0	0	0	0	0	0	0	0	0	0	0	0	0	0	0
0.03	north7_all	80	38276	15269	8533	11271	6205	5988	2751	3739	3557	3101	1511	2568	1070	884	992	912	659	588	874	643	631	506	333	408	423	598	341	367	224	212	204	159	158	117	130	171	105	114	127	69	82	54	75	85	64	117	45	55	39	39	48	55	31	25	36	23	34	22	14	32	18	14	17	11	14	13	6	12	10	8	10	5	11	25	3	12	7	5	6	5	4	6	2	4	9	5	8	2	1	3	2	3	2	3	0	0	4	0	1	4	1	1	0	1	0	2	2	0	0	1	1	0	0	0	0	5	0	2	1	1	1	3	0	0	1	0	0	0	0	0	0	0	0	0	0	1	0	0	0	0	0	0	0	0	0	0	0	0	0	0	0	1	0	1	0	0	0	0	0	0
0.03	north7_active	80	27048	9107	3936	9300	4402	4800	780	2772	2873	2470	692	2122	290	228	594	594	167	151	670	410	435	322	125	218	294	520	232	263	99	136	109	63	56	16	71	131	38	68	69	23	49	23	33	57	43	100	15	29	7	10	28	45	7	9	22	5	21	11	2	22	13	1	11	4	8	2	4	9	3	2	6	1	9	23	1	8	4	1	1	3	1	1	1	4	8	1	7	2	1	1	1	0	2	3	0	0	2	0	0	2	0	1	0	1	0	2	0	0	0	1	1	0	0	0	0	5	0	2	1	1	1	3	0	0	1	0	0	0	0	0	0	0	0	0	0	1	0	0	0	0	0	0	0	0	0	0	0	0	0	0	0	0	0	0	0	0	0	0	0	0
0.03	north8_all	80	38611	15629	8432	11497	6274	5937	2760	3736	3662	2959	1509	2576	1082	863	960	909	660	576	896	633	636	534	312	377	411	525	322	365	222	212	208	150	158	109	160	163	105	126	112	66	84	52	70	98	65	108	42	54	39	38	58	66	34	20	42	28	27	20	16	34	18	14	30	12	19	13	9	10	6	7	7	4	17	26	3	14	7	4	7	9	6	3	3	2	12	3	4	5	2	3	1	2	4	2	1	0	4	5	1	2	1	3	0	1	0	1	2	0	0	1	1	0	0	0	0	5	0	2	1	0	0	3	0	0	3	0	0	0	0	0	0	0	0	0	1	0	0	0	0	0	0	0	0	0	0	0	0	0	0	0	0	1	0	1	0	0	0	0	0	0
0.03	north8_active	80	27400	9333	3845	9563	4490	4734	783	2778	2966	2350	698	2144	292	203	544	588	168	143	700	398	452	340	119	206	284	450	234	280	92	139	117	64	50	20	88	119	33	86	60	26	52	24	29	69	38	92	17	32	5	6	29	54	6	9	31	6	18	9	4	24	12	4	24	5	11	3	7	9	1	1	5	1	15	24	1	9	5	1	0	7	2	0	1	2	12	1	2	4	2	1	0	0	3	1	1	0	2	5	0	0	0	2	0	1	0	1	0	0	0	1	1	0	0	0	0	5	0	2	1	0	0	3	0	0	1	0	0	0	0	0	0	0	0	0	1	0	0	0	0	0	0	0	0	0	0	0	0	0	0	0	0	0	0	0	0	0	0	0	0	0
0.03	north9_all	80	39936	16081	8641	12057	6606	6238	2742	3793	3973	2945	1483	2606	1064	870	966	924	651	569	883	639	631	539	324	395	405	550	341	316	233	225	211	158	151	117	162	156	103	99	111	74	79	57	71	98	74	107	42	45	41	31	51	49	36	23	34	30	33	18	18	34	23	15	38	9	18	12	8	13	10	7	7	4	14	32	4	11	3	3	7	10	8	3	4	4	11	3	3	6	2	2	1	4	7	2	3	2	1	5	0	1	1	3	0	1	0	0	1	2	0	0	2	0	0	1	0	0	0	0	0	1	0	0	0	1	2	0	0	0	0	0	0	0	0	0	1	0	0	0	0	0	0	0	0	0	0	0	0	0	0	0	0	1	0	0	0	0	0	0	0	0
0.03	north9_active	80	28934	9821	3960	10176	4800	5071	798	2873	3254	2364	670	2187	302	213	543	595	171	154	684	407	459	344	124	243	272	476	247	240	101	162	122	65	58	22	88	109	25	76	63	25	45	25	28	68	45	92	18	26	5	6	28	41	7	17	28	5	22	8	6	26	13	5	33	5	10	2	5	12	3	2	6	0	12	29	2	9	1	0	2	5	4	1	1	4	9	1	2	5	2	1	0	0	6	1	2	2	1	5	0	0	0	2	0	1	0	0	0	2	0	0	1	0	0	1	0	0	0	0	0	1	0	0	0	1	0	0	0	0	0	0	0	0	0	0	1	0	0	0	0	0	0	0	0	0	0	0	0	0	0	0	0	0	0	0	0	0	0	0	0	0
0.03	north10_all	80	41931	16773	8752	12595	6918	6534	2734	3813	4216	3116	1518	2738	1074	878	958	966	651	587	916	646	644	546	337	427	413	554	395	323	208	248	214	158	154	123	168	145	85	101	100	77	76	74	69	100	69	123	45	46	42	29	57	41	34	24	34	36	31	20	17	28	42	18	45	13	19	12	9	15	13	9	5	8	13	29	6	6	3	1	5	14	7	2	3	7	8	1	5	5	3	1	1	3	8	2	3	4	0	5	0	0	0	4	0	0	0	0	1	2	0	0	2	0	1	1	0	0	1	0	1	1	0	0	0	1	3	0	0	0	0	0	0	0	0	0	1	0	0	0	0	0	0	0	0	1	0	0	0	0	0	0	0	0	0	0	0	0	0	0	0	0
0.03	north10_active	80	31227	10647	4177	10815	5178	5392	843	2967	3541	2563	721	2346	332	234	558	648	188	163	715	430	486	328	136	296	301	481	293	234	82	181	136	69	61	25	95	92	21	74	56	23	49	33	37	71	35	104	16	24	7	7	37	31	5	18	28	5	16	10	5	20	29	5	41	6	8	1	5	13	3	2	5	2	11	27	4	5	1	0	2	9	4	1	0	6	5	0	3	4	2	1	0	0	6	1	2	4	0	5	0	0	0	3	0	0	0	0	0	2	0	0	1	0	1	1	0	0	0	0	0	1	0	0	0	1	0	0	0	0	0	0	0	0	0	0	1	0	0	0	0	0	0	0	0	1	0	0	0	0	0	0	0	0	0	0	0	0	0	0	0	0
0.03	north11_all	80	35387	14582	8231	10475	5685	5610	2667	3442	3436	2683	1430	2229	1051	928	953	867	642	598	687	608	562	444	340	382	396	418	356	332	187	220	177	139	150	140	115	135	98	101	104	91	86	68	60	58	64	97	63	44	43	43	38	52	26	23	30	15	14	20	23	21	16	9	26	8	21	7	19	13	11	11	13	4	11	13	4	6	5	9	7	3	5	5	5	1	1	5	6	3	1	5	2	4	4	2	2	1	4	1	0	0	1	0	0	2	0	0	1	4	1	0	1	0	1	0	0	1	0	0	2	0	1	2	0	0	1	0	0	0	0	1	1	0	0	0	0	0	0	0	0	0	0	0	0	1	0	0	0	0	0	0	0	0	0	0	0	0	0	0	0	1
0.03	north11_active	80	23242	8002	3287	8503	3783	4312	629	2468	2750	2032	608	1762	233	210	529	525	166	150	479	346	361	254	124	203	273	324	252	220	70	125	100	45	55	31	59	96	23	62	53	23	48	15	19	40	46	82	19	22	15	9	24	36	9	7	20	3	6	8	3	16	11	2	18	2	14	3	10	4	1	4	6	0	7	11	1	3	2	1	3	1	1	1	3	0	1	2	4	3	0	1	1	1	3	1	1	1	1	1	0	0	0	0	0	1	0	0	1	3	1	0	0	0	1	0	0	1	0	0	2	0	0	1	0	0	0	0	0	0	0	0	1	0	0	0	0	0	0	0	0	0	0	0	0	1	0	0	0	0	0	0	0	0	0	0	0	0	0	0	0	1
0.03	north12_all	80	35423	14465	8189	10286	5665	5555	2702	3425	3430	2670	1404	2193	1043	943	960	852	661	595	669	604	557	437	356	393	401	457	379	324	174	229	198	153	158	132	124	149	100	109	105	86	85	70	63	58	57	72	57	34	42	45	34	50	18	21	28	16	18	22	18	25	16	13	39	11	18	7	12	17	11	12	10	4	12	16	9	6	5	9	6	1	6	6	6	1	1	5	9	4	1	5	2	6	3	3	1	4	4	0	0	1	0	3	0	2	0	0	3	1	0	0	1	0	1	0	0	1	0	0	3	0	0	2	0	1	1	0	0	0	0	0	0	0	0	0	1	0	4	0	0	0	0	0	0	0	0	0	1	0	0	0	1	0	1	0	0	0	0	0	0	1
0.03	north12_active	80	23241	7904	3264	8257	3731	4274	651	2440	2698	2022	582	1709	231	232	528	508	163	128	476	359	354	250	121	208	281	360	281	230	64	131	114	59	59	27	59	105	18	60	51	22	39	19	16	34	36	59	18	12	14	8	23	37	6	7	16	3	9	10	2	21	11	5	33	3	12	3	4	10	2	4	5	0	10	12	1	2	3	1	3	1	0	1	3	0	1	2	7	3	0	1	1	0	3	2	0	4	1	0	0	0	0	3	0	1	0	0	1	0	0	0	0	0	1	0	0	1	0	0	2	0	0	1	0	0	0	0	0	0	0	0	0	0	0	0	0	0	4	0	0	0	0	0	0	0	0	0	1	0	0	0	0	0	1	0	0	0	0	0	0	1
0.03	north13_all	80	35923	14625	8228	10424	5724	5651	2702	3518	3346	2644	1438	2146	1064	932	977	869	650	577	681	645	538	424	358	380	397	485	350	302	177	234	208	176	144	117	132	152	107	87	119	85	103	72	63	67	54	62	55	35	37	42	35	38	19	18	37	14	25	19	15	25	21	12	59	14	15	11	14	22	11	13	13	5	9	17	9	5	4	9	4	5	4	4	7	1	0	7	8	2	6	1	3	5	7	3	1	5	1	0	1	1	0	5	0	3	1	1	4	1	0	0	0	1	1	0	0	0	0	0	4	0	0	0	0	1	0	0	0	0	0	0	0	0	0	0	1	0	4	0	0	0	0	0	0	0	0	0	1	0	0	0	1	0	1	0	0	0	0	0	0	1
0.03	north13_active	80	23806	8114	3322	8382	3822	4341	666	2550	2632	1975	596	1674	245	226	541	516	157	124	501	388	341	236	117	194	281	395	263	214	70	145	119	65	55	24	74	108	18	44	60	21	46	22	15	42	30	49	13	13	16	9	22	29	5	6	22	3	15	10	2	22	15	5	52	4	10	2	6	16	2	6	8	1	6	12	1	2	3	1	3	3	0	1	3	0	0	3	6	1	6	0	1	0	6	1	0	4	0	0	1	0	0	5	0	1	0	0	2	0	0	0	0	1	1	0	0	0	0	0	2	0	0	0	0	0	0	0	0	0	0	0	0	0	0	0	0	0	4	0	0	0	0	0	0	0	0	0	1	0	0	0	0	0	1	0	0	0	0	0	0	1
0.03	north14_all	80	37965	15198	8341	11148	5939	6107	2718	3775	3576	2994	1501	2294	1054	919	1030	941	663	575	799	662	586	467	338	388	421	556	364	302	186	257	214	197	147	125	146	159	97	89	109	78	103	76	69	85	63	62	46	40	31	46	33	60	24	30	31	16	26	16	16	20	26	17	50	14	13	12	17	14	10	12	10	5	8	12	9	4	5	8	2	6	4	4	7	0	0	4	7	2	7	0	3	4	7	4	6	5	1	0	1	1	1	5	0	3	1	1	5	0	0	0	0	1	0	1	1	0	0	0	2	0	1	0	0	1	0	0	0	0	0	0	0	0	0	0	1	0	4	0	0	0	0	0	0	0	0	0	1	0	0	0	1	0	1	0	0	0	0	0	0	0
0.03	north14_active	80	26065	8870	3596	9116	4138	4853	712	2816	2908	2350	680	1849	253	228	597	592	177	135	605	408	386	285	112	213	308	469	268	211	75	165	125	83	62	28	87	110	18	47	53	19	63	32	16	58	33	44	9	19	12	9	22	53	6	13	21	2	16	7	2	17	15	7	45	4	7	1	8	13	3	5	5	1	6	7	1	2	3	1	1	3	0	1	2	0	0	1	5	1	6	0	0	0	6	3	4	4	0	0	1	0	0	5	0	0	0	0	2	0	0	0	0	1	0	0	0	0	0	0	0	0	0	0	0	0	0	0	0	0	0	0	0	0	0	0	0	0	4	0	0	0	0	0	0	0	0	0	1	0	0	0	0	0	1	0	0	0	0	0	0	0
0.03	north15_all	80	39588	15672	8457	11670	6312	6360	2680	3939	3739	3214	1519	2483	1068	894	1066	976	681	556	882	683	626	487	370	387	477	571	370	313	211	237	225	199	145	129	138	161	104	112	114	83	103	78	71	101	66	66	45	42	33	42	36	57	28	29	32	22	33	18	21	15	25	17	33	16	17	15	15	13	13	14	7	7	5	12	7	3	5	6	4	6	5	4	4	0	0	3	11	1	7	0	4	2	4	3	6	5	1	0	1	0	1	2	0	2	1	1	3	1	2	0	0	1	0	1	1	0	1	0	3	0	1	0	0	1	1	0	0	0	0	0	0	0	0	0	0	0	0	0	0	0	0	0	0	0	0	0	1	0	0	0	1	0	0	0	0	0	0	0	1	0
0.03	north15_active	80	28216	9547	3845	9723	4525	5163	717	3049	3077	2615	716	2059	291	213	638	627	194	144	689	442	445	313	150	231	366	493	271	219	88	158	137	92	64	32	94	117	22	68	63	19	64	30	28	74	38	41	12	19	11	11	23	51	7	13	21	1	18	5	4	11	13	5	25	4	8	2	7	12	2	5	4	2	3	6	2	2	3	1	2	3	2	1	0	0	0	1	10	0	6	0	1	0	3	2	4	2	0	0	1	0	0	2	0	0	0	0	1	0	1	0	0	1	0	0	0	0	1	0	1	0	0	0	0	0	0	0	0	0	0	0	0	0	0	0	0	0	0	0	0	0	0	0	0	0	0	0	1	0	0	0	0	0	0	0	0	0	0	0	0	0
0.03	north16_all	80	40696	16038	8568	11884	6599	6573	2666	4024	3967	3277	1462	2621	1071	900	1122	988	681	563	960	688	636	536	375	384	485	552	375	320	221	250	225	169	164	126	146	145	98	125	106	81	99	71	51	97	72	81	49	50	33	34	36	59	30	30	44	20	33	22	22	18	20	21	42	14	17	14	12	17	13	15	4	6	9	11	6	4	6	1	6	2	4	4	5	1	1	2	9	1	3	1	3	0	4	2	5	6	1	0	0	0	1	0	1	2	1	0	1	1	2	0	0	0	1	1	1	0	1	0	1	0	1	0	0	7	1	0	0	1	0	0	0	0	0	0	0	0	0	0	0	0	0	0	0	0	0	0	0	0	0	0	0	0	0	0	0	0	0	0	1	0
0.03	north16_active	80	29622	9978	4005	9964	4858	5381	753	3167	3326	2708	729	2225	299	204	677	635	195	159	762	444	442	353	163	248	361	471	270	231	96	177	135	82	67	32	84	109	29	81	64	22	68	29	22	73	46	53	17	22	9	7	23	52	5	12	25	0	18	5	4	12	10	4	32	5	11	4	7	11	2	7	1	1	7	7	2	3	1	0	2	1	2	0	1	0	0	0	7	0	2	0	1	0	3	2	4	3	0	0	0	0	0	0	1	0	0	0	0	0	1	0	0	0	0	0	0	0	1	0	1	0	0	0	0	7	0	0	0	1	0	0	0	0	0	0	0	0	0	0	0	0	0	0	0	0	0	0	0	0	0	0	0	0	0	0	0	0	0	0	0	0
0.03	north17_all	80	39074	15725	8359	11208	6425	6197	2686	3762	3707	3062	1449	2591	1048	870	1052	951	637	602	893	640	644	508	377	353	492	546	380	330	212	265	216	140	168	130	132	136	96	131	96	86	87	66	53	88	72	69	54	47	32	25	35	59	25	28	36	17	26	20	21	21	13	22	26	14	14	15	8	22	12	12	5	12	10	10	5	2	7	0	10	1	6	4	4	2	3	2	12	2	8	1	4	0	8	2	1	5	0	0	0	0	1	0	1	0	0	0	0	1	2	1	0	0	2	0	0	0	2	0	1	0	0	0	0	8	1	0	0	1	0	0	0	0	0	0	0	0	0	0	0	0	0	0	0	0	0	0	0	0	1	0	0	0	0	0	0	0	0	0	1	0
0.03	north17_active	80	27724	9445	3751	9284	4626	4989	715	2835	3048	2494	673	2168	271	187	618	588	164	165	692	403	429	320	153	213	364	449	262	229	79	183	124	68	62	27	65	97	28	81	60	25	52	23	25	65	39	46	22	19	5	6	20	50	4	10	19	0	14	6	3	17	6	4	18	5	9	4	5	14	1	7	3	4	9	6	2	1	3	0	3	1	3	0	1	1	1	0	9	1	4	0	1	0	8	1	0	2	0	0	0	0	0	0	1	0	0	0	0	0	1	0	0	0	0	0	0	0	1	0	1	0	0	0	0	8	0	0	0	1	0	0	0	0	0	0	0	0	0	0	0	0	0	0	0	0	0	0	0	0	1	0	0	0	0	0	0	0	0	0	0	0
0.03	north18_all	80	37380	15458	8307	10486	6190	5856	2710	3588	3437	2654	1409	2433	1016	871	986	897	617	590	831	584	595	496	365	346	453	529	339	327	207	258	188	127	164	129	114	120	92	132	97	84	84	57	59	67	73	71	53	46	35	26	24	40	21	34	32	17	22	19	23	36	8	19	35	17	19	11	7	20	12	11	8	12	13	9	3	7	7	1	9	2	4	3	4	5	3	7	7	1	10	1	4	1	8	2	2	4	0	0	0	0	0	0	1	1	0	0	0	1	0	1	1	0	2	0	0	0	2	1	1	0	0	0	0	8	1	0	0	1	0	0	0	0	0	0	0	0	0	0	0	0	0	0	0	0	0	0	0	1	1	0	0	0	0	0	0	0	1	0	1	0
0.03	north18_active	80	25698	8893	3482	8474	4312	4618	706	2578	2775	2076	608	1995	242	194	559	521	142	141	628	351	382	281	134	193	316	413	220	216	78	171	103	48	61	26	45	82	24	71	53	27	46	18	24	47	36	47	21	23	6	6	11	31	4	10	16	4	11	7	3	22	2	5	29	4	15	4	6	13	0	7	5	3	10	6	2	4	3	0	2	1	1	0	2	3	1	2	3	1	6	0	1	0	8	1	0	2	0	0	0	0	0	0	1	1	0	0	0	0	0	0	0	0	0	0	0	0	1	1	1	0	0	0	0	8	0	0	0	1	0	0	0	0	0	0	0	0	0	0	0	0	0	0	0	0	0	0	0	0	1	0	0	0	0	0	0	0	1	0	0	0
0.03	north19_all	80	37439	15513	8331	10652	6111	5765	2636	3562	3461	2695	1464	2306	1035	909	969	961	621	602	765	568	570	480	352	357	417	545	371	318	208	269	199	134	147	134	114	132	98	127	91	81	102	60	67	71	73	68	51	38	36	26	42	41	27	30	31	25	15	14	23	34	13	14	36	15	27	8	9	18	13	11	11	11	10	8	3	6	4	1	7	2	6	3	1	7	2	6	4	6	10	1	3	2	9	2	3	3	1	0	0	0	0	1	0	1	1	0	2	0	0	1	1	0	2	0	0	0	2	1	2	0	0	0	0	6	0	0	0	1	0	0	0	0	0	0	0	0	0	0	0	0	0	0	0	0	0	0	0	1	1	0	0	0	0	0	0	0	1	0	0	0
0.03	north19_active	80	25680	8963	3485	8702	4219	4533	689	2581	2799	2116	610	1863	250	204	549	580	149	155	553	343	371	273	107	198	287	427	252	222	73	179	109	54	60	29	54	87	24	65	50	25	59	23	27	49	37	41	17	23	9	4	23	29	8	10	23	5	9	8	5	20	4	6	33	4	21	2	7	16	1	5	8	5	8	7	1	3	4	0	1	1	3	0	1	5	1	2	2	5	6	0	0	0	8	1	0	2	1	0	0	0	0	1	0	1	0	0	2	0	0	0	0	0	0	0	0	0	0	1	1	0	0	0	0	6	0	0	0	1	0	0	0	0	0	0	0	0	0	0	0	0	0	0	0	0	0	0	0	0	1	0	0	0	0	0	0	0	1	0	0	0
0.03	north20_all	80	39360	15898	8475	11294	6395	6056	2647	3738	3540	2785	1485	2396	1063	900	1036	978	655	588	787	596	563	469	394	374	412	583	376	340	231	278	231	149	139	128	132	147	105	139	95	70	112	63	68	70	69	92	52	47	39	36	47	49	27	27	29	27	27	19	17	34	24	7	26	13	25	10	8	25	14	12	9	10	9	5	3	8	8	3	5	1	9	4	3	7	2	7	8	6	6	1	1	3	1	2	2	2	1	0	0	2	0	7	0	2	1	0	2	0	0	0	1	0	0	0	0	1	1	1	2	0	0	0	0	0	0	0	0	0	0	0	0	0	0	0	0	0	0	0	0	0	0	0	0	0	0	0	0	1	8	0	0	0	0	0	0	0	1	0	0	0
0.03	north20_active	80	27957	9590	3767	9381	4510	4880	749	2862	2873	2222	646	1974	294	225	604	612	180	172	607	384	394	267	138	221	283	480	273	245	96	195	143	56	62	31	69	103	33	85	55	22	68	28	28	47	40	66	19	26	8	9	28	41	9	7	21	6	15	6	5	21	17	3	24	4	20	2	6	23	3	7	6	2	7	5	1	3	7	1	0	0	5	0	2	5	1	3	6	4	5	0	1	0	0	2	0	1	1	0	0	1	0	7	0	1	0	0	2	0	0	0	0	0	0	0	0	1	0	1	1	0	0	0	0	0	0	0	0	0	0	0	0	0	0	0	0	0	0	0	0	0	0	0	0	0	0	0	0	0	8	0	0	0	0	0	0	0	1	0	0	0
0.03	south21_all	80	37112	14220	7946	11461	4557	5515	2749	2226	1891	1756	2782	1259	1893	965	830	743	1595	587	512	557	711	427	676	361	351	254	254	224	324	235	271	173	239	181	127	91	182	97	141	119	71	97	94	65	72	51	74	73	37	44	44	72	44	44	39	50	23	17	22	17	17	14	18	12	12	17	19	15	4	9	11	10	11	7	13	7	4	1	3	3	2	0	3	3	2	5	1	3	5	5	1	4	2	2	2	1	1	4	1	0	1	2	0	1	2	2	0	2	0	0	0	0	1	1	0	0	0	0	1	0	1	1	0	0	0	0	0	0	9	0	0	0	0	0	0	1	0	0	0	0	0	0	2	0	0	0	0	0	0	0	0	0	0	0	0	0	0	0	0	0
0.03	south21_active	80	25323	7558	2604	9497	2059	4119	732	471	548	923	2254	492	1471	357	267	249	1410	195	144	292	553	216	584	131	224	69	114	44	265	143	213	85	188	104	51	23	149	43	95	89	21	57	73	21	53	19	43	54	9	22	29	66	23	30	23	42	16	11	11	3	4	2	9	4	4	13	13	13	2	5	6	7	6	0	10	6	1	1	1	0	0	0	0	1	1	4	0	0	1	2	1	4	0	0	2	0	0	4	0	0	0	2	0	0	0	0	0	2	0	0	0	0	1	1	0	0	0	0	1	0	0	1	0	0	0	0	0	0	9	0	0	0	0	0	0	1	0	0	0	0	0	0	2	0	0	0	0	0	0	0	0	0	0	0	0	0	0	0	0	0
0.03	south22_all	80	36788	14144	7875	11181	4568	5417	2753	2260	1942	1750	2774	1262	1885	920	813	767	1551	578	526	518	762	429	664	342	331	255	249	222	342	238	260	175	242	167	134	99	210	89	129	129	73	95	83	67	73	44	69	66	35	45	45	59	40	52	43	59	21	21	25	20	18	14	17	11	10	17	19	21	7	8	13	4	9	4	15	6	4	1	5	6	2	0	7	3	2	2	0	4	4	6	2	2	1	3	2	0	4	1	0	0	1	2	0	2	1	2	0	1	0	5	0	1	1	0	0	0	0	0	1	0	1	1	0	0	0	1	0	0	9	0	0	0	0	0	0	0	0	0	0	0	0	0	2	0	0	0	0	0	0	0	0	0	0	0	0	0	0	0	0	0
0.03	south22_active	80	24981	7420	2463	9229	2036	4060	684	495	576	930	2219	487	1444	335	259	260	1337	198	139	244	612	222	557	130	214	67	115	43	272	144	202	87	188	94	60	22	173	36	88	104	23	53	55	19	58	15	41	46	9	22	31	52	20	35	24	51	12	15	12	7	4	5	9	5	4	13	13	19	3	5	6	0	3	1	12	5	2	1	3	0	0	0	1	2	1	2	0	0	1	3	2	2	0	1	2	0	1	1	0	0	0	2	0	0	0	0	0	0	0	5	0	0	1	0	0	0	0	0	1	0	0	1	0	0	0	1	0	0	9	0	0	0	0	0	0	0	0	0	0	0	0	0	2	0	0	0	0	0	0	0	0	0	0	0	0	0	0	0	0	0
0.03	south23_all	80	35674	13838	7847	10927	4566	5225	2700	2216	1915	1743	2637	1237	1803	908	822	798	1517	545	531	528	719	439	611	331	343	246	234	222	331	234	268	185	209	161	123	105	200	90	115	134	73	102	73	67	76	36	53	75	40	45	35	51	38	38	45	50	21	16	26	18	18	15	18	14	14	11	18	28	5	9	15	5	5	6	17	2	6	2	7	6	2	0	5	2	3	0	0	2	2	3	2	5	2	2	2	0	4	1	0	0	2	2	0	1	1	2	0	1	0	5	0	1	0	0	0	0	1	0	0	0	1	1	0	0	1	1	1	0	9	0	0	0	0	0	1	0	0	0	0	0	0	0	0	0	0	0	0	0	0	0	0	0	0	0	0	0	0	0	0	0
0.03	south23_active	80	23654	7075	2358	8964	1954	3887	680	495	526	882	2102	493	1369	322	255	258	1264	169	136	231	571	215	511	137	211	58	107	43	264	148	198	89	158	95	54	31	149	36	77	109	24	64	47	17	59	8	30	53	12	19	24	41	20	25	28	42	9	10	13	9	5	6	8	7	4	9	12	26	2	6	6	1	3	2	13	2	3	2	3	0	1	0	1	2	0	0	0	0	1	1	2	2	1	1	2	0	1	1	0	0	1	2	0	0	0	0	0	0	0	5	0	0	0	0	0	0	0	0	0	0	0	1	0	0	0	1	0	0	9	0	0	0	0	0	0	0	0	0	0	0	0	0	0	0	0	0	0	0	0	0	0	0	0	0	0	0	0	0	0	0
0.03	south24_all	80	35219	13859	7879	10593	4549	5226	2687	2273	1872	1830	2588	1252	1732	915	787	748	1369	530	488	510	723	420	630	334	328	263	240	238	396	229	242	187	206	165	126	113	207	103	108	161	68	103	77	70	68	35	51	71	40	48	32	38	40	47	44	45	32	17	23	19	17	17	13	18	13	11	25	20	11	9	18	5	10	7	18	7	6	4	7	8	4	2	9	1	2	1	0	4	0	2	2	5	2	4	0	1	5	1	0	0	2	0	0	1	2	1	0	2	0	5	0	2	0	0	0	0	1	0	0	0	0	0	0	0	1	1	1	0	9	0	0	1	0	0	1	0	0	0	0	0	0	0	0	0	0	0	0	0	0	0	0	0	0	0	0	0	0	0	0	0
0.03	south24_active	80	23221	7038	2296	8633	1942	3933	657	509	484	918	2040	500	1286	305	222	244	1123	171	123	222	560	199	515	130	197	52	112	43	322	148	162	89	143	106	55	29	151	34	76	133	22	70	42	20	48	9	29	56	12	20	24	26	18	39	23	39	15	12	13	8	5	8	5	8	4	7	19	18	8	5	8	2	6	3	14	7	3	3	2	0	2	0	2	1	0	1	0	0	0	1	2	2	1	2	0	1	1	1	0	0	1	0	0	0	2	0	0	0	0	5	0	0	0	0	0	0	0	0	0	0	0	0	0	0	0	1	0	0	9	0	0	0	0	0	0	0	0	0	0	0	0	0	0	0	0	0	0	0	0	0	0	0	0	0	0	0	0	0	0	0
0.03	south25_all	80	35346	13945	7774	10789	4535	5145	2716	2319	1777	1919	2663	1311	1731	926	810	771	1409	527	494	533	696	414	661	311	331	275	246	216	393	233	227	187	221	201	135	109	215	115	105	151	65	98	84	54	77	38	60	70	38	45	30	65	42	59	36	39	33	12	21	20	20	20	10	16	18	16	19	23	23	8	18	5	7	8	6	9	5	9	6	7	4	2	8	0	5	6	1	4	1	0	1	3	1	3	0	2	6	2	0	0	2	1	0	0	2	1	0	2	0	0	0	1	1	0	1	2	2	0	0	0	0	0	0	0	1	1	1	0	0	0	0	1	0	0	1	0	0	0	0	0	0	0	0	0	0	0	0	0	0	0	0	0	0	0	0	0	0	0	0	0
0.03	south25_active	80	23380	7114	2289	8880	1970	3841	669	506	441	977	2161	516	1289	304	230	237	1177	168	126	245	535	188	539	130	201	61	114	44	326	149	154	95	150	137	58	25	167	37	70	119	18	72	38	15	53	13	36	53	13	17	19	51	19	51	26	31	17	8	11	9	8	10	4	7	5	10	13	21	20	4	8	2	5	2	5	8	1	7	1	0	2	0	2	0	2	4	0	0	0	0	1	0	1	1	0	2	1	2	0	0	1	1	0	0	2	0	0	0	0	0	0	0	1	0	0	2	1	0	0	0	0	0	0	0	0	1	0	0	0	0	0	0	0	0	0	0	0	0	0	0	0	0	0	0	0	0	0	0	0	0	0	0	0	0	0	0	0	0	0	0
0.03	south26_all	80	36208	14020	7819	11474	4539	5206	2720	2335	1842	1959	2702	1327	1736	967	831	737	1441	539	478	554	719	415	639	297	326	270	257	212	381	275	226	192	236	215	144	103	200	109	110	162	60	92	80	56	74	36	59	76	39	46	31	83	40	46	35	54	36	21	19	19	20	20	11	21	13	17	21	15	25	9	16	5	13	6	5	13	8	7	6	8	7	5	8	1	5	7	3	4	1	0	2	8	1	2	1	3	2	2	1	0	1	1	1	1	2	1	0	1	0	1	0	2	1	0	3	2	1	0	0	0	0	0	2	0	0	0	0	0	0	0	0	1	0	0	0	0	0	0	0	0	0	0	0	0	0	0	0	0	0	0	0	0	0	0	0	0	0	0	0	0
0.03	south26_active	80	24310	7271	2360	9568	2031	3892	672	523	497	1027	2233	546	1298	325	232	251	1233	195	111	276	556	200	511	127	201	77	117	41	313	178	158	102	168	146	67	21	162	41	72	122	20	69	34	17	49	13	39	61	14	17	13	67	18	39	25	46	22	13	11	5	6	9	5	10	5	12	12	12	23	4	9	3	8	2	3	10	2	5	0	0	5	0	1	0	3	5	1	0	0	0	2	5	1	1	0	2	0	2	0	0	0	1	0	0	2	0	0	0	0	1	0	0	1	0	2	2	1	0	0	0	0	0	2	0	0	0	0	0	0	0	0	0	0	0	0	0	0	0	0	0	0	0	0	0	0	0	0	0	0	0	0	0	0	0	0	0	0	0	0	0
0.03	south27_all	80	37075	14410	7828	11738	4609	5451	2730	2296	1866	1975	2712	1318	1795	983	839	726	1582	598	487	566	710	417	594	287	350	261	262	201	361	276	209	181	213	206	155	91	187	118	130	160	63	83	84	47	77	40	56	63	40	43	39	92	42	65	28	43	30	23	18	16	20	21	14	22	14	21	8	22	26	11	15	5	9	6	5	13	6	7	4	7	5	5	8	1	4	7	4	2	2	5	6	6	2	1	2	3	1	3	1	0	1	4	1	1	11	1	0	1	1	2	0	1	1	1	3	3	1	0	0	0	0	0	2	0	0	0	1	0	0	0	0	0	0	0	0	1	0	0	0	0	2	0	0	0	0	0	1	0	0	0	0	0	0	0	0	0	0	0	0	0
0.03	south27_active	80	25448	7668	2451	9876	2087	4136	687	493	530	1072	2283	538	1357	343	247	249	1379	222	114	284	563	206	461	123	214	83	113	34	295	178	146	97	157	144	76	17	153	52	80	116	19	59	45	14	54	12	38	47	17	16	15	79	14	55	22	36	20	14	9	6	6	10	9	11	4	15	3	17	25	6	9	3	6	2	2	9	1	5	0	0	4	0	0	0	3	5	1	0	0	5	3	5	1	1	0	2	0	2	0	0	0	1	0	0	11	0	0	0	0	1	0	0	1	0	2	2	1	0	0	0	0	0	2	0	0	0	0	0	0	0	0	0	0	0	0	1	0	0	0	0	2	0	0	0	0	0	0	0	0	0	0	0	0	0	0	0	0	0	0	0
0.03	south28_all	80	37247	14279	7903	11838	4616	5443	2717	2239	1943	1850	2659	1321	1730	994	835	713	1552	565	496	551	693	440	606	310	362	241	266	227	390	274	227	182	207	178	148	99	158	120	124	160	64	114	78	44	67	38	55	60	33	41	37	89	30	58	21	42	25	29	22	15	22	19	19	21	11	19	6	23	8	10	9	6	7	4	7	9	7	5	5	7	4	6	5	2	6	7	4	6	4	7	7	7	3	0	2	2	0	1	1	4	1	4	1	1	9	2	0	0	1	2	0	1	0	1	3	1	0	0	0	0	0	0	2	0	0	0	2	0	0	0	0	0	0	0	0	1	0	0	0	0	2	0	0	0	0	0	1	0	0	0	0	0	0	0	0	0	0	0	0	0
0.03	south28_active	80	25506	7530	2442	9930	2095	4137	660	480	546	965	2228	562	1278	359	234	241	1353	218	110	287	535	250	492	127	219	88	106	38	309	177	159	84	161	119	75	22	134	64	76	106	22	84	49	10	49	10	30	41	11	17	14	76	10	49	15	32	19	20	13	5	7	10	12	12	3	14	2	16	7	5	6	5	4	3	3	4	2	4	0	0	3	0	1	0	4	5	1	2	0	6	4	6	1	0	0	1	0	0	0	3	0	1	0	0	9	1	0	0	0	1	0	0	0	0	2	0	0	0	0	0	0	0	2	0	0	0	1	0	0	0	0	0	0	0	0	1	0	0	0	0	2	0	0	0	0	0	0	0	0	0	0	0	0	0	0	0	0	0	0	0
0.03	south29_all	80	37072	14318	7896	11757	4572	5593	2686	2253	1950	1785	2724	1290	1779	967	836	711	1532	557	492	546	698	454	605	314	351	246	287	236	393	251	241	166	201	176	139	102	145	115	113	157	64	114	107	51	68	41	59	60	39	39	32	66	30	63	20	43	21	36	22	17	16	13	15	20	14	21	7	25	18	10	10	6	5	4	9	7	4	8	3	3	1	4	3	3	4	4	4	7	3	7	6	5	4	1	2	1	0	2	1	5	0	6	1	3	9	2	0	0	1	1	2	0	0	1	0	1	0	0	0	0	0	0	2	0	0	0	2	0	0	0	0	0	0	0	0	1	0	0	0	1	2	1	0	0	0	0	1	0	0	0	0	0	0	0	0	0	0	0	0	0
0.03	south29_active	80	25365	7560	2432	9911	2074	4320	673	479	544	903	2255	536	1329	372	236	230	1343	208	119	287	543	251	503	123	213	82	117	46	317	174	165	70	149	114	74	21	118	56	64	107	24	78	69	13	46	10	34	41	14	18	17	55	10	51	14	34	14	25	13	6	6	5	8	9	3	16	4	20	17	3	7	3	2	4	4	3	2	7	0	0	1	0	1	2	3	3	0	2	0	6	3	4	2	0	0	1	0	0	0	3	0	2	1	0	9	1	0	0	0	0	2	0	0	0	0	0	0	0	0	0	0	0	2	0	0	0	1	0	0	0	0	0	0	0	0	1	0	0	0	0	2	0	0	0	0	0	0	0	0	0	0	0	0	0	0	0	0	0	0	0
0.03	south30_all	80	37212	14175	7877	11767	4477	5502	2625	2231	1928	1843	2765	1279	1776	957	829	776	1400	528	475	508	770	430	631	332	386	272	284	234	366	268	231	166	219	183	130	125	162	104	120	136	62	133	109	59	64	44	62	64	36	32	33	55	27	56	25	33	16	35	25	20	16	11	16	15	12	17	11	26	19	10	6	8	8	2	10	4	5	7	5	6	2	4	3	7	4	2	3	7	5	5	1	3	4	4	0	0	1	1	1	5	0	3	1	2	0	1	2	0	0	1	2	0	0	1	8	0	0	0	0	0	0	0	0	0	0	0	1	0	0	0	0	0	0	0	0	0	0	0	0	1	0	1	0	0	0	0	0	0	0	0	0	0	0	0	0	0	0	0	0	0
0.03	south30_active	80	25502	7523	2463	9856	2039	4210	643	475	543	935	2294	538	1308	372	232	258	1202	202	119	259	610	222	533	130	247	85	121	55	287	186	164	75	163	122	61	27	138	50	71	86	22	92	74	22	44	12	34	46	10	15	20	43	10	43	15	22	9	27	17	8	7	2	7	5	2	15	9	22	17	3	3	2	4	2	6	2	2	7	2	1	1	0	1	3	3	1	1	2	0	3	1	3	2	0	0	0	0	0	0	3	0	2	1	0	0	1	1	0	0	0	2	0	0	0	8	0	0	0	0	0	0	0	0	0	0	0	1	0	0	0	0	0	0	0	0	0	0	0	0	0	0	0	0	0	0	0	0	0	0	0	0	0	0	0	0	0	0	0	0	0
0.03	south31_all	80	36883	14404	8066	12204	4476	5232	2750	2294	1765	1873	2786	1245	1812	1002	800	781	1574	619	499	517	784	409	654	352	365	261	263	206	360	270	280	199	242	188	152	107	173	111	118	143	92	113	107	61	91	54	67	84	45	49	37	49	17	73	29	53	33	34	17	21	16	17	12	7	14	22	19	39	29	6	11	4	9	8	23	4	4	8	5	4	5	3	5	3	4	3	2	5	3	5	1	17	0	0	2	2	2	0	0	9	2	2	1	2	1	0	1	1	1	0	0	1	0	3	1	0	0	2	0	0	0	0	0	1	0	0	0	0	0	0	0	0	0	0	0	0	0	0	0	0	0	1	0	0	1	0	0	0	0	0	0	0	0	0	0	0	0	0	0	0
0.03	south31_active	80	25190	7635	2559	10314	2054	3970	691	515	545	960	2298	541	1401	356	248	230	1361	207	122	263	604	198	546	153	222	64	105	60	304	177	205	101	210	132	66	23	130	48	80	111	38	83	63	23	60	12	35	69	19	17	22	38	4	53	11	44	15	27	7	8	6	11	5	2	7	10	15	33	24	1	7	0	4	3	22	2	1	3	2	1	1	1	2	1	1	2	1	3	0	2	0	17	0	0	0	2	0	0	0	8	0	1	1	2	0	0	0	1	1	0	0	1	0	3	1	0	0	2	0	0	0	0	0	1	0	0	0	0	0	0	0	0	0	0	0	0	0	0	0	0	0	0	0	0	1	0	0	0	0	0	0	0	0	0	0	0	0	0	0	0
0.03	south32_all	80	37099	14258	8007	12038	4450	5309	2727	2281	1749	1833	2840	1242	1828	970	768	770	1541	590	492	532	777	416	667	341	362	265	278	231	383	267	254	187	275	185	162	100	158	112	124	149	101	122	94	57	94	39	71	89	46	46	27	68	24	53	25	36	37	28	22	21	15	14	14	15	16	15	24	44	21	6	10	5	6	8	19	1	2	10	6	3	6	4	2	4	5	6	2	5	6	4	2	9	0	0	3	0	3	0	0	4	3	2	1	2	0	1	0	1	1	0	0	1	0	1	1	0	0	2	0	0	0	0	0	1	0	1	0	0	0	0	0	0	0	0	0	0	0	0	0	0	0	1	0	1	1	0	0	0	0	0	0	0	0	0	0	0	0	0	0	0
0.03	south32_active	80	25371	7539	2552	10146	2005	3988	717	498	529	924	2349	512	1411	348	238	215	1344	204	122	285	610	203	554	154	223	57	112	60	320	161	182	100	230	132	71	22	108	49	87	115	40	91	53	19	66	8	47	78	22	17	12	55	10	45	10	29	13	22	9	7	5	6	7	4	7	6	18	36	16	1	6	0	2	5	19	1	0	4	3	0	1	1	1	2	1	2	1	3	0	1	1	8	0	0	0	0	0	0	0	3	0	1	1	2	0	0	0	1	1	0	0	1	0	1	1	0	0	2	0	0	0	0	0	1	0	0	0	0	0	0	0	0	0	0	0	0	0	0	0	0	0	0	0	1	1	0	0	0	0	0	0	0	0	0	0	0	0	0	0	0
0.03	south33_all	80	37122	14347	7906	11721	4462	5383	2654	2247	1767	1838	2776	1197	1852	960	783	763	1603	609	507	559	835	424	662	333	340	263	273	217	407	267	266	168	315	192	147	90	130	102	125	136	93	111	105	54	91	38	59	86	40	36	37	68	26	55	30	39	30	24	19	16	19	17	20	14	14	15	21	36	30	12	12	8	6	10	6	2	3	6	5	3	5	4	1	5	3	6	3	6	5	3	3	8	2	2	3	0	3	0	0	1	1	2	2	0	1	1	2	0	1	6	0	1	0	2	1	0	0	1	0	0	0	0	0	1	0	1	0	0	1	0	1	0	0	0	0	0	0	0	0	0	0	0	0	1	1	0	0	0	0	0	0	0	0	0	1	0	0	0	0	0
0.03	south33_active	80	25426	7567	2530	9882	2001	4120	697	474	508	959	2298	470	1432	348	250	225	1404	208	124	287	657	200	554	156	205	57	112	51	346	165	189	92	259	133	58	19	86	51	88	107	33	81	62	19	64	8	41	71	20	14	12	54	11	47	12	30	11	17	5	7	9	6	12	3	5	9	16	32	23	5	7	4	3	5	6	2	0	2	3	0	0	1	1	2	1	2	2	3	0	1	2	7	1	1	0	0	0	0	0	1	0	1	2	0	0	0	0	0	1	6	0	1	0	2	1	0	0	1	0	0	0	0	0	1	0	0	0	0	1	0	1	0	0	0	0	0	0	0	0	0	0	0	0	1	1	0	0	0	0	0	0	0	0	0	1	0	0	0	0	0
0.03	south34_all	80	37213	14298	7766	11589	4485	5518	2584	2266	1821	1823	2781	1215	1834	924	791	757	1723	613	524	600	791	428	727	329	347	257	259	211	423	275	256	177	279	175	137	91	113	102	122	143	90	109	97	52	84	36	66	85	33	38	32	74	28	36	23	48	28	19	26	17	20	13	19	18	14	12	25	29	27	13	12	8	7	7	9	4	2	2	5	2	3	1	1	6	4	5	2	3	4	3	2	8	3	2	2	0	4	0	0	1	2	1	2	1	1	1	3	0	0	6	0	0	0	1	0	0	0	0	1	0	1	0	0	0	0	1	0	0	1	0	1	0	0	0	0	0	0	0	0	0	0	0	0	1	0	0	0	0	0	0	0	0	0	0	1	0	0	0	0	0
0.03	south34_active	80	25392	7591	2515	9722	2052	4232	647	429	481	941	2307	492	1393	318	261	223	1521	207	136	304	616	220	620	151	212	59	110	48	366	171	190	100	219	113	56	16	73	54	87	115	39	73	60	14	64	7	45	73	16	19	12	59	12	25	13	41	7	12	7	9	10	1	12	4	3	8	17	26	20	5	7	6	7	3	8	2	0	1	4	0	0	0	0	1	2	2	2	1	0	1	2	7	1	1	0	0	0	0	0	1	0	1	2	0	0	0	0	0	0	6	0	0	0	1	0	0	0	0	1	0	0	0	0	0	0	0	0	0	1	0	1	0	0	0	0	0	0	0	0	0	0	0	0	1	0	0	0	0	0	0	0	0	0	0	1	0	0	0	0	0
0.03	south35_all	80	37255	14248	7740	11874	4436	5713	2593	2232	1876	1897	2745	1233	1787	921	787	765	1675	623	517	581	764	447	795	317	376	243	232	193	401	300	264	175	298	179	138	94	140	101	113	130	85	107	81	56	78	43	62	57	35	39	34	56	29	32	29	44	27	20	23	19	19	13	19	10	13	13	19	31	32	11	11	13	7	5	4	5	1	4	6	2	4	2	2	3	5	1	5	2	1	2	1	2	3	2	2	0	3	0	0	0	1	1	2	3	1	1	3	1	0	6	0	0	1	1	0	0	1	0	1	0	2	0	0	0	0	0	0	0	1	0	1	0	1	0	0	0	0	0	0	0	0	0	0	0	0	0	0	0	0	0	0	0	0	0	1	0	0	0	0	0
0.03	south35_active	80	25420	7505	2469	9999	2060	4336	638	413	512	1002	2271	520	1363	326	262	225	1466	212	127	286	601	241	685	129	247	60	102	42	349	180	191	93	235	111	60	17	96	55	78	101	34	72	54	14	59	7	42	46	14	21	14	45	11	23	17	35	7	11	4	9	10	4	9	2	1	9	11	30	26	5	9	9	6	2	3	3	0	4	4	1	0	0	0	0	1	1	1	0	0	0	1	0	1	1	2	0	0	0	0	0	0	1	2	1	0	0	0	0	0	6	0	0	0	1	0	0	1	0	1	0	0	0	0	0	0	0	0	0	1	0	1	0	1	0	0	0	0	0	0	0	0	0	0	0	0	0	0	0	0	0	0	0	0	0	1	0	0	0	0	0
0.03	south36_all	80	37100	14357	7862	11782	4485	5521	2561	2282	1903	1928	2795	1291	1786	945	792	727	1659	640	503	557	695	453	814	304	357	272	231	196	366	291	258	172	274	187	139	95	150	109	117	108	82	92	76	51	58	46	71	75	35	34	33	65	35	24	27	51	28	22	21	19	19	13	16	8	17	12	19	35	20	6	13	11	11	9	5	9	1	4	6	3	4	1	4	3	4	2	4	1	2	2	0	3	3	3	2	0	2	0	1	0	4	1	2	4	2	0	2	2	0	0	1	0	2	1	0	0	1	0	1	0	2	0	2	0	0	1	1	0	1	0	0	0	1	0	0	0	0	0	0	0	0	0	0	0	0	0	0	0	0	0	0	0	0	0	0	1	0	0	0	0
0.03	south36_active	80	25226	7670	2496	9894	2052	4134	612	448	538	1039	2319	564	1374	324	255	219	1453	220	122	265	538	226	694	101	236	75	99	47	313	169	181	90	210	110	66	21	100	48	76	78	35	57	53	14	41	10	52	64	12	19	16	54	16	15	16	43	14	15	5	7	8	6	8	2	2	9	12	33	17	4	10	5	8	4	3	2	0	4	2	2	1	0	0	0	1	2	0	0	0	0	0	0	0	2	2	0	0	0	1	0	3	1	2	1	1	0	0	1	0	0	1	0	0	0	0	0	1	0	1	0	0	0	2	0	0	1	1	0	1	0	0	0	1	0	0	0	0	0	0	0	0	0	0	0	0	0	0	0	0	0	0	0	0	0	0	1	0	0	0	0
0.03	south37_all	80	37170	14367	7863	11687	4385	5514	2600	2249	1939	1913	2773	1255	1769	928	799	726	1574	609	502	504	722	465	824	299	375	274	217	210	382	295	236	164	256	191	140	106	160	95	122	115	71	82	76	57	76	53	69	83	38	28	30	61	26	35	22	60	31	20	18	17	15	15	13	12	16	10	15	33	24	5	13	14	8	8	3	9	1	5	5	5	6	3	6	2	3	1	4	1	3	3	1	3	1	1	5	0	2	1	2	0	3	0	0	4	1	1	1	2	0	0	1	0	2	1	0	1	1	1	0	1	1	0	2	0	0	1	2	0	0	0	0	0	1	0	0	0	0	0	0	0	0	0	0	0	3	0	0	0	0	0	0	0	1	0	1	1	0	1	0	0
0.03	south37_active	80	25348	7656	2383	9847	1986	4130	644	475	565	1022	2280	548	1394	327	258	201	1373	221	121	225	546	228	707	96	241	76	95	59	319	172	165	81	188	127	68	25	116	43	77	79	30	54	51	17	53	11	50	66	13	13	14	51	14	28	13	53	18	13	4	8	5	12	3	5	6	5	8	28	19	4	8	3	4	4	2	2	0	4	1	2	2	0	1	0	1	1	0	0	0	0	0	0	0	1	3	0	0	0	2	0	3	0	0	1	1	0	0	1	0	0	1	0	0	0	0	1	1	1	0	1	0	0	2	0	0	1	1	0	0	0	0	0	1	0	0	0	0	0	0	0	0	0	0	0	0	0	0	0	0	0	0	0	1	0	1	1	0	0	0	0
0.03	south38_all	80	37342	14410	7938	11590	4493	5443	2699	2257	1991	1903	2686	1261	1754	967	824	711	1490	600	518	520	700	459	720	306	419	273	224	231	361	279	235	159	277	200	129	102	146	94	125	137	69	77	80	59	74	55	66	84	35	29	32	53	30	41	21	62	31	19	16	15	18	22	13	11	19	20	21	32	19	5	12	11	8	9	4	10	1	3	3	4	7	4	6	1	0	2	4	2	3	3	1	1	1	3	5	1	2	1	2	1	3	0	0	2	3	1	1	1	0	0	1	0	1	1	0	3	1	1	0	1	1	0	2	0	2	1	2	0	0	0	0	0	1	1	0	0	0	0	0	1	0	0	0	0	3	1	0	0	0	0	0	0	1	0	1	1	0	1	0	0
0.03	south38_active	80	25454	7712	2419	9728	2041	4122	673	472	595	1017	2191	519	1387	340	241	212	1286	226	122	243	531	228	603	108	271	80	96	62	289	170	157	77	218	140	68	24	108	44	81	105	25	51	51	19	52	14	40	64	10	11	12	40	11	34	11	53	20	12	5	3	6	15	3	5	8	5	15	27	16	4	6	2	5	4	3	4	0	2	0	1	2	0	1	0	0	2	1	1	0	0	0	0	0	3	2	0	0	0	2	0	3	0	0	0	3	0	1	1	0	0	1	0	0	0	0	3	1	1	0	1	0	0	2	0	2	1	1	0	0	0	0	0	1	0	0	0	0	0	0	0	0	0	0	0	0	1	0	0	0	0	0	0	1	0	1	1	0	0	0	0
0.03	south39_all	80	37721	14327	7806	11590	4472	5481	2728	2268	1935	1890	2625	1279	1754	976	832	731	1536	598	525	516	667	436	691	324	418	267	230	249	361	281	271	179	257	198	123	98	149	83	123	152	68	95	96	59	93	51	66	82	33	28	33	33	34	47	22	61	25	28	20	17	20	26	18	15	15	20	27	18	19	4	11	8	10	4	7	8	3	2	5	4	8	4	5	1	1	1	6	1	3	3	2	0	0	4	6	2	1	3	1	1	1	0	0	2	3	1	1	1	1	0	0	0	0	1	2	3	0	1	0	1	0	1	2	0	3	0	1	1	0	1	0	0	0	1	0	0	0	0	0	1	0	0	0	0	3	1	0	0	0	0	0	0	1	0	1	1	0	1	0	0
0.03	south39_active	80	25809	7533	2402	9739	2029	4196	705	471	590	1006	2124	518	1381	336	242	215	1339	221	124	250	504	213	573	117	271	75	100	59	294	184	193	94	206	145	57	18	120	39	76	125	25	67	62	16	71	15	39	59	11	10	13	21	11	42	11	53	16	19	8	6	7	18	7	6	7	3	19	13	16	2	4	2	9	1	7	5	1	1	0	1	2	0	1	0	1	1	1	1	0	0	0	0	0	4	3	0	0	0	1	0	1	0	0	0	3	0	1	1	0	0	0	0	0	0	0	3	0	1	0	1	0	1	2	0	2	0	0	0	0	0	0	0	0	0	0	0	0	0	0	0	0	0	0	0	0	1	0	0	0	0	0	0	1	0	1	1	0	0	0	0
0.03	south40_all	80	37734	14378	7670	11501	4516	5381	2799	2244	1912	1879	2640	1281	1878	958	882	739	1526	613	512	538	671	429	696	343	425	249	255	259	341	255	315	184	239	177	120	109	144	93	129	161	71	95	99	61	83	55	57	59	36	29	31	34	34	50	24	50	17	30	23	18	17	22	19	16	12	22	23	21	18	4	17	6	8	6	11	9	3	2	6	2	6	3	4	3	5	1	10	2	3	1	2	1	2	3	4	2	1	2	1	1	2	0	0	0	5	0	1	0	1	0	0	0	0	1	3	3	0	1	1	1	0	1	0	0	3	0	0	1	0	1	0	0	0	1	0	0	0	0	0	1	0	0	0	0	0	1	0	0	0	0	0	0	0	0	0	0	0	0	0	0
0.03	south40_active	80	25696	7508	2401	9588	2041	4082	688	453	571	980	2167	508	1503	325	258	221	1325	224	123	271	511	219	583	132	268	69	94	52	273	161	237	95	197	124	56	20	115	41	87	138	29	64	68	18	63	19	32	38	13	12	15	22	9	42	12	43	9	20	7	8	6	13	8	4	3	4	16	18	15	2	11	4	7	2	11	8	1	1	0	0	0	0	1	1	4	1	1	1	0	0	0	0	0	3	2	0	0	0	1	0	2	0	0	0	5	0	1	0	0	0	0	0	0	0	0	3	0	1	1	1	0	1	0	0	2	0	0	0	0	0	0	0	0	0	0	0	0	0	0	0	0	0	0	0	0	1	0	0	0	0	0	0	0	0	0	0	0	0	0	0
