label	Group	numOtus	Otu0	Otu1	Otu2	Otu3	Otu4	Otu5	Otu6	Otu7	Otu8	Otu9	Otu10	Otu11	Otu12	Otu13	Otu14	Otu15	Otu16	Otu17	Otu18	Otu19	Otu20	Otu21	Otu22	Otu23	Otu24	Otu25	Otu26	Otu27	Otu28	Otu29	Otu30	Otu31	Otu32	Otu33	Otu34	Otu35	Otu36	Otu37	Otu38	Otu39	Otu40	Otu41	Otu42	Otu43	Otu44	Otu45	Otu46	Otu47	Otu48	Otu49	Otu50	Otu51	Otu52	Otu53	Otu54	Otu55	Otu56	Otu57	Otu58	Otu59	Otu60	Otu61	Otu62	Otu63	Otu64	Otu65	Otu66	Otu67	Otu68	Otu69	Otu70	Otu71	Otu72	Otu73	Otu74	Otu75	Otu76	Otu77	Otu78	Otu79	Otu80	Otu81	Otu82	Otu83	Otu84	Otu85	Otu86	Otu87	Otu88	Otu89	Otu90	Otu91	Otu92	Otu93	Otu94	Otu95	Otu96	Otu97	Otu98	Otu99	Otu100	Otu101	Otu102	Otu103	Otu104	Otu105	Otu106	Otu107
0.03	north1_all	80	4588	7772	5783	968	851	531	886	411	318	240	306	157	145	146	136	132	105	97	76	76	52	78	42	46	80	39	56	29	57	40	25	29	19	14	13	19	17	39	33	13	12	5	9	7	6	6	9	8	4	13	3	6	2	2	1	0	9	8	3	3	1	5	6	1	2	2	0	0	5	0	0	1	0	1	1	0	0	2	3	0	0	1	0	0	0	0	2	1	1	0	0	0	0	0	1	0	0	1	0	0	0	0	0	0	0	0	0	0
0.03	north1_active	80	1146	7041	5373	393	454	177	699	190	136	56	215	40	52	62	71	46	38	59	14	59	15	55	15	13	65	11	47	15	43	27	8	22	6	4	3	4	14	27	30	2	7	4	4	4	2	4	6	8	2	12	1	3	2	1	1	0	9	7	0	0	0	3	5	0	2	2	0	0	5	0	0	0	0	0	1	0	0	0	3	0	0	0	0	0	0	0	2	0	0	0	0	0	0	0	0	0	0	0	0	0	0	0	0	0	0	0	0	0
0.03	north2_all	80	4600	7243	5376	952	794	531	868	415	327	258	312	165	164	142	141	130	109	86	71	86	57	82	54	33	69	39	59	38	59	32	21	31	21	19	15	17	21	46	34	10	12	11	8	8	8	5	9	8	4	10	2	7	3	2	0	4	11	8	3	2	3	3	3	1	2	2	5	0	2	0	0	2	0	1	0	0	0	2	0	0	0	1	0	0	0	0	1	0	4	0	0	1	0	0	1	0	0	1	0	0	0	0	0	0	0	0	0	0
0.03	north2_active	80	1125	6517	4949	354	408	185	678	184	134	66	214	49	59	60	69	43	33	52	8	60	13	59	19	11	59	10	48	16	49	20	5	24	6	5	5	5	18	39	31	2	5	7	2	5	5	4	6	8	2	9	1	3	1	1	0	4	10	7	1	0	2	3	2	0	2	2	5	0	2	0	0	1	0	0	0	0	0	0	0	0	0	0	0	0	0	0	1	0	3	0	0	0	0	0	0	0	0	0	0	0	0	0	0	0	0	0	0	0
0.03	north3_all	80	4616	6660	5254	958	747	552	841	387	329	257	295	175	165	133	138	122	97	87	69	99	62	75	52	41	62	38	83	34	54	32	17	30	17	19	16	14	19	42	38	11	9	8	9	10	12	5	8	8	5	13	3	4	2	0	2	6	6	9	3	3	3	2	1	1	3	3	6	0	2	0	0	1	0	0	0	0	0	2	0	1	0	0	0	0	0	0	1	0	3	0	0	1	0	0	0	0	0	0	0	0	0	0	0	0	0	0	0	0
0.03	north3_active	80	1093	5945	4826	370	368	189	658	164	138	62	188	46	52	49	63	36	30	59	11	67	15	52	23	14	50	12	68	16	47	20	4	23	5	6	6	6	14	36	35	2	2	5	3	6	6	3	5	8	3	11	1	2	0	0	0	6	4	8	1	0	2	1	1	0	2	3	6	0	2	0	0	1	0	0	0	0	0	0	0	1	0	0	0	0	0	0	1	0	3	0	0	0	0	0	0	0	0	0	0	0	0	0	0	0	0	0	0	0
0.03	north4_all	80	4600	7036	5250	974	743	518	901	416	342	259	290	189	176	143	129	122	95	85	56	93	60	82	57	39	80	37	95	32	47	25	19	27	23	22	14	9	15	30	34	6	11	11	9	16	11	5	7	6	4	5	4	1	4	0	4	8	25	8	2	2	2	1	0	1	1	1	6	0	0	0	0	1	0	0	0	0	0	1	0	1	0	1	0	0	0	0	0	0	3	0	0	1	0	0	0	0	0	0	0	0	0	0	0	0	0	0	0	0
0.03	north4_active	80	1105	6307	4803	360	364	176	710	186	143	61	174	54	53	51	54	27	26	53	11	58	17	55	20	12	70	15	75	15	39	12	5	21	6	4	4	4	11	26	31	1	2	7	4	11	5	3	4	4	4	4	0	0	1	0	0	8	23	7	1	0	2	0	0	0	0	1	6	0	0	0	0	1	0	0	0	0	0	0	0	1	0	1	0	0	0	0	0	0	3	0	0	0	0	0	0	0	0	0	0	0	0	0	0	0	0	0	0	0
0.03	north5_all	80	4584	7795	5607	992	812	540	875	389	342	272	272	175	162	159	131	109	99	93	60	64	68	76	57	46	86	37	80	32	53	26	23	17	19	17	11	8	25	20	30	6	7	8	7	16	9	5	6	4	2	5	5	1	2	0	5	8	26	8	1	1	0	3	0	0	1	2	2	0	0	0	0	0	1	0	0	0	1	0	2	1	2	2	0	0	0	0	0	0	0	0	0	1	0	4	0	0	1	1	0	0	0	0	0	0	0	0	0	0
0.03	north5_active	80	1116	7089	5167	365	398	184	706	177	146	60	166	57	51	59	54	26	23	58	13	39	30	53	24	16	76	13	65	18	44	13	6	13	5	2	3	4	21	16	28	1	2	6	4	12	3	2	4	2	2	4	1	0	1	0	1	8	25	8	1	0	0	1	0	0	0	2	2	0	0	0	0	0	1	0	0	0	0	0	2	1	2	2	0	0	0	0	0	0	0	0	0	0	0	0	0	0	0	1	0	0	0	0	0	0	0	0	0	0
0.03	north6_all	80	4601	8441	5782	1031	827	511	898	386	350	278	296	166	161	165	123	104	98	92	64	74	63	79	66	44	98	36	66	24	60	26	25	24	22	18	11	9	28	19	44	4	10	17	7	15	10	6	7	7	2	6	4	1	3	2	8	9	29	8	1	1	0	2	3	0	0	2	1	0	1	3	0	0	3	0	0	0	1	0	2	1	2	2	0	1	0	0	0	0	0	0	0	0	0	4	0	2	1	1	0	0	0	0	0	0	0	0	0	0
0.03	north6_active	80	1129	7752	5367	389	411	182	734	186	166	56	200	52	58	66	52	25	29	51	19	43	27	53	27	16	84	13	55	15	47	13	7	20	7	3	3	4	26	15	43	0	6	12	4	13	3	3	4	5	2	6	1	0	1	1	4	9	29	8	0	0	0	1	3	0	0	2	1	0	1	3	0	0	3	0	0	0	0	0	2	1	2	2	0	0	0	0	0	0	0	0	0	0	0	0	0	2	0	1	0	0	0	0	0	0	0	0	0	0
0.03	north7_all	80	4527	8503	5831	1016	780	529	882	410	344	257	321	167	161	157	131	114	105	97	74	85	62	64	72	47	79	29	59	25	62	28	21	26	21	15	13	12	26	24	55	3	8	14	8	12	8	5	7	10	1	2	3	3	3	2	8	7	12	9	1	1	0	4	3	1	0	1	1	0	1	3	0	0	3	0	0	1	1	0	2	0	2	2	0	1	0	0	0	1	0	0	0	0	0	4	0	2	1	1	0	1	0	0	0	0	0	0	0	0
0.03	north7_active	80	1107	7844	5435	391	384	182	718	204	167	58	230	55	54	70	55	32	30	54	20	42	29	43	30	22	65	10	54	14	47	15	5	20	6	3	3	5	24	20	52	0	6	8	5	12	2	2	4	9	1	2	1	1	1	1	5	7	12	8	0	1	0	1	3	0	0	1	1	0	1	3	0	0	3	0	0	0	0	0	2	0	2	1	0	0	0	0	0	1	0	0	0	0	0	0	0	2	0	1	0	1	0	0	0	0	0	0	0	0
0.03	north8_all	80	4573	8097	5919	1044	762	549	943	421	341	254	318	171	151	156	134	110	102	109	68	95	50	58	69	49	78	30	56	29	51	32	21	31	20	18	12	14	25	25	63	3	7	14	6	12	8	6	7	12	1	7	1	3	2	4	5	11	6	8	1	1	0	3	3	2	0	1	0	0	1	3	1	0	2	0	2	1	0	0	0	0	0	1	0	1	0	0	0	1	0	0	0	0	0	4	0	2	1	1	0	1	0	0	0	0	0	0	0	2
0.03	north8_active	80	1130	7427	5508	410	372	192	780	212	174	62	229	48	47	72	52	31	32	66	17	46	20	35	29	22	60	8	50	13	42	16	5	19	5	3	2	5	23	18	59	2	7	6	2	11	2	4	3	12	1	6	0	1	1	2	4	10	5	7	0	1	0	1	3	1	0	1	0	0	1	3	1	0	2	0	2	0	0	0	0	0	0	0	0	0	0	0	0	1	0	0	0	0	0	0	0	2	0	1	0	1	0	0	0	0	0	0	0	2
0.03	north9_all	80	4539	7855	6087	1007	742	527	940	429	352	255	345	178	150	140	134	118	105	105	65	102	53	65	74	47	67	28	53	33	59	32	21	29	21	15	12	15	20	25	51	7	5	9	4	10	6	8	9	16	2	7	2	3	1	2	2	6	7	8	0	1	0	4	0	2	0	2	0	0	1	3	1	0	2	0	2	1	1	0	1	0	0	1	0	1	0	0	0	1	0	0	0	0	0	0	0	0	0	0	0	1	0	0	0	0	1	0	0	2
0.03	north9_active	80	1110	7160	5687	399	382	182	775	218	170	62	249	52	45	56	57	32	28	64	16	53	17	40	33	23	52	7	45	12	51	14	5	19	6	4	1	3	17	17	48	4	4	2	1	9	2	5	5	16	2	6	1	1	1	1	1	5	4	7	0	1	0	0	0	1	0	2	0	0	0	3	1	0	2	0	2	0	0	0	1	0	0	0	0	0	0	0	0	1	0	0	0	0	0	0	0	0	0	0	0	1	0	0	0	0	1	0	0	2
0.03	north10_all	80	4565	7641	6180	984	767	533	953	412	363	259	331	178	151	145	126	115	98	110	71	93	56	76	59	49	73	28	53	39	61	33	18	30	23	10	17	12	24	24	26	11	6	8	5	12	6	9	14	13	3	8	1	2	1	3	1	6	18	7	0	0	1	3	0	1	0	2	0	0	1	0	1	0	0	0	2	0	1	0	1	0	3	1	0	0	0	0	0	0	0	0	0	0	0	0	0	0	0	0	0	0	1	0	0	0	1	0	0	2
0.03	north10_active	80	1108	6932	5763	384	398	175	785	200	175	59	227	54	58	49	56	31	31	67	22	51	15	51	26	20	58	9	47	17	52	15	3	21	7	2	2	2	21	18	24	7	5	2	2	9	1	6	11	13	2	7	1	1	1	2	0	5	15	6	0	0	1	0	0	1	0	2	0	0	0	0	1	0	0	0	2	0	0	0	1	0	3	0	0	0	0	0	0	0	0	0	0	0	0	0	0	0	0	0	0	0	1	0	0	0	1	0	0	2
0.03	north11_all	80	4456	8013	5814	963	781	534	898	368	326	257	305	186	151	144	164	126	94	115	68	78	52	73	56	41	84	37	93	24	68	28	25	32	5	21	16	13	36	18	34	12	6	11	9	5	8	4	3	14	5	7	3	2	1	6	2	8	3	2	0	2	1	1	7	0	3	0	2	0	0	2	0	0	0	0	0	0	0	0	2	0	0	1	0	0	0	0	0	0	1	0	0	0	0	0	0	0	0	0	0	0	0	0	0	0	0	0	0	0
0.03	north11_active	80	1147	7337	5403	368	427	211	707	158	141	52	206	57	53	50	80	38	31	78	16	59	10	49	28	18	70	9	79	9	55	12	6	19	0	6	2	4	35	15	28	3	3	10	1	1	2	2	3	10	2	6	0	0	1	1	1	8	3	1	0	1	0	0	7	0	1	0	1	0	0	0	0	0	0	0	0	0	0	0	1	0	0	0	0	0	0	0	0	0	1	0	0	0	0	0	0	0	0	0	0	0	0	0	0	0	0	0	0	0
0.03	north12_all	80	4489	8190	6070	1011	778	544	897	386	305	264	340	186	148	138	166	113	90	97	51	96	63	61	41	44	83	36	75	31	70	24	16	33	16	16	15	14	39	20	28	10	7	20	7	6	7	3	9	14	3	9	4	4	0	6	1	11	3	5	0	2	1	2	4	0	3	1	2	0	0	1	0	1	0	0	0	0	0	0	1	0	0	0	0	0	0	0	0	0	2	0	0	1	0	0	0	0	0	0	0	0	0	0	0	0	0	0	0	0
0.03	north12_active	80	1135	7500	5687	385	426	201	716	166	124	67	230	50	51	49	84	35	34	66	13	63	16	40	24	17	65	8	61	14	58	11	3	21	4	6	1	2	36	18	23	1	2	17	2	1	1	0	6	11	1	8	0	1	0	2	0	11	3	3	0	1	0	1	4	0	1	0	1	0	0	0	0	0	0	0	0	0	0	0	0	0	0	0	0	0	0	0	0	0	1	0	0	0	0	0	0	0	0	0	0	0	0	0	0	0	0	0	0	0
0.03	north13_all	80	4473	8071	6267	996	788	559	911	406	321	251	342	186	152	134	143	110	80	100	59	85	58	70	43	42	70	34	72	34	72	18	22	37	16	21	15	12	32	20	31	8	10	13	7	7	2	7	9	12	4	8	5	5	2	6	0	16	4	4	0	2	0	2	6	1	3	1	2	0	1	1	0	1	0	0	0	0	0	0	1	0	0	0	0	0	0	0	0	0	2	0	0	1	0	0	0	0	0	0	0	0	0	0	0	0	0	0	0	0
0.03	north13_active	80	1118	7352	5879	384	415	214	731	174	137	66	227	59	55	45	69	34	30	63	19	53	11	50	28	15	54	7	59	16	60	7	5	24	5	6	2	3	30	18	26	2	4	10	3	2	0	3	6	9	3	7	0	1	0	1	0	16	4	2	0	1	0	1	6	0	1	0	1	0	1	0	0	0	0	0	0	0	0	0	1	0	0	0	0	0	0	0	0	0	1	0	0	0	0	0	0	0	0	0	0	0	0	0	0	0	0	0	0	0
0.03	north14_all	80	4437	8073	6469	1005	758	584	930	398	303	262	346	183	144	151	127	103	78	90	73	87	69	62	54	43	83	36	69	31	72	25	20	36	20	16	16	13	27	16	21	6	11	12	5	4	2	8	13	6	4	3	3	6	2	2	2	19	7	3	0	3	0	1	7	1	3	1	1	0	2	1	1	1	2	0	0	0	0	0	1	0	0	0	0	0	1	0	0	0	1	0	0	1	0	0	0	0	0	0	0	0	0	0	0	0	0	0	0	0
0.03	north14_active	80	1116	7338	6077	386	401	243	759	169	135	76	238	56	45	49	61	33	31	55	26	55	16	38	30	17	68	8	56	16	59	10	5	22	7	5	3	3	24	13	18	3	3	9	4	2	0	3	10	5	3	2	0	1	0	1	2	19	7	2	0	2	0	1	7	0	1	0	0	0	2	0	0	0	1	0	0	0	0	0	1	0	0	0	0	0	1	0	0	0	0	0	0	0	0	0	0	0	0	0	0	0	0	0	0	0	0	0	0	0
0.03	north15_all	80	4465	7791	6447	991	781	560	939	389	314	275	326	176	142	154	115	109	79	98	84	76	59	68	58	42	90	32	68	35	65	31	30	33	17	15	16	8	24	17	42	5	14	11	5	4	7	7	14	6	4	5	4	4	3	1	4	17	9	4	0	3	0	2	4	1	0	3	1	1	2	1	1	0	2	0	0	0	0	0	1	0	1	0	0	0	1	0	0	0	0	0	0	0	0	0	0	0	0	0	0	0	0	0	0	0	0	0	0	0
0.03	north15_active	80	1105	7087	6047	371	402	214	758	181	142	72	229	51	38	54	60	36	33	57	28	55	14	46	28	19	75	8	55	16	51	14	7	25	6	3	4	1	19	14	38	2	4	9	4	1	2	3	12	6	3	4	1	0	0	0	4	17	9	3	0	2	0	1	4	0	0	2	0	0	2	1	0	0	1	0	0	0	0	0	1	0	1	0	0	0	1	0	0	0	0	0	0	0	0	0	0	0	0	0	0	0	0	0	0	0	0	0	0	0
0.03	north16_all	80	4462	8169	6419	999	778	544	929	391	312	279	321	170	144	159	118	123	88	101	88	74	68	64	59	37	107	25	63	36	63	35	31	30	20	11	18	7	26	12	40	8	18	10	5	4	8	3	18	5	4	13	4	6	3	0	5	10	12	6	0	4	0	1	2	3	0	3	1	1	1	1	2	0	2	0	0	0	0	0	1	0	1	0	0	0	1	0	0	0	0	0	0	0	0	0	0	0	0	0	0	0	0	0	0	0	0	0	0	0
0.03	north16_active	80	1100	7492	6024	385	389	195	767	197	127	70	228	44	33	59	67	36	35	57	24	52	21	47	26	17	90	5	55	15	52	18	7	22	7	3	4	1	21	10	38	3	6	5	2	2	3	0	17	5	4	12	1	1	0	0	5	10	12	6	0	2	0	0	2	2	0	3	0	0	1	1	1	0	1	0	0	0	0	0	1	0	1	0	0	0	1	0	0	0	0	0	0	0	0	0	0	0	0	0	0	0	0	0	0	0	0	0	0	0
0.03	north17_all	80	4555	8355	6185	972	808	543	955	415	319	257	328	168	138	158	127	110	102	91	82	64	60	73	60	42	123	22	66	34	62	36	31	20	22	11	13	5	22	13	41	8	17	14	5	4	7	3	15	9	2	22	4	4	3	0	4	5	11	9	0	4	7	1	2	4	0	3	0	1	0	1	3	1	0	1	0	0	0	0	0	0	1	0	0	0	0	0	0	0	0	0	0	0	0	0	0	0	0	0	0	0	0	0	0	0	0	0	0	0
0.03	north17_active	80	1087	7673	5733	367	401	180	788	223	137	65	232	37	34	66	70	28	38	47	21	42	20	60	26	16	101	4	56	15	52	19	5	14	10	4	5	1	17	11	38	3	7	5	2	2	3	0	14	9	2	20	2	1	0	0	3	5	11	9	0	2	7	0	2	2	0	3	0	0	0	1	1	0	0	0	0	0	0	0	0	0	1	0	0	0	0	0	0	0	0	0	0	0	0	0	0	0	0	0	0	0	0	0	0	0	0	0	0	0
0.03	north18_all	80	4621	8453	6155	931	853	548	955	432	320	237	335	188	165	151	136	117	108	94	76	78	63	95	46	37	118	23	63	27	67	33	26	22	24	11	12	8	18	16	31	10	13	13	6	7	3	3	11	4	2	23	3	4	4	1	3	15	8	11	0	2	11	1	2	4	0	1	0	1	0	1	2	1	0	1	1	0	0	0	0	0	1	0	0	0	0	0	0	0	0	0	0	0	0	0	0	0	0	0	0	0	0	0	0	0	0	0	0	0
0.03	north18_active	80	1122	7790	5678	354	411	190	783	225	140	52	238	59	46	64	74	28	38	51	24	53	21	77	21	13	96	6	54	12	59	21	4	13	11	6	3	3	13	15	30	3	6	4	3	5	2	1	10	4	2	21	2	1	0	0	2	15	8	11	0	0	11	0	2	2	0	1	0	0	0	1	1	0	0	0	1	0	0	0	0	0	1	0	0	0	0	0	0	0	0	0	0	0	0	0	0	0	0	0	0	0	0	0	0	0	0	0	0	0
0.03	north19_all	80	4662	8264	6062	948	833	556	905	433	319	236	346	194	165	145	133	96	111	92	75	87	59	95	48	48	113	26	70	21	61	30	26	21	21	10	16	9	15	18	18	7	9	10	7	11	4	2	5	7	3	14	3	3	3	1	3	12	4	6	2	1	12	1	2	1	0	0	0	1	0	0	1	1	1	1	1	0	0	0	0	1	0	0	0	0	0	0	0	0	0	0	0	0	0	0	0	0	0	0	0	0	0	0	0	0	0	0	0	0
0.03	north19_active	80	1157	7597	5573	358	402	199	716	213	150	55	246	61	51	57	64	27	37	50	25	61	16	74	23	18	93	7	62	6	51	19	2	15	11	5	6	5	13	15	16	2	6	5	2	9	1	1	5	7	1	13	2	0	0	0	0	12	2	6	1	0	11	0	2	0	0	0	0	0	0	0	0	0	1	0	1	0	0	0	0	0	0	0	0	0	0	0	0	0	0	0	0	0	0	0	0	0	0	0	0	0	0	0	0	0	0	0	0	0
0.03	north20_all	80	4609	8303	6008	948	813	544	839	426	320	242	290	187	157	149	131	112	112	94	74	96	57	96	38	47	85	32	64	24	56	32	21	25	18	9	16	11	29	22	19	5	5	7	5	11	4	1	7	12	4	2	1	4	4	1	2	15	4	5	2	0	6	2	3	2	0	0	1	1	1	0	0	1	1	1	1	1	0	0	0	1	0	0	0	0	0	0	0	0	0	1	0	0	0	0	0	0	0	1	0	0	0	0	0	0	0	1	0	0
0.03	north20_active	80	1155	7647	5565	361	402	212	651	191	151	61	206	63	45	52	60	35	38	50	23	68	13	78	20	18	68	7	54	11	46	20	3	17	9	4	5	6	24	17	17	2	3	4	1	10	1	1	6	11	1	2	1	0	0	0	0	15	1	5	1	0	5	1	3	0	0	0	0	0	1	0	0	0	1	0	1	0	0	0	0	0	0	0	0	0	0	0	0	0	0	0	0	0	0	0	0	0	0	0	0	0	0	0	0	0	0	0	0	0
0.03	south21_all	80	5813	2223	1417	2599	2037	864	536	361	282	283	183	266	152	180	273	134	112	76	75	120	73	83	44	57	67	79	27	74	24	20	17	27	32	25	8	13	12	8	11	30	8	8	4	10	6	10	16	4	8	3	9	4	1	3	9	3	1	1	2	2	2	4	1	1	0	1	3	1	2	7	0	0	1	0	1	0	1	0	1	0	0	0	0	0	1	0	0	0	0	0	0	0	0	0	0	0	0	0	0	0	0	0	0	1	0	0	0	0
0.03	south21_active	80	3442	494	597	2262	1797	638	259	108	84	156	77	181	43	103	235	70	70	34	23	99	41	50	9	31	51	67	13	60	9	5	5	21	18	14	1	7	6	2	6	26	6	1	1	3	2	5	15	1	3	3	8	2	1	1	9	2	1	0	0	1	0	3	1	0	0	0	3	1	2	7	0	0	0	0	0	0	1	0	0	0	0	0	0	0	1	0	0	0	0	0	0	0	0	0	0	0	0	0	0	0	0	0	0	0	0	0	0	0
0.03	south22_all	80	5782	2206	1441	2572	2008	823	517	343	292	303	187	262	150	169	286	132	121	88	79	132	75	70	45	45	65	71	33	72	23	22	21	29	32	24	10	16	10	10	15	38	8	7	7	9	5	13	17	5	6	3	15	5	3	2	8	7	5	2	2	2	3	1	1	1	0	1	3	1	2	6	0	0	0	0	1	0	0	0	1	1	0	0	0	0	0	0	0	0	0	0	0	0	0	0	0	0	0	0	0	0	0	0	0	1	0	0	0	0
0.03	south22_active	80	3415	501	606	2225	1763	599	244	95	84	165	86	188	45	102	243	70	74	43	24	108	47	44	9	22	54	56	13	64	4	7	4	21	19	12	4	10	7	5	9	33	7	1	3	2	1	7	15	1	2	2	13	2	2	2	7	6	4	0	0	1	0	1	1	0	0	0	3	1	2	6	0	0	0	0	0	0	0	0	0	0	0	0	0	0	0	0	0	0	0	0	0	0	0	0	0	0	0	0	0	0	0	0	0	0	0	0	0	0
0.03	south23_all	80	5743	2207	1453	2647	2000	842	499	361	265	298	223	282	137	193	260	120	129	101	85	122	84	71	48	41	69	57	29	72	20	26	19	29	28	20	15	20	11	11	11	41	9	10	12	9	9	9	24	4	8	1	15	4	3	2	8	6	6	1	4	2	2	1	0	1	0	1	3	1	2	5	0	0	0	0	0	1	0	0	1	1	0	0	0	1	0	0	0	0	0	0	0	2	0	0	0	0	0	0	0	0	0	0	0	1	0	0	0	0
0.03	south23_active	80	3394	552	621	2318	1748	638	242	101	73	164	93	215	46	118	225	62	76	60	22	99	56	41	12	20	57	37	9	63	4	5	3	20	17	8	7	11	7	7	7	36	7	3	3	2	3	7	21	0	5	0	13	1	2	2	7	6	5	0	0	1	0	1	0	1	0	0	2	1	2	5	0	0	0	0	0	1	0	0	0	0	0	0	0	1	0	0	0	0	0	0	0	2	0	0	0	0	0	0	0	0	0	0	0	0	0	0	0	0
0.03	south24_all	80	5753	2149	1427	2687	1825	901	487	365	275	312	230	303	147	225	287	113	117	101	105	115	82	65	52	44	70	71	34	59	21	24	22	28	24	20	24	19	14	12	14	37	8	15	15	6	8	8	10	4	8	3	12	3	12	3	8	8	6	1	2	2	4	1	0	1	0	0	2	1	0	4	1	0	0	0	0	1	0	0	0	1	0	0	0	1	0	0	0	0	0	0	2	2	0	0	0	0	0	0	0	0	0	0	0	0	0	0	0	0
0.03	south24_active	80	3448	538	596	2386	1584	683	229	113	73	174	88	241	47	150	244	55	68	56	30	92	57	39	14	19	58	52	14	51	4	5	3	21	14	7	10	13	11	7	10	34	6	6	4	1	3	5	8	0	7	1	10	1	10	3	7	8	5	0	0	1	0	1	0	1	0	0	1	1	0	4	1	0	0	0	0	1	0	0	0	0	0	0	0	1	0	0	0	0	0	0	2	2	0	0	0	0	0	0	0	0	0	0	0	0	0	0	0	0
0.03	south25_all	80	6021	2159	1406	3211	2205	1033	508	390	282	310	244	312	147	246	323	111	106	96	98	142	92	63	58	51	75	101	38	77	18	23	23	29	26	15	23	19	11	13	21	34	8	14	16	4	8	10	21	3	6	3	3	4	19	3	16	6	3	0	2	3	4	1	0	1	0	1	2	0	0	5	1	0	0	1	1	1	0	0	0	1	0	0	0	1	0	0	0	0	0	1	2	2	0	0	0	0	0	0	0	0	0	0	0	0	0	0	0	0
0.03	south25_active	80	3713	544	633	2911	1972	811	252	132	92	181	101	261	49	164	280	46	69	59	26	119	66	42	14	25	64	82	18	69	8	5	4	23	19	6	9	14	10	8	17	32	5	6	4	1	2	7	18	0	5	2	2	1	15	3	13	5	3	0	0	2	0	1	0	1	0	0	1	0	0	4	1	0	0	1	0	1	0	0	0	0	0	0	0	1	0	0	0	0	0	0	2	2	0	0	0	0	0	0	0	0	0	0	0	0	0	0	0	0
0.03	south26_all	80	6336	2153	1394	3685	2617	1135	527	364	286	326	237	365	153	244	346	118	105	91	99	142	96	66	52	54	94	114	39	74	21	18	28	30	25	14	21	15	12	12	29	34	11	12	7	4	8	7	23	2	6	5	5	3	20	3	18	5	0	0	0	3	3	0	0	2	1	1	5	2	0	5	3	0	0	2	1	0	1	0	0	0	0	0	0	0	0	0	0	0	0	1	2	2	0	0	0	0	0	0	0	0	0	0	0	0	0	0	0	0
0.03	south26_active	80	4058	570	651	3370	2395	895	264	127	97	200	99	299	51	167	300	51	67	56	23	118	73	50	11	29	84	101	20	65	9	5	4	25	19	5	11	12	11	6	23	34	9	6	2	1	3	4	20	1	4	4	3	1	17	1	16	4	0	0	0	2	0	0	0	1	1	0	5	2	0	4	2	0	0	1	0	0	0	0	0	0	0	0	0	0	0	0	0	0	0	0	2	2	0	0	0	0	0	0	0	0	0	0	0	0	0	0	0	0
0.03	south27_all	80	6515	2150	1457	3918	3076	1181	559	376	302	372	250	387	151	222	374	102	119	92	96	145	99	67	50	62	94	134	44	92	24	16	30	40	15	15	20	14	10	10	28	29	10	9	6	8	8	11	22	2	7	7	8	2	10	2	16	5	0	0	0	3	1	0	0	2	1	1	14	2	0	4	3	0	0	2	1	2	1	0	0	0	0	0	0	0	0	0	0	0	0	1	0	0	0	0	0	0	0	0	0	0	0	0	0	0	0	0	0	0
0.03	south27_active	80	4346	613	728	3614	2848	959	304	138	106	245	121	318	48	158	325	45	77	58	23	118	74	52	8	39	86	123	25	85	10	3	5	36	11	6	10	11	9	5	23	28	9	5	2	2	2	7	18	1	4	4	6	0	8	0	14	4	0	0	0	3	0	0	0	1	1	0	13	2	0	3	2	0	0	1	0	2	0	0	0	0	0	0	0	0	0	0	0	0	0	0	0	0	0	0	0	0	0	0	0	0	0	0	0	0	0	0	0	0
0.03	south28_all	80	6518	2199	1467	3982	3099	1179	530	372	314	348	256	395	153	187	370	108	121	99	91	143	98	78	46	48	85	146	47	114	29	22	30	50	12	12	14	21	8	14	31	30	13	5	7	6	14	9	25	4	5	5	8	3	8	3	13	3	1	0	1	2	2	0	1	3	1	1	14	2	0	4	2	0	0	1	1	3	1	0	0	0	0	0	0	0	0	0	0	0	0	0	0	0	0	0	0	0	0	0	0	0	0	0	0	0	0	0	0	0
0.03	south28_active	80	4387	637	748	3670	2869	953	292	133	111	232	128	324	55	120	317	55	79	60	25	119	77	58	9	30	77	139	29	103	13	4	4	44	10	5	9	15	6	6	27	29	10	2	2	1	4	6	21	2	3	3	7	2	8	1	13	3	0	0	1	1	0	0	0	2	1	0	13	2	0	3	1	0	0	0	0	3	0	0	0	0	0	0	0	0	0	0	0	0	0	0	0	0	0	0	0	0	0	0	0	0	0	0	0	0	0	0	0	0
0.03	south29_all	80	6624	2131	1517	3934	3027	1190	514	378	296	351	250	372	132	192	393	98	132	107	84	149	89	79	46	50	88	134	45	125	27	17	24	40	13	10	13	26	21	11	24	26	12	5	5	6	13	6	21	5	7	5	8	3	12	1	18	2	2	1	1	2	1	0	1	3	0	2	9	4	0	0	1	1	0	0	1	3	1	0	0	0	0	0	0	0	0	0	0	0	0	0	0	0	0	0	0	0	0	0	0	0	0	0	0	0	0	0	0	0
0.03	south29_active	80	4488	609	762	3644	2797	969	271	120	100	221	126	311	47	127	350	59	88	60	23	128	70	55	11	33	77	129	29	113	10	4	3	35	10	3	6	18	16	6	19	25	8	2	1	1	3	4	18	3	5	2	7	2	11	1	18	2	0	0	1	1	0	0	0	2	0	0	8	4	0	0	1	1	0	0	0	3	0	0	0	0	0	0	0	0	0	0	0	0	0	0	0	0	0	0	0	0	0	0	0	0	0	0	0	0	0	0	0	0
0.03	south30_all	80	6719	2148	1452	3947	2933	1241	496	391	308	335	241	347	122	197	360	122	140	114	79	144	82	81	46	49	76	144	45	119	34	20	22	38	18	10	13	34	34	12	14	41	11	5	5	5	11	4	26	5	5	5	5	3	10	1	18	1	3	2	2	2	1	2	3	3	1	3	2	2	4	0	0	2	0	0	1	4	0	0	0	0	0	0	0	0	0	0	0	0	0	0	0	0	0	0	0	0	0	0	0	0	0	0	0	0	0	0	0	0
0.03	south30_active	80	4489	613	720	3656	2715	1021	259	124	106	209	116	289	44	131	315	72	97	60	25	125	67	56	16	34	67	137	29	103	12	8	3	32	14	5	9	24	27	7	11	39	7	2	2	1	3	2	23	3	4	1	4	2	9	1	17	1	1	0	1	0	0	2	0	2	1	0	0	2	4	0	0	1	0	0	0	4	0	0	0	0	0	0	0	0	0	0	0	0	0	0	0	0	0	0	0	0	0	0	0	0	0	0	0	0	0	0	0	0
0.03	south31_all	80	5771	2124	1407	2498	1966	951	500	394	281	325	223	254	169	203	314	110	128	104	96	106	85	53	48	49	68	86	28	82	25	21	20	23	18	21	9	15	15	6	19	28	17	3	10	7	6	5	12	2	6	3	5	4	2	3	8	6	3	1	1	1	0	8	3	0	0	0	1	0	1	0	0	1	2	0	0	1	1	0	0	0	0	1	0	0	1	0	0	0	0	0	0	0	0	0	0	0	0	0	0	0	0	0	2	0	0	0	1	0
0.03	south31_active	80	3398	515	575	2168	1734	716	248	108	102	171	86	185	59	129	260	42	75	51	21	76	49	27	6	33	55	73	12	72	8	2	3	19	11	14	3	13	10	3	13	26	13	1	3	0	4	2	11	0	5	1	5	1	2	0	7	6	2	0	0	0	0	8	1	0	0	0	1	0	1	0	0	0	2	0	0	1	0	0	0	0	0	1	0	0	0	0	0	0	0	0	0	0	0	0	0	0	0	0	0	0	0	0	2	0	0	0	0	0
0.03	south32_all	80	5753	2179	1406	2505	1933	853	488	401	279	310	223	278	166	194	326	117	140	98	81	116	84	49	47	38	67	96	31	116	23	22	25	25	18	13	11	17	20	8	17	28	18	6	8	8	9	5	20	2	10	4	7	5	1	4	7	5	3	0	1	0	0	6	3	0	0	0	2	1	2	0	0	0	5	0	0	1	1	0	0	0	0	1	0	0	1	1	0	0	0	0	0	0	0	0	0	0	0	0	0	0	0	1	2	0	0	0	1	0
0.03	south32_active	80	3424	521	585	2174	1679	644	236	113	98	165	78	203	55	121	275	46	88	47	17	84	43	24	10	25	53	82	16	109	5	2	5	24	13	10	6	11	12	5	12	23	14	3	2	1	4	3	17	0	7	2	7	1	1	0	7	5	3	0	0	0	0	6	0	0	0	0	0	0	2	0	0	0	5	0	0	1	0	0	0	0	0	1	0	0	0	0	0	0	0	0	0	0	0	0	0	0	0	0	0	0	0	0	2	0	0	0	0	0
0.03	south33_all	80	5782	2197	1390	2468	1901	908	499	386	300	317	241	242	152	204	353	107	154	91	87	152	87	55	49	38	65	110	34	104	20	22	24	29	13	19	12	20	21	11	19	20	8	8	6	4	8	4	21	2	6	5	2	4	6	4	4	7	3	0	1	0	0	0	2	0	1	0	6	1	2	0	2	0	3	0	0	0	0	0	0	0	0	1	0	0	0	1	0	0	0	0	0	0	2	0	0	0	0	0	0	0	0	1	2	0	0	0	1	0
0.03	south33_active	80	3407	522	587	2135	1615	677	246	123	100	165	81	170	46	131	293	46	104	44	16	120	47	31	9	22	47	93	18	96	6	3	6	27	12	12	8	14	13	6	16	17	5	3	3	1	4	3	18	0	3	1	2	2	5	0	4	7	3	0	0	0	0	0	1	0	0	0	3	0	2	0	2	0	3	0	0	0	0	0	0	0	0	1	0	0	0	0	0	0	0	0	0	0	2	0	0	0	0	0	0	0	0	0	2	0	0	0	0	0
0.03	south34_all	80	5862	2154	1422	2755	2002	915	511	382	312	309	243	283	161	233	329	117	154	94	74	147	77	50	41	44	82	104	30	107	23	27	28	28	10	17	14	23	24	13	15	40	12	8	7	4	6	4	13	3	8	5	5	3	6	4	3	4	1	1	1	0	0	3	2	0	1	1	6	1	3	0	2	0	3	2	0	0	0	0	0	0	1	0	0	1	0	1	0	0	0	0	0	0	2	0	0	0	0	0	0	0	0	1	2	0	0	0	1	0
0.03	south34_active	80	3512	497	612	2437	1723	702	249	123	95	167	82	207	46	156	270	57	114	45	17	118	38	32	10	29	58	90	18	100	6	4	6	23	9	11	9	14	16	8	12	37	6	3	4	1	1	2	10	0	3	1	4	1	5	0	3	4	1	1	1	0	0	2	1	0	0	0	3	0	3	0	2	0	3	1	0	0	0	0	0	0	0	0	0	0	0	0	0	0	0	0	0	0	2	0	0	0	0	0	0	0	0	0	2	0	0	0	0	0
0.03	south35_all	80	6009	2090	1437	3256	2316	1064	548	341	301	343	212	298	164	226	370	125	181	94	76	154	97	52	48	49	85	103	33	95	18	26	28	27	11	18	18	21	19	14	24	51	11	10	7	6	4	3	11	4	9	4	10	3	12	4	7	8	1	1	1	0	0	3	2	0	1	1	4	3	1	0	2	0	3	2	0	0	0	0	0	0	1	0	0	1	0	0	0	0	0	0	0	0	3	0	0	0	0	0	0	0	0	0	0	0	0	0	0	0
0.03	south35_active	80	3744	525	649	2945	2060	823	284	114	95	201	75	233	54	158	310	67	136	51	14	125	59	30	13	29	67	88	19	86	7	6	7	22	11	10	11	13	15	7	20	50	7	4	4	2	2	1	10	0	3	0	9	1	10	0	7	8	1	1	1	0	0	2	1	0	0	0	3	2	1	0	2	0	3	1	0	0	0	0	0	0	0	0	0	0	0	0	0	0	0	0	0	0	2	0	0	0	0	0	0	0	0	0	0	0	0	0	0	0
0.03	south36_all	80	6037	2136	1401	3586	2565	1100	541	328	310	360	212	335	176	225	372	129	164	91	74	133	88	59	57	55	95	103	39	88	20	24	23	37	13	12	15	18	26	14	24	44	12	9	6	5	5	2	5	5	8	2	12	3	6	3	9	7	1	1	2	0	0	4	2	0	0	1	0	2	1	0	0	1	0	2	0	0	0	0	0	0	1	0	1	1	0	0	0	0	0	0	0	0	1	0	0	0	1	0	1	0	0	0	0	0	0	0	0	0
0.03	south36_active	80	3820	555	667	3280	2320	875	280	115	99	216	85	255	59	156	325	66	121	49	17	108	55	32	20	33	79	94	22	78	6	6	6	30	12	6	9	12	19	7	17	43	8	4	3	2	2	0	5	0	2	0	11	1	5	0	8	7	1	1	1	0	0	3	1	0	0	0	0	2	1	0	0	1	0	1	0	0	0	0	0	0	0	0	1	0	0	0	0	0	0	0	0	0	0	0	0	0	0	0	1	0	0	0	0	0	0	0	0	0
0.03	south37_all	80	6050	2171	1426	3552	2651	1088	536	342	299	346	218	337	174	218	355	124	162	89	72	111	87	65	54	60	97	93	35	100	14	20	23	42	26	15	15	17	23	20	30	44	11	8	3	5	4	2	8	5	5	3	10	3	6	4	8	5	1	1	4	1	1	4	1	0	0	1	0	2	1	0	0	1	0	3	0	0	0	0	0	0	0	0	1	1	1	0	0	0	2	0	0	0	1	0	0	0	1	0	1	0	0	0	0	0	0	0	0	0
0.03	south37_active	80	3857	563	676	3253	2406	856	274	119	103	217	96	263	64	149	319	62	117	55	19	88	65	40	20	38	87	83	15	87	4	4	7	35	20	10	7	14	19	8	23	42	8	3	2	3	2	0	8	0	2	0	10	2	5	0	7	5	1	1	3	0	0	3	0	0	0	0	0	2	1	0	0	1	0	3	0	0	0	0	0	0	0	0	1	0	0	0	0	0	2	0	0	0	0	0	0	0	0	0	1	0	0	0	0	0	0	0	0	0
0.03	south38_all	80	5964	2217	1399	3123	2425	1015	492	333	290	307	214	341	152	195	329	115	141	88	73	115	80	67	51	57	88	78	42	82	15	20	21	33	30	20	16	16	17	15	23	29	11	15	5	3	4	2	7	4	5	4	5	5	2	1	13	2	1	0	3	1	1	2	1	0	0	0	0	2	0	0	0	1	0	3	0	0	2	0	0	0	0	1	1	0	1	0	0	0	2	0	0	0	0	1	0	0	1	0	1	0	0	0	0	0	0	0	0	0
0.03	south38_active	80	3686	546	636	2802	2173	785	235	116	99	190	93	250	48	130	299	60	95	48	16	92	62	41	18	39	76	67	14	69	3	3	6	22	23	12	7	13	12	4	17	27	9	7	3	2	2	0	7	0	2	0	5	3	0	0	12	2	1	0	2	0	0	2	0	0	0	0	0	2	0	0	0	1	0	3	0	0	1	0	0	0	0	0	1	0	0	0	0	0	2	0	0	0	0	0	0	0	0	0	1	0	0	0	0	0	0	0	0	0
0.03	south39_all	80	6001	2171	1388	2904	2339	952	488	335	273	301	232	344	145	178	273	134	133	84	62	128	78	75	46	55	81	66	40	81	22	21	20	23	29	21	17	16	12	17	24	32	10	10	2	2	2	3	12	4	3	6	5	5	6	2	6	8	0	1	4	1	2	2	1	3	0	0	1	0	0	0	0	0	0	4	0	0	2	0	0	0	0	1	0	1	1	1	0	0	2	0	0	0	0	1	0	0	1	0	0	0	0	0	0	0	0	0	0	0
0.03	south39_active	80	3661	512	593	2573	2071	717	242	106	94	166	98	255	44	107	239	69	83	43	14	99	63	49	8	43	65	55	11	71	7	3	7	11	21	11	11	13	10	7	18	30	9	5	1	1	0	0	12	0	3	1	4	4	5	1	6	8	0	0	3	0	0	1	0	1	0	0	0	0	0	0	0	0	0	3	0	0	1	0	0	0	0	0	0	0	0	1	0	0	2	0	0	0	0	0	0	0	0	0	0	0	0	0	0	0	0	0	0	0
0.03	south40_all	80	6068	2166	1356	2838	2292	976	484	347	280	317	234	343	156	202	326	122	142	86	65	127	85	64	41	62	65	75	43	80	27	22	25	24	29	25	18	15	15	15	24	30	7	13	7	3	3	7	10	4	3	6	9	3	6	2	5	9	1	1	2	1	2	2	0	4	1	0	2	0	0	0	0	0	0	1	0	0	2	0	0	0	0	1	0	1	1	1	0	0	0	0	0	0	0	1	0	0	0	0	0	0	0	0	0	0	0	0	0	0
0.03	south40_active	80	3719	505	570	2503	2042	735	238	99	89	185	98	260	48	141	283	62	91	34	15	97	66	35	7	46	47	63	14	72	7	2	6	13	22	11	12	12	11	7	15	29	5	8	3	1	2	1	9	0	3	1	8	2	5	1	5	8	1	0	1	1	0	1	0	1	1	0	1	0	0	0	0	0	0	0	0	0	1	0	0	0	0	0	0	0	0	1	0	0	0	0	0	0	0	0	0	0	0	0	0	0	0	0	0	0	0	0	0	0
