label	Group	numOtus	Otu0	Otu1	Otu2	Otu3	Otu4	Otu5	Otu6	Otu7	Otu8	Otu9	Otu10	Otu11	Otu12	Otu13	Otu14	Otu15	Otu16	Otu17	Otu18	Otu19	Otu20	Otu21	Otu22	Otu23	Otu24	Otu25	Otu26	Otu27	Otu28	Otu29	Otu30	Otu31	Otu32	Otu33	Otu34	Otu35	Otu36	Otu37	Otu38	Otu39	Otu40	Otu41	Otu42	Otu43	Otu44	Otu45	Otu46	Otu47	Otu48	Otu49	Otu50	Otu51	Otu52	Otu53	Otu54	Otu55	Otu56	Otu57	Otu58	Otu59	Otu60	Otu61	Otu62	Otu63	Otu64	Otu65	Otu66	Otu67	Otu68	Otu69	Otu70	Otu71	Otu72	Otu73	Otu74	Otu75	Otu76	Otu77	Otu78	Otu79	Otu80	Otu81	Otu82	Otu83	Otu84	Otu85	Otu86	Otu87	Otu88	Otu89	Otu90	Otu91	Otu92	Otu93	Otu94	Otu95	Otu96	Otu97	Otu98	Otu99	Otu100	Otu101	Otu102	Otu103	Otu104	Otu105	Otu106	Otu107	Otu108	Otu109	Otu110	Otu111	Otu112	Otu113	Otu114	Otu115	Otu116	Otu117	Otu118	Otu119	Otu120	Otu121	Otu122	Otu123	Otu124	Otu125	Otu126	Otu127	Otu128	Otu129	Otu130	Otu131	Otu132	Otu133	Otu134	Otu135	Otu136	Otu137	Otu138	Otu139	Otu140	Otu141	Otu142	Otu143	Otu144	Otu145	Otu146	Otu147	Otu148	Otu149	Otu150	Otu151	Otu152	Otu153	Otu154	Otu155	Otu156	Otu157	Otu158	Otu159	Otu160	Otu161	Otu162	Otu163
0.03	north1_all	80	5289	3034	1728	2805	848	918	2255	590	513	399	346	256	341	360	196	192	132	115	122	200	77	124	107	106	86	100	175	53	101	86	154	39	39	78	45	35	21	30	22	24	23	19	28	17	18	16	13	19	10	26	10	17	12	12	3	22	21	6	8	8	3	7	4	3	3	4	6	4	2	6	4	1	4	2	1	5	16	2	0	2	1	4	4	0	2	7	2	8	0	0	1	1	0	0	2	0	0	4	0	1	1	1	6	0	1	0	0	1	0	0	0	0	0	0	0	0	0	0	0	0	0	0	0	1	0	2	0	1	0	0	0	0	0	1	0	2	0	0	0	1	0	0	1	0	0	0	0	0	0	0	0	0	0	0	0	0	0	1	0	0	0	0	0	0
0.03	north1_active	80	2190	1784	931	2445	341	575	2097	341	320	221	96	116	242	286	53	124	39	44	45	169	30	69	56	70	37	65	159	21	77	56	140	13	14	63	32	18	6	16	6	10	11	4	22	3	14	9	1	8	5	19	2	9	4	4	1	18	19	4	5	4	1	5	2	1	1	2	4	0	1	2	2	0	2	2	1	4	15	1	0	1	0	4	1	0	1	3	0	6	0	0	1	1	0	0	2	0	0	4	0	1	0	0	6	0	1	0	0	0	0	0	0	0	0	0	0	0	0	0	0	0	0	0	0	0	0	2	0	0	0	0	0	0	0	1	0	2	0	0	0	1	0	0	0	0	0	0	0	0	0	0	0	0	0	0	0	0	0	0	0	0	0	0	0	0
0.03	north2_all	80	5343	3003	1751	2922	857	914	2209	587	537	414	319	277	370	342	175	205	136	121	128	193	82	114	112	106	86	97	163	45	100	77	137	46	37	74	41	45	24	26	21	33	25	25	26	16	17	21	18	20	14	21	8	17	14	12	4	34	21	4	7	11	3	6	4	4	2	4	7	3	3	4	5	1	4	2	0	5	16	2	1	2	0	2	4	2	1	7	0	18	0	1	3	1	1	0	2	1	2	5	0	1	0	1	0	0	1	0	1	1	0	0	0	1	0	0	0	0	1	0	1	0	0	0	0	0	0	0	0	1	0	0	0	0	0	1	0	2	0	0	0	1	0	0	2	0	0	0	0	0	0	0	0	0	0	0	0	0	0	0	0	0	1	1	0	0
0.03	north2_active	80	2213	1763	969	2547	334	592	2053	341	330	225	100	134	275	278	42	133	43	45	46	165	30	55	57	70	39	53	147	14	71	57	124	11	11	56	24	25	5	14	9	17	9	7	21	2	10	13	4	9	5	16	1	12	5	6	0	30	16	2	5	8	1	5	2	3	1	2	3	0	2	3	3	0	2	2	0	4	16	1	0	1	0	2	1	0	1	3	0	16	0	0	3	1	0	0	2	0	2	5	0	1	0	0	0	0	1	0	0	0	0	0	0	0	0	0	0	0	0	0	0	0	0	0	0	0	0	0	0	0	0	0	0	0	0	1	0	2	0	0	0	1	0	0	1	0	0	0	0	0	0	0	0	0	0	0	0	0	0	0	0	0	1	0	0	0
0.03	north3_all	80	5341	3020	1796	2883	832	936	2314	562	534	409	294	272	389	324	160	222	140	130	132	193	83	102	107	113	77	74	146	42	88	73	129	47	49	77	44	49	23	14	25	26	21	24	29	21	21	21	17	14	14	19	5	24	15	8	4	39	15	6	5	10	7	5	5	4	0	2	6	3	4	11	6	2	0	1	1	3	2	0	1	0	1	4	3	2	1	5	1	14	0	1	5	0	1	0	0	3	2	1	0	1	0	1	0	0	0	1	1	1	0	1	0	1	0	0	0	0	1	0	1	0	0	0	0	0	0	0	0	0	0	0	0	0	0	1	0	0	0	0	0	1	0	1	1	0	0	0	0	0	0	1	0	0	0	0	2	0	0	0	0	0	1	1	0	0
0.03	north3_active	80	2221	1732	1014	2502	321	604	2160	331	339	209	90	129	295	264	36	138	39	46	37	154	30	50	53	69	36	38	128	16	59	57	116	15	10	63	23	28	3	9	13	14	9	7	25	7	9	15	5	6	3	14	1	21	5	5	1	37	11	3	2	9	6	4	3	3	0	2	3	0	3	10	4	1	0	0	0	3	2	0	0	0	0	4	0	0	1	3	0	13	0	0	5	0	0	0	0	1	2	1	0	1	0	0	0	0	0	1	0	0	0	0	0	0	0	0	0	0	0	0	0	0	0	0	0	0	0	0	0	0	0	0	0	0	0	1	0	0	0	0	0	1	0	0	1	0	0	0	0	0	0	1	0	0	0	0	2	0	0	0	0	0	1	0	0	0
0.03	north4_all	80	5402	3041	1828	2998	814	959	2401	560	549	411	286	287	399	321	144	233	140	123	128	193	99	85	97	108	75	67	145	54	82	70	128	46	55	99	48	41	30	19	28	28	25	23	36	18	21	22	12	14	15	23	5	20	10	6	9	37	17	4	6	10	8	10	6	9	1	1	7	1	6	11	5	4	7	2	3	1	1	0	1	1	1	3	1	5	0	2	2	13	0	1	5	0	2	1	0	4	2	3	0	0	0	1	0	0	1	2	2	2	1	1	0	1	0	0	1	0	1	0	2	0	0	0	0	0	0	0	0	0	0	0	0	0	1	0	1	0	1	0	0	0	0	1	1	0	0	0	0	0	0	1	0	0	0	0	2	0	0	0	0	0	1	1	0	0
0.03	north4_active	80	2326	1726	1056	2620	313	614	2253	336	337	209	89	143	304	252	32	136	41	41	41	156	35	45	51	59	41	31	128	14	54	58	117	13	15	88	21	22	5	12	15	17	10	8	30	7	6	12	4	6	4	17	1	17	2	3	3	34	12	1	4	9	6	7	3	8	0	1	4	0	4	9	4	2	7	1	1	1	1	0	0	1	0	3	0	3	0	1	1	12	0	0	4	0	0	1	0	2	2	2	0	0	0	0	0	0	0	1	0	2	1	0	0	0	0	0	0	0	0	0	1	0	0	0	0	0	0	0	0	0	0	0	0	0	0	0	1	0	0	0	0	0	0	0	1	0	0	0	0	0	0	1	0	0	0	0	2	0	0	0	0	0	1	0	0	0
0.03	north5_all	80	5474	2999	1887	2908	830	944	2371	579	512	423	280	287	414	335	160	208	149	118	116	217	103	91	104	123	79	65	141	53	84	67	135	41	50	97	47	37	33	27	31	28	25	19	42	24	18	30	10	15	12	14	8	23	12	4	10	28	8	5	8	8	11	12	6	12	9	1	3	1	9	13	4	4	9	2	5	1	3	0	0	10	1	2	1	3	2	1	3	1	0	0	4	0	1	1	0	3	0	3	0	1	0	2	0	0	1	2	1	2	2	1	0	0	0	0	1	0	1	1	1	0	0	0	0	0	0	1	0	0	0	0	0	0	1	0	1	0	2	0	0	0	0	1	0	0	0	0	0	0	0	1	0	0	0	0	2	0	0	0	1	0	1	0	0	0
0.03	north5_active	80	2370	1699	1086	2535	330	614	2213	358	316	217	80	142	308	257	35	116	48	36	34	180	33	48	57	76	48	26	121	15	56	52	121	12	16	89	22	14	6	15	16	19	11	5	38	9	5	21	2	9	4	10	2	20	1	1	3	25	5	2	2	6	9	8	5	11	6	1	2	0	7	9	2	3	8	1	2	1	3	0	0	10	0	2	0	3	2	1	1	1	0	0	2	0	0	1	0	2	0	2	0	0	0	0	0	0	0	1	0	2	1	0	0	0	0	0	0	0	0	0	1	0	0	0	0	0	0	0	0	0	0	0	0	0	0	0	1	0	0	0	0	0	0	0	0	0	0	0	0	0	0	1	0	0	0	0	2	0	0	0	0	0	1	0	0	0
0.03	north6_all	80	5513	3006	1810	2912	828	919	2319	588	488	379	290	304	420	356	166	201	145	104	122	217	112	108	106	104	75	72	148	53	84	55	142	37	44	100	47	40	37	37	27	26	30	20	41	24	15	29	10	15	9	15	8	25	13	7	15	25	9	6	11	5	10	11	7	13	11	1	4	2	9	8	4	5	12	2	8	1	2	3	0	11	3	3	0	4	2	5	4	1	0	0	2	0	1	1	0	1	0	2	0	1	0	2	1	1	1	1	1	3	2	0	0	0	0	0	1	0	0	1	1	0	0	0	0	0	0	1	0	0	0	0	0	0	1	0	1	0	2	0	0	0	0	0	0	0	0	0	0	0	0	0	0	0	0	0	0	0	0	0	1	0	0	0	0	0
0.03	north6_active	80	2379	1737	1022	2571	346	612	2151	370	295	197	83	145	323	270	39	117	44	36	43	180	36	58	54	70	49	34	136	13	58	39	127	12	17	89	27	13	6	22	10	16	13	5	36	9	6	17	2	7	2	13	1	21	2	2	4	21	5	3	3	1	7	7	4	11	8	1	1	0	7	4	3	3	11	2	5	0	2	2	0	11	1	2	0	3	2	4	1	1	0	0	0	0	0	1	0	1	0	1	0	0	0	0	1	0	0	0	0	2	1	0	0	0	0	0	0	0	0	0	1	0	0	0	0	0	0	0	0	0	0	0	0	0	0	0	1	0	0	0	0	0	0	0	0	0	0	0	0	0	0	0	0	0	0	0	0	0	0	0	0	0	0	0	0	0
0.03	north7_all	80	5423	2991	1844	2847	859	938	2317	589	473	360	288	324	419	379	165	206	134	113	105	224	122	119	108	98	67	71	147	47	96	59	130	44	32	101	41	36	28	33	21	26	26	23	35	28	11	33	6	10	7	12	15	28	7	10	12	22	9	6	14	4	7	6	7	13	11	2	8	4	7	9	5	6	12	3	6	3	2	4	1	11	3	4	0	1	3	4	4	0	0	0	2	1	0	0	0	4	0	2	0	2	0	1	1	1	1	0	0	1	2	0	0	0	0	0	1	0	0	5	0	0	0	0	0	0	1	1	0	0	0	0	0	0	0	0	0	0	1	0	0	0	0	0	0	0	0	0	0	0	0	0	0	0	0	0	0	0	0	0	1	0	0	0	0	1
0.03	north7_active	80	2367	1732	1028	2484	357	637	2132	369	274	189	89	147	333	290	49	121	44	41	44	181	36	65	53	67	41	34	126	11	70	40	114	10	8	90	26	15	5	17	3	14	13	5	31	8	3	24	1	4	1	9	2	23	1	5	4	19	3	4	6	1	5	4	3	11	8	2	3	0	6	5	2	5	11	3	5	1	2	2	0	11	2	3	0	0	2	3	1	0	0	0	0	1	0	0	0	4	0	2	0	1	0	0	1	0	1	0	0	0	1	0	0	0	0	0	0	0	0	4	0	0	0	0	0	0	0	0	0	0	0	0	0	0	0	0	0	0	0	0	0	0	0	0	0	0	0	0	0	0	0	0	0	0	0	0	0	0	0	0	0	0	0	0	0	0
0.03	north8_all	80	5368	2976	1836	2841	851	956	2236	591	496	342	303	303	393	389	159	198	152	124	120	219	116	119	104	87	63	85	117	48	108	68	125	55	36	85	40	38	26	30	21	19	24	28	36	17	11	25	13	9	12	14	12	26	4	13	11	27	12	5	15	5	3	4	8	7	2	3	10	8	6	7	4	5	4	2	9	3	4	7	1	5	4	6	0	1	2	4	3	0	0	0	1	1	0	0	0	3	0	1	0	2	0	0	1	1	1	0	0	1	1	0	0	0	0	0	0	0	0	4	0	0	0	0	0	0	1	0	0	0	0	0	0	0	0	0	0	0	1	0	0	0	0	0	0	0	0	0	0	0	0	0	0	0	0	0	0	0	0	0	0	0	0	0	0	1
0.03	north8_active	80	2339	1758	1030	2483	344	657	2052	366	290	182	92	127	314	291	43	121	54	52	54	168	31	64	51	58	37	47	93	13	76	48	104	12	6	71	27	19	3	15	3	9	12	11	24	5	3	19	3	3	1	10	2	19	2	8	3	24	7	3	8	3	1	2	2	5	2	3	5	2	4	6	2	4	3	2	5	1	4	2	0	4	2	5	0	0	1	3	0	0	0	0	0	1	0	0	0	3	0	1	0	1	0	0	1	0	1	0	0	0	0	0	0	0	0	0	0	0	0	4	0	0	0	0	0	0	0	0	0	0	0	0	0	0	0	0	0	0	0	0	0	0	0	0	0	0	0	0	0	0	0	0	0	0	0	0	0	0	0	0	0	0	0	0	0	0
0.03	north9_all	80	5376	2882	1801	2804	855	978	2106	598	519	382	274	291	385	385	172	193	156	130	120	207	117	102	96	82	66	81	150	48	110	64	135	54	37	81	41	26	26	23	25	21	27	25	36	15	11	24	11	7	10	18	10	18	7	18	7	22	11	3	15	5	9	3	6	13	2	3	9	8	5	7	4	6	6	1	5	4	2	7	2	6	4	5	2	2	9	3	1	0	1	1	0	1	0	1	1	3	2	1	0	2	0	0	2	1	1	0	0	0	0	0	0	0	0	0	0	0	0	4	0	0	0	1	0	0	1	1	4	0	0	0	0	0	0	0	0	0	0	0	0	0	0	0	0	0	0	0	0	2	0	0	0	0	0	0	0	0	0	0	0	0	0	0	0	1
0.03	north9_active	80	2377	1693	1025	2422	344	665	1937	368	323	210	87	124	312	289	49	123	57	58	55	156	29	55	47	54	41	43	121	11	76	41	117	15	5	68	23	17	4	8	6	10	13	10	23	1	2	17	2	1	1	11	2	11	5	9	2	20	7	1	10	3	7	1	1	11	1	3	6	2	3	5	1	5	3	1	2	1	2	3	0	4	2	5	0	0	5	2	0	0	0	0	0	1	0	0	0	3	2	1	0	1	0	0	2	0	1	0	0	0	0	0	0	0	0	0	0	0	0	4	0	0	0	0	0	0	0	1	4	0	0	0	0	0	0	0	0	0	0	0	0	0	0	0	0	0	0	0	0	2	0	0	0	0	0	0	0	0	0	0	0	0	0	0	0	0
0.03	north10_all	80	5339	2880	1786	2859	850	954	2035	563	542	414	270	299	377	375	162	193	164	133	122	213	117	85	99	98	72	78	154	55	118	74	150	47	39	108	35	27	25	22	24	25	29	20	47	14	14	16	13	8	10	16	10	23	14	17	4	21	10	4	11	7	10	3	4	15	4	4	8	11	6	3	3	4	6	3	6	5	2	6	2	10	3	5	3	3	11	2	3	0	1	1	1	1	0	1	1	1	2	0	0	1	0	0	1	0	0	1	0	0	0	0	0	0	1	0	0	0	1	4	0	0	0	1	0	0	0	1	4	0	1	0	0	0	0	0	0	0	0	0	0	0	0	0	0	0	0	0	0	2	1	0	0	0	0	0	0	0	0	0	0	0	0	0	0	0
0.03	north10_active	80	2345	1722	1000	2468	353	624	1861	333	339	231	75	133	286	289	42	124	60	57	49	162	28	43	45	71	42	44	130	17	84	53	130	12	5	94	22	15	6	7	9	9	14	10	32	1	4	11	2	3	1	8	1	18	9	7	1	19	9	1	9	4	7	2	1	12	1	3	5	3	3	1	0	3	2	2	2	1	2	3	0	8	2	5	1	2	8	2	1	0	0	0	1	1	0	0	0	1	2	0	0	0	0	0	1	0	0	0	0	0	0	0	0	0	0	0	0	0	0	4	0	0	0	0	0	0	0	1	4	0	0	0	0	0	0	0	0	0	0	0	0	0	0	0	0	0	0	0	0	2	1	0	0	0	0	0	0	0	0	0	0	0	0	0	0	0
0.03	north11_all	80	5190	3001	1905	2930	857	868	2236	613	461	399	312	275	352	367	175	202	144	123	143	216	100	102	72	99	89	81	137	51	63	59	121	36	46	88	48	36	18	28	28	26	17	19	47	20	16	21	9	16	15	13	13	20	8	11	6	52	13	9	10	6	4	10	3	5	1	7	15	6	7	15	3	5	2	3	5	4	2	0	5	2	2	2	3	0	5	3	0	2	0	2	13	3	3	0	2	2	2	4	1	1	0	0	2	0	1	0	1	2	2	0	1	1	1	0	0	0	0	0	0	0	0	1	1	0	0	0	0	0	0	0	0	0	0	0	0	0	0	0	0	0	0	0	0	0	0	0	0	0	0	0	0	0	1	0	0	0	0	0	0	0	0	0	0	0
0.03	north11_active	80	2229	1748	1109	2522	336	537	2092	350	244	227	91	121	246	274	52	120	46	45	45	174	36	62	33	62	46	49	114	16	41	34	108	10	15	83	29	23	2	9	9	12	5	5	41	6	8	9	2	7	2	9	5	15	5	2	1	46	11	5	4	3	3	9	1	1	0	2	8	2	6	7	2	1	1	0	5	2	2	0	1	2	0	1	2	0	3	3	0	2	0	1	13	3	0	0	2	2	0	4	0	0	0	0	2	0	0	0	1	1	0	0	0	1	0	0	0	0	0	0	0	0	0	1	0	0	0	0	0	0	0	0	0	0	0	0	0	0	0	0	0	0	0	0	0	0	0	0	0	0	0	0	0	0	1	0	0	0	0	0	0	0	0	0	0	0
0.03	north12_all	80	5290	3050	1902	2928	827	883	2182	600	494	376	304	265	365	406	175	203	152	127	138	199	108	98	80	115	84	93	140	53	78	68	119	31	50	77	46	34	23	20	26	27	21	16	37	21	24	23	9	14	12	14	8	21	6	15	5	53	15	6	6	7	4	10	2	8	2	6	15	5	7	6	4	4	3	3	7	3	8	0	6	3	2	3	2	1	4	2	0	1	0	0	19	1	3	0	1	2	1	4	1	0	0	0	2	0	1	0	1	1	2	0	1	1	0	0	0	0	0	0	0	0	0	0	0	0	0	0	0	0	0	0	0	0	0	0	0	0	0	0	0	0	0	0	0	0	0	0	0	0	0	0	0	1	0	0	0	0	0	0	0	0	0	0	0	0
0.03	north12_active	80	2287	1820	1110	2512	327	562	2031	328	274	203	89	121	257	317	44	130	54	47	48	161	38	60	40	74	40	63	113	13	52	42	101	9	18	73	28	18	4	8	8	10	6	3	34	8	12	13	3	6	2	10	2	15	4	2	2	49	11	3	3	6	2	9	1	3	0	1	8	1	7	3	2	2	3	0	7	1	4	0	2	3	0	1	1	1	2	2	0	1	0	0	19	1	0	0	1	2	0	4	0	0	0	0	2	0	0	0	1	1	0	0	0	1	0	0	0	0	0	0	0	0	0	0	0	0	0	0	0	0	0	0	0	0	0	0	0	0	0	0	0	0	0	0	0	0	0	0	0	0	0	0	0	0	0	0	0	0	0	0	0	0	0	0	0	0
0.03	north13_all	80	5276	3008	1867	2832	812	886	2198	587	532	372	288	247	378	391	169	216	136	124	142	205	122	110	97	135	79	85	137	67	67	80	115	36	45	50	43	32	19	22	29	22	20	18	31	20	19	15	7	16	10	16	4	16	4	8	7	46	9	6	4	9	5	8	3	7	3	3	15	4	8	5	3	3	3	5	5	2	8	2	3	2	1	6	2	2	1	2	0	1	0	0	17	2	2	0	0	2	1	4	1	0	0	0	2	1	1	0	0	1	1	0	0	2	0	0	0	0	0	0	0	0	0	0	0	0	0	0	0	0	0	0	0	1	0	0	0	0	0	0	0	0	0	0	0	0	0	0	0	0	0	0	0	1	0	0	0	0	0	0	0	0	0	0	0	0
0.03	north13_active	80	2257	1821	1064	2442	311	579	2044	322	299	204	84	112	266	306	50	135	50	49	50	166	41	62	50	95	36	55	111	18	44	50	102	12	14	44	24	14	2	11	8	8	6	3	28	10	6	10	4	6	5	12	1	11	2	2	2	41	6	3	2	7	2	5	2	4	1	1	9	1	8	3	1	1	3	2	5	1	4	2	1	2	0	5	1	2	0	2	0	1	0	0	16	2	0	0	0	2	0	4	0	0	0	0	2	1	0	0	0	1	0	0	0	2	0	0	0	0	0	0	0	0	0	0	0	0	0	0	0	0	0	0	0	1	0	0	0	0	0	0	0	0	0	0	0	0	0	0	0	0	0	0	0	0	0	0	0	0	0	0	0	0	0	0	0	0
0.03	north14_all	80	5361	2894	1846	2537	827	859	1979	573	513	359	275	232	370	367	185	188	128	134	148	185	126	114	108	120	74	88	109	68	76	71	120	35	45	51	40	29	33	23	33	21	13	16	36	20	22	19	7	15	8	13	3	20	3	6	13	19	8	6	4	8	9	8	9	7	5	3	9	2	4	5	3	4	3	5	4	0	7	3	2	1	1	7	1	2	0	1	0	1	0	3	7	3	1	0	0	0	0	0	0	0	0	1	0	1	1	0	0	0	1	0	0	1	0	0	0	0	0	0	0	0	0	0	0	0	0	0	0	0	0	0	0	1	0	1	0	0	0	0	0	0	0	0	0	0	0	0	0	0	0	0	0	1	0	0	0	0	0	0	0	0	0	0	0	0
0.03	north14_active	80	2163	1657	1004	2122	297	550	1798	303	291	190	73	101	262	290	59	116	49	54	44	152	41	61	62	83	35	57	87	20	55	48	103	11	14	44	18	12	4	8	7	7	1	3	29	11	8	13	4	4	5	11	1	15	0	0	3	14	4	2	1	4	5	4	3	4	2	2	8	1	3	1	1	2	2	2	4	0	3	3	1	1	0	6	1	2	0	1	0	1	0	1	6	2	0	0	0	0	0	0	0	0	0	1	0	1	1	0	0	0	0	0	0	1	0	0	0	0	0	0	0	0	0	0	0	0	0	0	0	0	0	0	0	1	0	0	0	0	0	0	0	0	0	0	0	0	0	0	0	0	0	0	0	0	0	0	0	0	0	0	0	0	0	0	0	0
0.03	north15_all	80	5431	2796	1798	2405	835	814	1920	548	496	373	280	256	318	328	178	191	140	143	134	198	112	107	112	103	72	77	113	63	79	72	112	34	45	58	31	23	33	26	41	21	15	14	43	25	22	20	10	11	13	17	4	16	4	3	15	15	7	7	5	8	7	9	12	1	10	3	9	3	3	5	3	2	1	3	2	0	2	3	2	4	3	11	1	2	0	0	0	1	1	3	1	2	0	0	4	1	0	0	0	0	0	1	0	1	1	0	0	0	0	0	0	1	0	0	0	0	0	0	0	0	0	0	0	0	0	0	0	0	0	0	0	1	0	1	0	0	0	0	0	0	0	1	0	0	0	0	0	0	0	0	0	1	0	0	0	0	0	0	0	0	0	0	0	0
0.03	north15_active	80	2153	1565	903	1978	294	508	1737	284	269	198	75	115	227	243	53	113	46	51	41	153	34	48	63	72	32	42	95	21	64	50	100	9	13	52	13	11	4	8	8	6	2	4	36	10	8	9	5	1	8	17	1	13	0	2	4	12	3	1	3	2	5	5	3	1	7	1	8	1	2	0	0	1	0	2	1	0	1	3	1	4	1	10	1	2	0	0	0	1	0	1	0	1	0	0	1	1	0	0	0	0	0	1	0	1	1	0	0	0	0	0	0	1	0	0	0	0	0	0	0	0	0	0	0	0	0	0	0	0	0	0	0	1	0	0	0	0	0	0	0	0	0	0	0	0	0	0	0	0	0	0	0	0	0	0	0	0	0	0	0	0	0	0	0	0
0.03	north16_all	80	5373	2798	1878	2474	859	789	1912	535	456	366	299	260	326	305	193	190	140	134	124	193	98	110	101	88	71	89	127	56	81	65	101	30	37	82	35	30	32	25	46	20	23	13	49	26	16	15	10	6	11	20	5	18	7	6	17	12	5	10	9	8	12	12	11	2	12	4	7	3	3	3	5	2	1	3	1	0	1	4	0	5	3	8	1	1	1	1	0	1	1	3	0	3	0	0	5	1	0	0	0	0	0	1	0	0	1	0	0	0	0	0	0	0	0	1	0	0	0	1	0	0	0	0	0	0	0	0	0	0	0	0	0	0	0	1	0	0	0	0	0	0	0	1	0	0	0	0	0	0	0	0	0	0	0	0	0	0	0	0	0	0	0	0	0	0
0.03	north16_active	80	2181	1548	956	2015	296	480	1714	267	242	194	77	111	225	223	52	109	39	43	32	147	29	54	52	56	30	57	109	20	62	46	90	6	11	73	16	14	4	6	12	8	8	5	41	6	8	5	3	1	4	17	1	12	0	3	5	10	2	1	3	2	11	9	2	2	9	2	4	1	1	0	0	1	0	2	0	0	1	3	0	5	1	6	1	1	0	1	0	1	0	1	0	2	0	0	2	1	0	0	0	0	0	1	0	0	1	0	0	0	0	0	0	0	0	1	0	0	0	1	0	0	0	0	0	0	0	0	0	0	0	0	0	0	0	0	0	0	0	0	0	0	0	0	0	0	0	0	0	0	0	0	0	0	0	0	0	0	0	0	0	0	0	0	0	0
0.03	north17_all	80	5343	2897	1885	2783	906	853	2187	567	478	361	318	285	349	329	195	212	144	134	118	185	103	110	88	110	73	96	143	51	85	77	127	34	42	62	33	38	23	23	41	18	26	14	48	27	21	14	10	5	12	25	6	16	7	10	12	9	9	8	9	5	11	9	7	4	13	5	6	2	5	1	6	4	0	4	1	0	2	3	0	9	3	7	0	2	1	3	0	2	1	2	0	1	0	0	5	4	0	0	0	1	0	1	0	1	1	0	0	0	1	0	0	0	0	2	0	0	0	1	0	0	0	0	0	0	0	0	0	0	0	0	0	0	0	0	0	0	0	0	0	0	0	1	0	0	0	0	0	0	0	0	0	0	0	0	0	0	0	0	0	0	0	0	0	0
0.03	north17_active	80	2266	1650	1006	2332	328	544	1992	307	285	185	79	119	252	242	44	128	33	42	33	140	32	59	47	72	31	61	122	16	68	55	114	9	13	57	18	18	5	9	14	7	11	5	39	5	10	6	2	2	3	21	0	10	1	6	5	8	5	1	3	1	11	9	0	3	10	3	3	1	3	0	0	2	0	2	0	0	2	2	0	8	1	5	0	1	0	2	0	2	0	1	0	1	0	0	2	4	0	0	0	0	0	1	0	0	0	0	0	0	0	0	0	0	0	1	0	0	0	1	0	0	0	0	0	0	0	0	0	0	0	0	0	0	0	0	0	0	0	0	0	0	0	0	0	0	0	0	0	0	0	0	0	0	0	0	0	0	0	0	0	0	0	0	0	0
0.03	north18_all	80	5288	2966	1907	2921	871	919	2271	556	477	365	311	281	398	307	196	207	145	125	126	201	92	117	95	121	87	112	142	51	81	90	142	33	45	71	33	40	16	22	38	22	24	20	40	25	22	13	14	6	9	26	8	16	9	15	7	6	11	9	8	5	20	7	8	5	7	3	5	1	5	3	7	4	0	4	3	0	2	3	0	5	2	5	0	5	1	6	0	4	1	1	2	1	0	0	3	3	0	0	1	2	1	1	0	1	1	0	0	1	1	0	1	1	0	2	0	0	0	1	0	0	0	0	0	0	0	0	0	0	0	0	0	0	0	0	0	0	0	0	0	0	0	0	0	0	0	0	1	0	0	0	0	0	0	0	0	0	0	0	0	0	0	0	0	0
0.03	north18_active	80	2372	1712	1070	2523	322	619	2087	320	305	186	80	111	297	229	48	128	42	40	33	161	31	65	50	82	46	74	120	15	62	64	133	7	9	64	17	20	2	10	15	10	13	8	31	5	12	7	2	4	2	20	0	11	1	6	2	6	8	1	1	3	19	6	0	4	6	2	2	1	4	2	1	2	0	3	1	0	2	2	0	4	0	4	0	2	0	5	0	4	0	1	1	1	0	0	1	3	0	0	0	0	0	1	0	0	0	0	0	0	0	0	1	1	0	1	0	0	0	1	0	0	0	0	0	0	0	0	0	0	0	0	0	0	0	0	0	0	0	0	0	0	0	0	0	0	0	0	0	0	0	0	0	0	0	0	0	0	0	0	0	0	0	0	0	0
0.03	north19_all	80	5298	3025	1852	2845	842	969	2311	542	505	374	297	304	401	346	192	195	142	117	127	208	97	109	96	131	102	110	107	56	74	90	138	32	50	62	27	40	22	22	21	22	16	24	30	24	27	18	15	13	12	20	9	17	7	17	10	13	19	11	7	4	24	5	6	5	3	4	5	2	5	7	6	5	2	6	4	0	3	3	0	5	2	3	0	5	1	5	0	7	0	2	3	0	0	0	1	3	1	0	2	2	1	1	0	1	1	0	1	1	1	0	1	1	0	2	0	0	0	1	0	0	0	0	1	0	0	0	0	0	1	0	0	0	0	0	0	0	0	0	0	0	0	0	0	0	0	0	1	0	0	0	0	0	0	0	0	0	0	0	0	0	0	0	0	0
0.03	north19_active	80	2360	1753	1031	2452	325	640	2125	316	319	198	82	130	289	264	49	127	50	42	35	168	34	60	52	89	59	71	84	19	51	67	129	9	11	57	13	21	6	10	9	9	11	12	21	11	14	14	4	6	2	16	2	16	1	7	3	12	15	1	3	4	22	4	0	4	2	2	4	1	4	6	1	3	2	4	2	0	3	2	0	4	1	2	0	2	0	4	0	7	0	1	2	0	0	0	1	3	1	0	0	0	0	1	0	0	0	0	0	0	0	0	1	1	0	1	0	0	0	1	0	0	0	0	1	0	0	0	0	0	0	0	0	0	0	0	0	0	0	0	0	0	0	0	0	0	0	0	0	0	0	0	0	0	0	0	0	0	0	0	0	0	0	0	0	0
0.03	north20_all	80	5382	3053	1793	2813	848	978	2202	549	492	397	296	287	387	348	180	218	140	124	125	231	86	107	108	111	88	99	109	51	99	95	160	32	46	73	26	29	24	20	16	22	15	23	24	18	21	24	18	19	13	17	10	22	5	14	10	26	16	9	6	4	20	5	7	7	4	5	4	3	10	7	4	6	3	6	4	1	7	1	1	1	2	2	1	6	0	9	0	5	0	1	5	0	0	0	1	0	1	0	2	1	1	1	0	0	0	0	1	1	0	0	1	1	0	1	0	0	0	1	0	0	0	0	1	0	0	0	0	1	1	0	0	0	0	0	0	0	0	0	0	0	0	0	0	0	0	0	1	0	0	0	0	0	0	0	0	0	0	0	0	0	0	0	0	0
0.03	north20_active	80	2381	1757	986	2424	321	657	2034	303	306	212	78	124	283	270	53	145	51	44	39	193	31	59	55	74	54	63	89	14	78	68	144	6	10	66	13	13	5	7	6	10	9	13	14	10	12	19	5	6	5	13	2	20	1	5	3	23	14	2	3	4	18	4	1	5	3	2	4	1	5	6	1	3	3	4	2	1	5	1	1	1	1	1	0	2	0	8	0	5	0	0	3	0	0	0	1	0	1	0	0	0	0	1	0	0	0	0	0	0	0	0	1	1	0	0	0	0	0	1	0	0	0	0	1	0	0	0	0	1	0	0	0	0	0	0	0	0	0	0	0	0	0	0	0	0	0	0	0	0	0	0	0	0	0	0	0	0	0	0	0	0	0	0	0	0
0.03	south21_all	80	11283	3097	1816	1161	2139	1215	1064	466	392	447	291	789	229	541	298	341	132	242	124	173	94	101	170	138	116	77	227	51	52	79	35	70	58	56	35	35	21	49	98	22	45	14	15	18	20	41	19	14	14	13	27	9	10	7	13	6	2	6	10	4	3	5	11	3	2	5	3	8	6	3	4	1	4	1	4	3	0	8	3	2	3	3	4	1	0	8	3	0	1	1	3	0	4	3	2	0	2	0	2	1	1	0	0	0	4	1	0	0	0	0	0	2	0	0	0	0	0	0	0	2	0	0	1	0	0	0	0	0	0	0	0	0	3	0	0	0	0	0	0	0	0	1	0	0	0	0	0	0	0	0	0	0	0	0	1	0	0	0	0	0	0	0	0	0
0.03	south21_active	80	9378	1869	964	536	1852	963	829	194	121	273	120	714	63	464	221	260	52	192	44	139	46	24	135	111	93	35	209	17	22	61	12	44	35	41	16	11	6	38	91	6	39	5	7	13	7	39	9	8	6	9	22	7	8	4	5	5	0	1	2	3	2	1	10	3	2	5	3	6	5	2	2	0	3	0	4	2	0	8	3	0	3	0	3	0	0	8	1	0	1	0	0	0	2	2	1	0	2	0	2	0	0	0	0	0	3	1	0	0	0	0	0	2	0	0	0	0	0	0	0	2	0	0	1	0	0	0	0	0	0	0	0	0	3	0	0	0	0	0	0	0	0	0	0	0	0	0	0	0	0	0	0	0	0	0	1	0	0	0	0	0	0	0	0	0
0.03	south22_all	80	11000	3097	1853	1185	2110	1178	1024	442	417	435	313	755	221	466	250	298	128	229	122	165	100	106	169	119	114	79	205	55	51	73	33	52	42	55	36	36	16	63	98	19	24	19	12	18	20	35	22	8	15	8	25	6	11	9	9	5	4	8	8	5	4	6	9	4	5	4	8	9	7	6	4	0	3	1	4	7	2	7	1	1	1	3	1	0	0	2	0	2	1	3	2	0	4	3	2	1	2	1	1	1	1	1	0	0	1	1	0	1	0	0	0	1	0	0	0	0	0	0	0	2	0	0	1	0	0	0	0	0	0	0	0	0	3	0	0	0	0	0	0	0	0	1	0	0	0	0	0	0	0	0	0	0	0	0	0	0	0	0	0	0	0	0	0	0
0.03	south22_active	80	9007	1856	979	524	1818	923	784	167	119	254	131	665	67	398	183	222	44	186	44	130	44	24	124	97	85	37	180	15	21	55	10	34	25	39	10	8	5	48	95	5	19	6	6	11	7	31	9	3	11	6	20	3	8	3	3	4	1	1	2	3	2	3	8	2	2	3	7	8	5	4	2	0	3	1	4	3	0	7	1	0	1	0	1	0	0	2	0	0	1	1	0	0	2	2	1	1	2	1	1	0	0	0	0	0	1	1	0	1	0	0	0	1	0	0	0	0	0	0	0	2	0	0	1	0	0	0	0	0	0	0	0	0	3	0	0	0	0	0	0	0	0	0	0	0	0	0	0	0	0	0	0	0	0	0	0	0	0	0	0	0	0	0	0	0
0.03	south23_all	80	11178	3068	1829	1182	2093	1233	1054	464	429	468	333	783	201	471	256	290	134	256	117	180	90	103	173	123	119	70	209	48	63	82	37	51	41	49	34	34	15	64	117	19	23	23	14	21	15	33	19	12	16	13	27	11	19	7	11	9	6	8	8	4	6	6	12	6	9	4	13	10	3	7	5	3	2	2	5	5	3	6	2	2	3	2	3	0	1	2	0	2	0	2	1	0	2	2	1	7	0	1	0	1	0	1	0	0	0	0	0	1	0	0	0	0	0	1	0	0	0	0	0	2	0	0	0	0	0	0	0	0	0	0	0	2	3	0	0	0	0	1	0	0	0	1	0	0	0	0	0	0	0	0	0	0	0	0	0	0	0	0	0	0	0	0	0	0
0.03	south23_active	80	9205	1825	984	547	1817	985	816	179	122	282	133	686	51	404	190	209	53	214	47	148	39	28	128	96	93	31	185	12	23	59	9	35	22	32	13	11	5	49	113	7	19	8	5	12	6	28	9	6	8	7	19	4	10	1	4	8	2	1	2	1	4	4	9	2	5	3	12	9	1	6	1	3	2	1	2	2	1	6	1	0	1	0	3	0	1	2	0	0	0	1	0	0	2	2	1	7	0	1	0	0	0	0	0	0	0	0	0	1	0	0	0	0	0	0	0	0	0	0	0	2	0	0	0	0	0	0	0	0	0	0	0	2	3	0	0	0	0	0	0	0	0	0	0	0	0	0	0	0	0	0	0	0	0	0	0	0	0	0	0	0	0	0	0	0
0.03	south24_all	80	11775	3155	1879	1235	2220	1309	1034	493	418	470	336	816	215	500	256	308	142	283	121	225	99	92	167	99	114	83	240	54	76	87	34	55	40	49	36	31	21	62	124	26	28	21	16	19	12	29	23	11	15	14	23	12	17	9	12	8	6	9	6	5	9	7	28	6	11	3	11	9	4	11	5	5	4	3	7	5	6	0	1	2	4	1	3	0	3	1	0	3	0	2	1	2	3	1	0	9	0	1	0	1	0	1	0	0	0	0	0	1	1	0	0	0	0	1	0	1	0	0	0	0	0	0	0	0	0	0	0	0	0	0	0	2	0	0	0	0	0	1	0	0	0	0	0	0	0	0	0	0	0	0	0	0	0	0	0	0	0	0	0	0	0	0	0	0
0.03	south24_active	80	9886	1956	1009	593	1932	1027	822	190	119	291	156	719	66	438	181	227	49	232	54	188	47	24	134	77	90	36	213	12	36	62	9	40	27	34	14	8	5	48	118	11	26	7	6	11	6	23	14	7	7	6	17	4	10	3	7	7	3	3	1	1	5	5	26	1	5	2	10	9	2	10	1	3	4	1	3	2	2	0	0	0	1	1	3	0	1	1	0	0	0	1	0	1	2	1	0	7	0	1	0	0	0	0	0	0	0	0	0	1	1	0	0	0	0	0	0	0	0	0	0	0	0	0	0	0	0	0	0	0	0	0	0	2	0	0	0	0	0	0	0	0	0	0	0	0	0	0	0	0	0	0	0	0	0	0	0	0	0	0	0	0	0	0	0	0
0.03	south25_all	80	12252	3179	1826	1224	2343	1306	1066	514	387	467	337	854	195	516	308	320	147	297	130	237	95	74	187	117	130	73	245	49	82	79	46	68	49	40	40	32	25	48	94	25	28	17	23	18	11	37	25	17	14	18	36	13	20	8	14	9	7	8	8	3	8	7	33	7	9	2	8	9	6	13	4	7	5	3	7	4	4	0	2	2	6	1	4	0	6	1	0	2	0	2	0	3	7	1	0	10	0	3	0	1	0	0	0	1	0	0	0	1	1	0	0	0	1	2	0	1	0	0	0	0	0	0	0	0	0	0	0	0	0	0	0	2	0	0	0	0	0	1	0	0	0	0	0	0	0	0	0	0	0	0	0	0	0	0	0	0	0	0	0	0	0	0	0	0
0.03	south25_active	80	10440	1994	1001	611	2045	1026	848	201	113	299	157	761	54	455	234	243	52	242	53	199	45	26	168	84	96	32	223	11	45	56	13	49	32	31	17	12	8	37	87	12	23	6	8	13	5	32	17	11	2	10	29	4	11	3	9	8	5	3	2	1	5	5	31	3	3	2	7	9	3	11	1	3	3	1	2	1	2	0	1	0	2	1	4	0	4	0	0	0	0	0	0	1	6	1	0	7	0	3	0	0	0	0	0	0	0	0	0	1	1	0	0	0	0	0	0	0	0	0	0	0	0	0	0	0	0	0	0	0	0	0	0	2	0	0	0	0	0	0	0	0	0	0	0	0	0	0	0	0	0	0	0	0	0	0	0	0	0	0	0	0	0	0	0	0
0.03	south26_all	80	12220	3180	1834	1184	2366	1299	1063	521	373	438	332	928	224	544	291	319	135	305	144	239	117	75	184	119	141	76	255	53	62	77	47	61	53	38	37	28	30	49	70	24	42	16	21	26	15	38	25	11	10	19	40	9	13	5	10	16	9	9	8	7	7	6	33	7	6	1	13	6	9	9	2	7	6	3	4	2	4	5	3	2	5	3	9	0	6	2	0	2	0	1	0	3	7	0	0	3	0	3	0	1	0	0	0	1	0	0	1	0	1	1	0	0	1	2	0	1	0	2	0	0	0	0	0	0	0	0	0	0	0	0	0	0	0	0	0	0	0	0	0	3	0	0	0	0	0	0	0	0	0	0	0	0	0	0	0	0	0	0	0	0	0	0	0	0
0.03	south26_active	80	10395	2000	1002	565	2087	1036	838	213	116	268	160	840	64	477	215	246	47	244	58	203	55	24	162	90	107	33	235	16	38	57	15	46	34	29	24	12	9	39	62	9	32	6	9	16	4	32	17	8	0	9	35	1	10	2	7	15	8	4	3	2	4	5	33	3	0	1	13	4	6	8	1	3	3	0	2	1	2	5	1	0	2	2	9	0	4	1	0	0	0	0	0	1	6	0	0	0	0	3	0	0	0	0	0	0	0	0	0	0	1	0	0	0	0	0	0	0	0	2	0	0	0	0	0	0	0	0	0	0	0	0	0	0	0	0	0	0	0	0	0	3	0	0	0	0	0	0	0	0	0	0	0	0	0	0	0	0	0	0	0	0	0	0	0	0
0.03	south27_all	80	12242	3226	1801	1216	2407	1255	1044	535	416	427	322	903	234	540	287	306	149	283	140	205	117	68	191	138	144	73	270	46	54	91	50	55	61	41	42	26	30	59	68	18	42	12	23	24	17	40	23	10	9	19	41	7	18	4	9	17	8	9	7	8	7	5	22	7	7	12	13	9	8	8	2	5	4	3	6	1	4	5	3	1	4	4	6	0	6	2	0	1	0	1	1	4	7	1	0	1	0	3	1	1	0	0	0	1	0	0	2	0	0	1	0	0	1	1	0	0	0	2	0	0	0	0	0	0	0	0	0	0	0	0	0	1	0	0	0	0	0	0	0	3	2	0	0	0	0	0	0	0	0	0	0	0	0	0	0	0	0	0	0	0	0	0	0	0
0.03	south27_active	80	10425	2016	999	555	2102	998	815	223	132	252	147	809	67	467	223	236	57	231	58	163	48	21	163	106	109	33	251	13	34	72	20	41	41	33	28	10	6	44	59	6	30	5	11	12	3	35	14	7	0	9	37	1	15	1	5	15	7	3	2	3	2	4	22	4	2	12	13	6	5	7	1	2	1	0	4	0	3	5	2	1	2	2	6	0	5	1	0	0	0	0	0	0	7	1	0	0	0	3	0	0	0	0	0	0	0	0	0	0	0	0	0	0	0	0	0	0	0	2	0	0	0	0	0	0	0	0	0	0	0	0	0	1	0	0	0	0	0	0	0	3	2	0	0	0	0	0	0	0	0	0	0	0	0	0	0	0	0	0	0	0	0	0	0	0
0.03	south28_all	80	12190	3128	1799	1193	2446	1265	1091	509	407	442	300	871	248	527	301	297	156	295	134	200	116	71	164	143	130	75	257	47	49	95	51	59	69	51	37	30	33	55	65	25	36	14	19	27	14	42	19	10	9	15	41	9	23	6	11	19	9	6	9	10	6	4	19	3	6	17	22	8	5	8	2	3	4	2	2	2	3	5	2	1	2	4	6	1	2	1	1	2	0	0	1	2	11	1	1	0	2	2	1	0	0	0	1	0	0	0	2	0	0	1	0	0	0	0	0	0	1	2	0	0	0	0	0	0	1	0	0	0	0	0	0	2	0	0	0	0	0	0	1	3	2	0	0	0	0	0	0	0	0	0	0	0	0	1	0	0	0	0	0	0	0	0	0	0
0.03	south28_active	80	10320	1917	978	555	2158	1027	857	198	134	270	139	777	76	452	237	235	67	232	59	165	41	21	129	112	96	39	231	15	26	77	17	42	51	39	25	8	8	39	57	9	29	4	10	13	3	38	11	3	1	5	37	3	19	2	5	16	6	2	3	3	3	3	19	1	2	17	21	5	3	8	1	3	2	0	2	1	2	5	1	1	0	2	6	0	2	1	0	1	0	0	0	0	11	1	0	0	2	2	0	0	0	0	1	0	0	0	0	0	0	0	0	0	0	0	0	0	0	2	0	0	0	0	0	0	1	0	0	0	0	0	0	2	0	0	0	0	0	0	1	3	2	0	0	0	0	0	0	0	0	0	0	0	0	0	0	0	0	0	0	0	0	0	0	0
0.03	south29_all	80	12164	3144	1791	1214	2499	1242	1102	487	422	500	314	861	236	526	359	305	160	295	123	229	104	72	158	127	120	79	264	46	57	98	41	62	63	62	42	33	32	56	84	22	31	12	15	23	11	34	16	9	6	9	32	10	15	7	11	22	8	7	7	10	9	4	24	5	5	20	10	6	4	26	2	5	5	2	11	1	5	7	1	2	1	3	4	1	3	0	1	5	0	0	1	2	6	1	2	0	5	0	2	1	0	0	2	0	0	0	1	0	0	0	0	0	1	0	0	0	1	0	0	1	0	0	0	0	1	0	0	0	0	0	0	2	0	0	0	0	0	0	1	0	2	0	0	0	1	0	0	0	0	0	0	0	0	1	0	0	0	0	0	0	0	0	0	0
0.03	south29_active	80	10315	1936	968	592	2215	993	885	188	137	315	141	773	73	447	278	241	71	237	55	186	36	21	126	103	90	41	241	9	33	83	16	47	45	50	26	11	9	35	78	8	25	3	7	11	2	33	10	3	2	3	29	5	14	3	4	17	4	2	2	3	3	3	21	3	2	20	9	5	2	25	0	3	3	0	11	1	4	7	1	1	0	1	4	0	3	0	0	3	0	0	0	0	6	1	1	0	4	0	1	1	0	0	2	0	0	0	0	0	0	0	0	0	0	0	0	0	0	0	0	0	0	0	0	0	1	0	0	0	0	0	0	2	0	0	0	0	0	0	1	0	2	0	0	0	0	0	0	0	0	0	0	0	0	0	0	0	0	0	0	0	0	0	0	0
0.03	south30_all	80	12034	3164	1843	1200	2388	1331	1115	463	404	480	314	873	217	539	340	300	157	306	116	243	108	78	160	131	115	75	233	53	63	94	35	57	54	58	36	30	34	48	104	26	33	16	18	19	7	45	19	11	8	11	40	9	15	12	10	18	9	7	6	10	6	5	20	6	3	8	11	3	6	29	4	6	5	2	11	4	4	3	2	3	1	1	1	1	3	1	1	4	0	1	0	1	6	0	2	0	6	0	1	2	0	0	2	0	0	0	2	1	0	0	0	0	1	0	0	0	1	0	0	3	0	0	0	0	1	0	0	0	0	0	0	3	0	0	0	0	0	0	1	0	0	0	0	0	1	1	0	0	0	0	0	0	0	1	0	0	0	0	0	0	0	0	0	0
0.03	south30_active	80	10215	1904	1007	595	2123	1069	897	172	122	311	140	783	60	466	272	241	61	241	52	201	34	22	125	105	94	40	212	13	42	78	11	38	37	44	16	8	13	35	102	11	32	5	6	7	2	42	13	4	4	6	35	6	11	4	4	11	3	2	1	3	2	4	17	4	0	8	9	1	3	28	0	3	3	0	11	4	4	3	1	0	0	1	1	0	2	1	0	3	0	0	0	0	6	0	1	0	4	0	1	1	0	0	2	0	0	0	0	1	0	0	0	0	0	0	0	0	0	0	0	2	0	0	0	0	1	0	0	0	0	0	0	1	0	0	0	0	0	0	1	0	0	0	0	0	0	0	0	0	0	0	0	0	0	0	0	0	0	0	0	0	0	0	0	0
0.03	south31_all	80	12235	3281	1810	1205	2407	1356	1110	479	427	469	352	1000	227	527	302	342	128	235	135	219	131	78	170	125	118	60	276	62	79	98	53	67	63	47	42	36	21	40	125	25	50	31	22	22	21	29	16	8	16	12	27	8	17	9	11	17	9	6	5	11	4	3	21	3	9	12	9	1	1	3	3	6	7	3	3	1	3	2	2	0	3	2	12	1	2	0	2	3	2	0	1	1	4	0	1	0	0	0	1	1	0	1	1	0	0	0	1	1	0	1	0	0	0	0	0	0	1	0	0	1	4	0	0	0	1	1	0	0	0	0	1	0	0	0	0	0	0	0	0	0	0	0	0	0	0	0	0	0	0	0	0	0	0	0	0	0	0	0	0	0	0	0	1	0
0.03	south31_active	80	10390	2045	1022	585	2074	1102	869	190	127	295	177	925	52	465	236	278	42	190	57	172	56	25	136	100	90	29	258	13	48	71	16	42	48	35	24	14	2	30	116	10	35	15	7	17	5	27	10	4	4	10	24	1	10	1	4	14	4	2	3	1	1	0	17	2	2	11	7	0	0	3	1	3	6	1	3	0	0	1	1	0	0	0	12	1	1	0	0	3	1	0	1	0	4	0	0	0	0	0	0	0	0	1	1	0	0	0	1	0	0	0	0	0	0	0	0	0	0	0	0	0	4	0	0	0	0	1	0	0	0	0	1	0	0	0	0	0	0	0	0	0	0	0	0	0	0	0	0	0	0	0	0	0	0	0	0	0	0	0	0	0	0	0	1	0
0.03	south32_all	80	12165	3263	1822	1194	2352	1303	1119	494	402	473	355	937	228	488	283	327	131	252	126	208	111	87	159	114	125	73	291	51	84	84	50	66	62	47	49	34	25	35	102	32	38	28	21	21	22	30	15	11	9	11	33	5	18	8	9	12	12	6	6	7	3	2	16	2	6	11	6	1	1	4	3	4	9	3	9	0	3	2	4	3	5	2	10	1	1	2	3	2	1	0	1	1	0	0	0	0	0	1	1	0	0	1	0	0	0	0	1	1	0	1	0	0	0	0	0	0	1	0	0	1	4	0	3	0	1	1	0	0	0	0	1	0	0	0	0	0	0	0	0	0	0	0	0	0	0	0	0	0	0	0	0	0	0	0	0	0	0	0	0	0	0	0	0	0
0.03	south32_active	80	10337	2063	1045	598	2057	1047	886	217	116	293	164	865	48	421	220	265	40	207	54	164	47	28	131	84	91	34	270	11	56	71	15	40	47	36	27	10	2	30	92	15	29	12	9	16	5	26	10	5	2	8	31	0	13	1	2	10	6	1	3	0	0	1	12	1	2	10	4	0	1	3	0	3	7	2	9	0	0	1	2	2	1	0	10	1	0	2	0	2	1	0	1	0	0	0	0	0	0	0	0	0	0	1	0	0	0	0	1	0	0	0	0	0	0	0	0	0	0	0	0	0	4	0	3	0	0	1	0	0	0	0	1	0	0	0	0	0	0	0	0	0	0	0	0	0	0	0	0	0	0	0	0	0	0	0	0	0	0	0	0	0	0	0	0	0
0.03	south33_all	80	12316	3252	1803	1191	2333	1293	1048	520	368	468	327	917	224	491	292	293	135	251	129	225	112	93	159	128	131	73	310	49	74	72	52	57	52	50	36	28	24	44	86	33	37	33	26	22	15	42	18	9	8	9	32	5	14	9	10	12	12	9	5	7	6	8	12	4	3	14	3	5	2	5	2	4	6	3	9	1	2	4	4	3	5	1	2	1	1	3	3	2	1	2	3	1	0	0	0	0	0	1	1	1	0	0	0	0	0	0	1	1	1	0	0	0	0	0	0	0	0	1	0	1	3	0	3	0	0	1	0	0	0	0	1	0	0	0	0	0	0	0	0	0	0	0	0	0	0	0	0	0	0	0	0	0	0	0	0	1	0	0	0	0	0	0	0	0
0.03	south33_active	80	10457	2075	1018	601	2046	1034	828	235	103	289	150	832	60	422	227	238	44	195	49	184	52	27	126	89	99	29	291	17	50	57	11	34	36	38	20	9	3	40	79	15	27	12	14	16	5	36	9	4	0	5	29	0	8	2	1	9	9	3	2	1	1	2	10	1	3	11	3	4	2	4	0	3	4	2	9	0	0	3	3	2	2	0	2	1	0	3	0	2	1	2	1	0	0	0	0	0	0	0	0	1	0	0	0	0	0	0	1	0	1	0	0	0	0	0	0	0	0	0	0	0	3	0	3	0	0	1	0	0	0	0	1	0	0	0	0	0	0	0	0	0	0	0	0	0	0	0	0	0	0	0	0	0	0	0	0	0	0	0	0	0	0	0	0	0
0.03	south34_all	80	12293	3212	1828	1199	2330	1237	1046	522	369	493	321	916	236	498	309	292	151	252	122	248	102	80	202	133	121	74	272	42	67	72	45	61	48	52	31	35	30	41	81	25	40	27	29	23	14	41	15	13	9	11	29	7	21	9	7	12	9	8	4	6	5	9	13	9	3	15	9	6	3	11	2	1	5	3	11	1	1	3	4	3	5	1	2	2	1	3	1	3	0	2	3	0	3	0	0	1	0	2	0	1	0	0	0	1	0	0	0	7	1	0	0	0	0	0	0	0	1	2	0	0	0	0	3	0	0	0	0	0	0	0	0	0	0	0	0	0	0	0	0	0	0	0	0	0	0	0	0	0	0	0	1	0	0	0	0	1	0	0	0	0	0	0	0	0
0.03	south34_active	80	10447	2059	1016	585	2055	981	833	247	98	296	141	827	56	430	245	232	52	193	42	208	54	20	173	99	94	30	245	14	47	55	13	37	31	39	17	14	8	34	74	9	25	8	16	13	7	36	7	5	2	6	24	0	15	3	1	10	7	3	1	1	2	2	10	6	3	11	9	5	3	10	0	1	4	1	11	0	0	2	3	2	2	0	2	2	0	3	0	2	0	2	1	0	3	0	0	1	0	1	0	1	0	0	0	0	0	0	0	6	1	0	0	0	0	0	0	0	0	0	0	0	0	0	3	0	0	0	0	0	0	0	0	0	0	0	0	0	0	0	0	0	0	0	0	0	0	0	0	0	0	0	0	0	0	0	0	0	0	0	0	0	0	0	0	0
0.03	south35_all	80	12459	3181	1800	1197	2307	1260	1056	509	372	495	289	923	260	550	322	308	159	259	112	263	102	90	221	136	107	71	226	44	67	67	49	66	52	54	48	34	25	47	84	20	38	25	25	32	9	32	15	16	4	16	23	10	20	8	7	12	6	10	4	2	6	10	10	10	3	15	12	8	3	10	1	1	4	1	5	2	3	7	3	1	5	1	2	2	5	3	0	1	0	2	2	0	3	0	0	1	0	1	0	1	0	1	0	1	0	0	0	6	1	2	0	0	0	0	0	0	1	2	0	0	0	0	4	0	0	0	0	0	0	0	0	0	0	0	0	0	0	0	0	0	0	0	0	0	0	0	0	0	0	0	1	0	0	0	0	1	1	0	0	0	0	0	0	0
0.03	south35_active	80	10583	2001	981	569	2023	990	852	229	99	299	121	824	71	489	254	241	59	194	39	222	49	21	187	105	82	35	204	14	45	51	15	42	28	35	27	14	7	39	76	8	21	7	13	15	6	29	9	4	2	10	17	2	13	2	2	9	5	3	2	1	2	1	7	6	2	11	12	7	2	10	0	1	4	0	5	0	2	6	2	0	2	0	2	2	4	3	0	0	0	2	0	0	3	0	0	1	0	1	0	1	0	1	0	0	0	0	0	6	1	2	0	0	0	0	0	0	0	0	0	0	0	0	3	0	0	0	0	0	0	0	0	0	0	0	0	0	0	0	0	0	0	0	0	0	0	0	0	0	0	0	0	0	0	0	0	0	1	0	0	0	0	0	0	0
0.03	south36_all	80	12457	3130	1814	1240	2311	1298	1036	508	376	500	297	918	248	557	362	313	167	271	105	240	101	88	254	117	122	70	191	46	69	64	51	63	65	55	48	35	28	35	110	15	34	16	21	28	13	25	16	15	5	20	27	10	13	9	6	11	6	9	6	2	4	4	8	16	3	7	13	11	4	12	1	2	3	4	5	3	3	8	1	1	3	1	8	3	5	1	1	3	0	0	0	2	3	1	0	1	0	1	0	1	0	1	0	1	0	0	1	6	0	2	0	0	0	0	0	0	1	1	0	0	0	0	1	0	0	0	0	0	0	1	0	0	0	0	0	0	0	0	0	0	0	0	0	0	0	0	0	0	0	0	1	0	0	0	0	0	1	1	0	0	0	0	0	0
0.03	south36_active	80	10557	1955	995	583	2027	997	818	223	111	309	126	820	64	490	288	249	58	203	39	199	43	20	208	91	87	36	165	7	46	53	17	45	38	37	26	14	7	28	103	6	18	3	10	14	5	21	10	3	2	14	21	2	9	2	3	8	3	3	3	0	1	0	5	10	2	4	13	10	3	12	0	0	2	1	5	2	2	7	1	0	1	0	8	2	4	0	1	1	0	0	0	1	3	0	0	1	0	1	0	1	0	1	0	0	0	0	0	6	0	2	0	0	0	0	0	0	0	0	0	0	0	0	0	0	0	0	0	0	0	0	0	0	0	0	0	0	0	0	0	0	0	0	0	0	0	0	0	0	0	0	0	0	0	0	0	0	1	1	0	0	0	0	0	0
0.03	south37_all	80	12340	3115	1821	1276	2340	1339	1100	465	378	465	285	913	244	565	358	315	162	260	115	219	83	101	221	126	105	75	194	45	64	68	50	54	71	56	53	30	28	60	104	21	31	19	17	25	12	17	15	15	8	22	27	9	9	8	4	9	5	11	7	4	4	3	8	11	2	8	14	9	4	7	1	4	3	5	5	5	3	9	3	2	1	2	10	2	5	1	1	2	0	1	0	2	0	1	0	0	0	4	0	0	0	2	0	1	0	0	1	1	0	2	0	0	0	1	0	0	0	0	0	0	0	0	1	0	0	0	0	0	0	1	0	0	0	0	0	0	0	0	0	0	0	0	0	1	0	0	0	0	0	0	0	0	0	0	0	0	1	1	0	0	0	0	0	0
0.03	south37_active	80	10447	1953	985	598	2048	1039	874	206	113	287	130	826	73	493	282	252	54	195	42	177	32	25	175	93	69	40	172	6	40	55	15	39	45	39	28	8	5	53	94	9	15	5	9	14	3	15	10	3	3	16	22	3	6	1	3	7	2	3	3	0	2	1	7	5	1	7	14	7	2	7	0	1	2	1	4	3	2	6	1	0	0	0	10	1	5	0	1	1	0	1	0	1	0	0	0	0	0	4	0	0	0	1	0	0	0	0	0	1	0	2	0	0	0	1	0	0	0	0	0	0	0	0	0	0	0	0	0	0	0	0	0	0	0	0	0	0	0	0	0	0	0	0	0	0	0	0	0	0	0	0	0	0	0	0	0	0	1	1	0	0	0	0	0	0
0.03	south38_all	80	12436	3081	1833	1299	2389	1304	1061	465	375	430	309	841	234	589	383	290	165	259	131	196	100	97	177	138	124	74	183	48	51	100	55	43	61	55	43	24	35	73	96	21	20	25	15	19	16	23	19	11	11	17	33	10	13	9	6	10	8	10	8	4	1	4	12	14	3	9	6	13	7	4	1	5	3	4	5	5	2	6	3	1	1	2	10	2	1	2	1	2	0	1	0	4	0	1	0	1	0	3	0	0	0	1	0	0	0	0	1	0	0	0	0	0	0	1	0	0	0	0	0	0	0	0	0	0	2	0	0	0	0	1	0	0	0	0	0	0	0	0	0	0	0	0	0	1	0	0	0	0	0	0	0	0	0	0	0	0	0	1	0	0	0	0	0	0
0.03	south38_active	80	10552	1930	1000	632	2109	1000	840	201	117	269	130	766	70	517	306	237	57	189	47	156	38	25	134	102	85	36	161	10	29	82	13	28	41	41	20	7	5	63	87	12	14	8	7	15	5	18	11	5	4	12	24	4	12	2	3	8	4	4	2	0	1	2	10	7	2	9	6	11	5	4	0	1	1	1	4	3	2	3	1	0	0	0	10	0	1	0	1	1	0	1	0	2	0	0	0	0	0	3	0	0	0	0	0	0	0	0	0	0	0	0	0	0	0	1	0	0	0	0	0	0	0	0	0	0	2	0	0	0	0	0	0	0	0	0	0	0	0	0	0	0	0	0	0	0	0	0	0	0	0	0	0	0	0	0	0	0	0	1	0	0	0	0	0	0
0.03	south39_all	80	12459	3085	1853	1248	2313	1294	1051	473	371	428	303	824	230	556	352	334	179	262	133	213	110	83	163	148	119	71	188	49	39	102	46	62	56	50	38	19	33	87	91	25	20	23	19	23	12	22	18	19	13	20	36	7	17	13	7	12	10	7	10	6	3	4	15	9	5	7	6	13	5	8	0	5	4	4	4	6	2	7	2	2	1	1	6	3	2	2	0	1	0	1	0	2	8	1	0	4	0	3	0	0	2	1	0	0	0	0	0	0	0	0	0	0	0	1	0	0	0	0	0	0	0	0	0	0	2	0	0	0	0	0	0	0	0	0	0	0	1	0	0	0	0	0	0	1	0	0	0	0	0	0	0	0	0	0	0	0	0	0	0	0	0	0	0	0
0.03	south39_active	80	10579	1934	1022	608	2016	1018	831	206	118	259	121	748	63	491	293	269	65	196	48	170	39	22	129	107	83	35	170	9	18	79	8	48	35	35	19	10	6	78	83	17	12	10	5	13	4	16	10	8	4	11	30	3	14	3	4	9	6	3	1	1	2	2	14	5	2	7	6	11	3	8	0	1	1	1	3	4	2	4	0	0	0	0	6	1	2	0	0	0	0	1	0	1	8	0	0	3	0	3	0	0	2	0	0	0	0	0	0	0	0	0	0	0	0	1	0	0	0	0	0	0	0	0	0	0	2	0	0	0	0	0	0	0	0	0	0	0	0	0	0	0	0	0	0	0	0	0	0	0	0	0	0	0	0	0	0	0	0	0	0	0	0	0	0	0
0.03	south40_all	80	12154	3108	1843	1213	2230	1252	1016	506	384	444	308	769	228	531	337	314	150	268	133	211	116	78	168	152	115	70	171	53	39	105	47	62	62	49	39	18	33	76	95	27	33	25	21	24	11	24	20	20	16	20	28	8	14	10	8	18	11	4	7	5	5	6	26	9	4	12	5	15	5	24	2	6	3	2	9	7	3	5	1	1	1	0	4	3	2	1	0	0	1	1	0	2	8	0	0	4	0	0	2	0	2	1	1	0	0	1	0	2	0	0	0	0	0	0	0	0	0	0	0	0	0	0	0	0	2	0	0	0	0	0	1	0	0	0	0	0	1	0	0	0	0	0	0	0	0	0	0	1	0	0	0	0	0	0	0	0	0	0	0	1	0	0	0	0
0.03	south40_active	80	10329	1890	1042	593	1924	1002	801	211	121	275	125	687	64	476	274	245	54	199	47	166	46	22	126	106	90	28	154	10	23	80	11	45	39	33	23	9	6	69	87	17	24	7	4	9	4	17	11	7	7	9	23	4	9	3	5	15	7	1	1	1	3	3	23	4	1	12	5	14	4	22	0	0	1	0	9	3	3	5	0	0	0	0	4	2	2	0	0	0	0	1	0	1	8	0	0	3	0	0	0	0	2	0	1	0	0	1	0	2	0	0	0	0	0	0	0	0	0	0	0	0	0	0	0	0	2	0	0	0	0	0	1	0	0	0	0	0	0	0	0	0	0	0	0	0	0	0	0	0	0	0	0	0	0	0	0	0	0	0	0	1	0	0	0	0
