label	Group	numOtus	Otu0	Otu1	Otu2	Otu3	Otu4	Otu5	Otu6	Otu7	Otu8	Otu9	Otu10	Otu11	Otu12	Otu13	Otu14	Otu15	Otu16	Otu17	Otu18	Otu19	Otu20	Otu21	Otu22	Otu23	Otu24	Otu25	Otu26	Otu27	Otu28	Otu29	Otu30	Otu31	Otu32	Otu33	Otu34	Otu35	Otu36	Otu37	Otu38	Otu39	Otu40	Otu41	Otu42	Otu43	Otu44	Otu45	Otu46	Otu47	Otu48	Otu49	Otu50	Otu51	Otu52	Otu53	Otu54	Otu55	Otu56	Otu57	Otu58	Otu59	Otu60	Otu61	Otu62	Otu63	Otu64	Otu65	Otu66	Otu67	Otu68	Otu69	Otu70	Otu71	Otu72	Otu73	Otu74	Otu75	Otu76	Otu77	Otu78	Otu79	Otu80	Otu81	Otu82	Otu83	Otu84	Otu85	Otu86	Otu87	Otu88	Otu89	Otu90	Otu91	Otu92	Otu93	Otu94	Otu95	Otu96	Otu97	Otu98	Otu99	Otu100	Otu101	Otu102	Otu103	Otu104	Otu105	Otu106	Otu107	Otu108	Otu109	Otu110	Otu111	Otu112	Otu113	Otu114	Otu115	Otu116	Otu117	Otu118	Otu119	Otu120	Otu121	Otu122	Otu123	Otu124	Otu125
0.03	north1_all	80	45169	17739	6699	6048	7000	3840	2919	4112	1823	1965	1049	1250	983	729	872	532	683	388	389	552	286	526	427	308	331	227	197	144	102	128	163	92	164	143	118	105	81	46	94	69	34	54	41	36	22	28	24	13	26	26	22	30	18	22	20	14	33	17	4	18	12	8	6	4	9	3	4	6	8	2	1	3	5	2	0	8	2	4	1	2	3	1	6	1	0	1	0	0	1	1	0	2	0	3	0	1	0	0	0	0	0	0	0	0	0	1	0	0	0	0	1	0	1	0	0	3	0	0	2	0	0	0	0	0	1	0
0.03	north1_active	80	28081	10509	3144	3245	4493	2189	1621	2655	983	1162	527	695	516	332	490	236	403	185	176	331	138	355	253	171	209	130	104	76	49	72	94	43	92	92	61	66	42	25	58	40	17	29	22	18	11	18	16	9	15	15	14	25	10	5	10	5	27	5	2	8	6	3	6	2	7	0	2	2	5	0	0	1	5	2	0	6	1	4	0	2	0	0	6	0	0	1	0	0	0	1	0	1	0	2	0	0	0	0	0	0	0	0	0	0	0	0	0	0	0	0	1	0	1	0	0	0	0	0	2	0	0	0	0	0	0	0
0.03	north2_all	80	45320	17841	6689	6098	6911	3930	2988	4160	1863	1961	1023	1251	917	757	902	575	685	432	403	577	285	551	432	282	309	232	200	153	116	147	138	79	167	164	131	102	80	49	93	71	30	58	56	32	26	28	22	17	21	26	28	29	29	21	19	5	32	18	6	12	9	6	4	4	15	2	3	8	8	3	1	2	5	3	0	8	1	1	0	2	6	0	7	1	0	3	0	1	1	1	0	1	0	1	0	1	0	0	0	0	0	0	0	0	0	1	0	0	0	0	1	0	1	0	0	3	0	0	0	0	0	0	0	0	1	0
0.03	north2_active	80	28014	10640	3094	3229	4509	2278	1641	2613	983	1177	511	710	469	350	503	247	399	201	181	358	140	365	237	162	175	129	98	74	56	77	88	39	93	112	62	70	47	30	60	44	16	29	40	16	13	16	8	13	14	13	13	23	16	7	10	3	28	15	3	1	6	4	4	3	10	0	1	4	7	0	1	1	5	2	0	6	1	1	0	2	3	0	6	0	0	3	0	1	0	1	0	0	0	1	0	0	0	0	0	0	0	0	0	0	0	0	0	0	0	0	1	0	1	0	0	0	0	0	0	0	0	0	0	0	0	0
0.03	north3_all	80	45639	17864	6728	6115	6864	4010	3068	4027	1791	1949	1027	1269	920	758	849	564	614	413	390	634	317	522	430	287	304	235	187	152	106	144	154	81	158	174	137	99	68	47	92	69	33	60	69	28	25	33	32	21	19	26	26	20	27	15	16	10	26	20	7	13	5	6	3	3	15	4	5	7	4	3	1	1	5	2	0	2	1	2	0	3	7	0	1	2	0	2	1	3	0	0	0	0	0	0	0	3	0	0	0	0	0	0	0	0	0	0	0	0	0	0	0	0	1	0	0	3	0	0	0	0	0	0	0	0	0	0
0.03	north3_active	80	28284	10640	3116	3271	4450	2347	1680	2559	932	1166	497	714	474	354	463	242	346	190	184	386	151	340	241	175	175	132	98	71	53	69	105	39	89	119	72	65	41	23	62	42	17	34	47	17	13	19	14	14	12	15	10	16	17	10	9	7	20	18	5	4	2	4	3	1	11	2	2	4	4	2	1	1	5	1	0	1	1	1	0	1	6	0	0	0	0	2	0	3	0	0	0	0	0	0	0	1	0	0	0	0	0	0	0	0	0	0	0	0	0	0	0	0	1	0	0	0	0	0	0	0	0	0	0	0	0	0
0.03	north4_all	80	45360	18023	6669	6032	6937	4055	3083	4098	1834	1799	1010	1237	866	731	809	562	654	413	395	692	308	479	443	267	277	244	205	143	108	137	185	71	173	169	130	90	81	48	86	69	28	55	75	31	25	30	26	21	20	18	32	22	31	20	12	10	25	19	5	10	3	5	4	4	15	5	7	6	4	4	1	3	3	5	3	0	1	4	1	2	9	0	1	1	0	4	1	3	0	0	0	0	2	0	0	2	0	0	0	0	0	0	0	0	0	0	0	0	0	0	0	0	0	0	0	0	0	0	0	0	0	0	0	0	0	0
0.03	north4_active	80	28068	10807	3049	3230	4365	2357	1716	2613	961	1029	455	683	457	337	415	243	369	192	183	433	145	305	254	156	159	144	107	61	51	66	139	36	106	120	74	50	51	20	57	45	14	35	53	18	10	18	13	10	11	8	17	19	19	12	7	7	17	17	4	7	1	3	1	2	11	4	4	4	3	2	1	1	0	1	0	0	1	3	0	0	9	0	0	0	0	3	0	3	0	0	0	0	2	0	0	1	0	0	0	0	0	0	0	0	0	0	0	0	0	0	0	0	0	0	0	0	0	0	0	0	0	0	0	0	0	0
0.03	north5_all	80	45558	18183	6693	6074	6890	4048	3099	4108	1848	1772	1077	1254	876	707	782	579	635	383	400	744	296	468	442	275	286	256	214	135	127	113	190	74	176	178	125	79	73	45	93	77	37	52	70	29	23	25	37	21	33	21	34	20	18	23	14	17	16	15	4	10	4	3	5	4	17	5	7	2	6	5	1	3	4	5	3	0	3	6	1	2	6	2	0	1	1	2	2	3	0	2	0	0	6	0	0	2	0	0	0	0	0	1	0	0	0	0	0	0	1	0	0	1	0	0	0	0	0	0	0	0	0	0	0	0	0	0
0.03	north5_active	80	28421	10853	3099	3300	4174	2338	1760	2604	990	1006	477	679	479	331	392	266	366	173	189	459	144	300	266	170	173	149	117	71	58	55	128	38	105	138	87	36	43	16	56	57	18	30	47	17	9	14	22	8	26	8	16	17	10	12	7	14	9	12	3	8	2	1	1	2	13	4	3	1	3	3	1	1	1	0	0	0	1	5	0	0	6	1	0	0	1	1	1	3	0	1	0	0	6	0	0	1	0	0	0	0	0	1	0	0	0	0	0	0	0	0	0	0	0	0	0	0	0	0	0	0	0	0	0	0	0	0
0.03	north6_all	80	45602	18095	6669	6019	6942	4014	3100	4056	1830	1754	1063	1259	851	693	833	582	648	399	403	728	281	482	426	255	283	232	195	129	134	128	199	74	192	184	119	89	84	46	97	80	37	49	55	31	24	22	31	19	34	19	29	27	14	27	12	21	16	11	2	9	6	5	7	4	11	3	6	2	4	3	1	2	4	6	4	0	3	7	3	3	3	3	0	1	1	2	1	2	1	3	0	1	6	1	2	0	0	0	1	0	0	1	0	0	0	0	0	0	1	0	0	1	0	0	0	0	0	0	0	0	0	0	0	0	0	0
0.03	north6_active	80	28421	10734	3144	3250	4259	2352	1779	2551	968	994	479	682	452	324	433	283	362	171	197	443	143	317	256	155	175	134	101	67	60	70	126	44	124	130	80	46	49	21	62	55	22	27	32	17	7	14	18	8	26	8	14	23	8	15	4	16	11	9	2	7	2	3	2	2	8	2	4	0	1	1	1	0	1	2	1	0	1	6	2	2	3	2	0	0	1	1	1	1	1	1	0	1	6	0	1	0	0	0	1	0	0	1	0	0	0	0	0	0	0	0	0	0	0	0	0	0	0	0	0	0	0	0	0	0	0	0
0.03	north7_all	80	45323	18087	6678	5927	6961	4008	3068	4042	1770	1751	1058	1297	864	717	871	599	666	390	367	683	286	504	428	251	306	237	205	132	136	134	181	87	205	204	111	109	88	43	109	86	34	49	47	38	26	19	28	20	36	26	24	27	12	23	11	27	13	16	1	12	7	7	6	6	7	4	6	2	5	6	2	1	2	5	2	0	3	6	2	4	4	3	0	0	1	2	1	2	1	4	0	1	7	1	2	1	1	0	1	0	0	1	0	0	0	0	0	0	1	0	0	1	0	0	0	0	0	0	0	0	0	1	0	0	0	0
0.03	north7_active	80	28250	10784	3188	3216	4336	2357	1692	2553	916	965	485	702	441	341	498	291	377	168	176	408	145	346	262	150	180	128	110	65	65	79	112	49	131	142	74	69	49	26	73	58	21	25	29	18	7	14	15	9	25	9	14	23	8	13	4	19	10	14	1	7	2	5	1	2	3	2	3	0	1	4	1	0	1	2	2	0	1	6	2	2	4	2	0	0	1	2	1	1	1	1	0	1	7	0	1	0	1	0	1	0	0	1	0	0	0	0	0	0	0	0	0	0	0	0	0	0	0	0	0	0	0	1	0	0	0	0
0.03	north8_all	80	45277	17819	6698	5955	7098	4036	3061	4001	1692	1790	1022	1273	883	720	885	572	705	377	376	685	302	537	405	249	312	213	207	130	116	142	146	78	209	191	130	128	89	39	117	59	36	63	42	43	26	22	22	24	29	23	16	23	12	26	10	21	15	16	2	15	4	16	6	4	6	1	8	3	6	4	3	2	3	3	2	1	4	1	3	4	1	1	0	0	0	3	1	1	1	2	0	1	3	1	2	2	1	0	1	0	0	0	0	0	0	0	0	0	0	1	0	0	0	0	0	0	0	0	0	0	0	1	0	0	0	0
0.03	north8_active	80	28277	10637	3188	3157	4538	2335	1680	2568	857	1006	480	697	451	333	516	283	402	165	176	435	147	355	247	137	190	105	109	53	58	89	72	43	133	118	85	86	48	29	75	33	26	29	23	20	9	12	10	10	13	8	10	18	6	17	3	12	9	13	0	11	1	10	2	1	2	0	3	1	5	3	1	1	0	2	2	1	2	1	2	2	1	1	0	0	0	3	1	0	1	0	0	1	3	0	1	1	1	0	1	0	0	0	0	0	0	0	0	0	0	1	0	0	0	0	0	0	0	0	0	0	0	1	0	0	0	0
0.03	north9_all	80	44922	17720	6723	5960	7225	4022	3006	4088	1664	1840	1031	1286	937	711	865	574	701	356	388	653	299	523	414	230	298	262	201	144	123	141	160	88	167	153	124	130	80	49	105	63	36	58	32	44	22	21	22	19	24	21	15	28	20	16	14	19	16	21	6	22	2	16	6	3	4	2	6	3	10	3	2	2	4	1	2	1	1	0	2	2	1	0	1	1	0	3	1	0	1	1	1	0	3	1	2	9	1	1	1	0	0	0	0	0	0	0	0	0	0	1	0	0	0	0	0	0	0	0	0	0	0	1	0	0	0	0
0.03	north9_active	80	28010	10625	3216	3192	4650	2311	1643	2711	851	1030	497	689	509	324	515	281	400	161	178	378	150	354	275	130	183	144	111	59	61	83	86	45	87	87	82	79	44	29	64	39	19	28	22	20	10	11	11	5	10	9	11	20	13	9	6	11	9	16	0	17	0	10	3	1	2	1	1	1	5	3	0	1	1	0	2	1	1	0	1	0	1	0	1	0	0	3	1	0	1	0	1	0	3	0	0	8	1	1	1	0	0	0	0	0	0	0	0	0	0	1	0	0	0	0	0	0	0	0	0	0	0	1	0	0	0	0
0.03	north10_all	80	45335	17849	6679	5970	7198	3970	3007	4251	1752	1795	1075	1272	944	714	882	569	692	359	426	655	288	521	430	251	298	254	192	151	130	145	154	84	179	177	123	151	87	60	120	76	36	64	34	36	25	24	22	21	26	25	16	26	20	18	17	12	18	17	9	31	3	12	4	4	5	3	8	2	9	1	1	2	5	0	2	5	1	0	2	0	3	0	1	4	0	3	1	0	2	0	1	0	0	0	1	8	0	1	0	0	0	0	0	0	0	1	0	0	0	1	0	0	0	0	0	0	0	0	0	0	0	1	0	0	0	0
0.03	north10_active	80	28129	10673	3174	3179	4510	2253	1675	2828	923	1025	499	730	524	310	506	284	390	150	209	374	132	336	274	147	184	137	105	76	65	79	86	41	92	111	77	99	50	33	80	45	21	33	19	13	13	11	13	7	13	10	11	18	13	13	6	7	10	12	0	27	0	7	3	2	1	2	3	1	5	1	0	1	1	0	2	3	1	0	1	0	3	0	1	1	0	3	1	0	2	0	1	0	0	0	0	8	0	1	0	0	0	0	0	0	0	0	0	0	0	1	0	0	0	0	0	0	0	0	0	0	0	1	0	0	0	0
0.03	north11_all	80	45331	17668	6616	6072	6882	3979	2914	4118	1775	1738	1064	1206	901	715	880	546	706	365	391	596	262	512	428	311	304	202	230	131	132	139	195	91	120	184	119	107	65	42	95	78	37	40	65	33	22	30	36	21	17	13	19	20	12	23	21	15	14	9	9	12	6	11	4	0	8	4	10	2	2	1	3	0	6	2	1	6	1	5	0	1	3	3	1	0	2	2	2	0	0	0	0	0	0	7	0	2	0	0	0	0	1	0	0	3	1	0	0	0	0	0	0	0	0	0	0	0	0	1	0	0	0	0	0	1	0	1
0.03	north11_active	80	28107	10548	3139	3291	4252	2214	1608	2462	891	988	510	676	470	342	493	248	407	162	211	366	117	372	259	176	175	110	131	69	67	73	117	41	70	121	77	60	36	17	52	45	17	16	36	22	7	15	20	10	7	8	9	15	7	18	6	7	4	4	1	6	3	7	2	0	3	1	8	1	0	0	2	0	5	0	1	2	0	5	0	1	3	2	1	0	0	2	2	0	0	0	0	0	0	3	0	1	0	0	0	0	1	0	0	3	0	0	0	0	0	0	0	0	0	0	0	0	0	0	0	0	0	0	0	0	0	1
0.03	north12_all	80	45403	17765	6605	6148	6845	4019	2880	4183	1783	1710	1049	1268	898	710	846	563	718	406	398	640	276	496	426	280	311	221	233	143	131	142	174	94	124	147	113	106	64	41	71	73	39	47	66	32	31	26	36	25	15	16	26	15	18	22	14	10	13	11	9	14	7	8	4	0	10	2	8	2	2	3	2	1	6	3	0	4	1	9	0	2	1	3	0	1	2	2	2	1	0	0	0	0	0	3	4	2	0	0	0	0	1	0	0	3	0	0	0	0	0	0	0	0	0	0	0	0	0	1	0	0	0	0	0	1	0	1
0.03	north12_active	80	28216	10482	3109	3323	4156	2254	1553	2559	927	991	506	684	474	323	495	265	435	182	205	389	118	333	260	161	191	109	127	84	64	78	112	44	76	92	64	53	35	17	40	42	18	26	39	22	13	12	17	13	6	10	14	8	10	18	2	3	5	7	1	8	5	4	4	0	5	1	6	1	0	0	2	1	5	2	0	2	0	9	0	2	1	2	0	0	0	2	2	1	0	0	0	0	0	3	4	1	0	0	0	0	1	0	0	3	0	0	0	0	0	0	0	0	0	0	0	0	0	0	0	0	0	0	0	0	0	1
0.03	north13_all	80	45251	18149	6639	6085	6990	3982	2896	4085	1784	1744	1026	1325	932	725	810	565	709	400	368	660	280	558	452	281	309	230	222	160	128	125	179	84	143	130	102	90	60	41	76	79	33	61	64	30	30	30	30	25	17	15	31	19	16	22	9	9	16	14	9	16	11	7	5	2	11	2	3	4	7	2	1	1	4	3	1	1	1	7	0	2	1	4	2	1	2	2	2	1	0	0	0	0	0	0	4	0	1	0	0	0	0	0	0	0	0	0	0	0	0	0	0	0	0	0	0	0	0	0	0	0	0	0	0	0	0	0
0.03	north13_active	80	28124	10779	3113	3263	4336	2235	1540	2519	915	1040	500	719	489	343	487	276	438	176	192	388	125	352	285	158	179	120	124	98	63	68	132	36	100	85	55	52	40	19	52	48	16	37	41	18	13	13	15	13	8	10	22	15	10	17	2	1	7	10	1	10	8	2	3	0	6	2	3	2	6	0	1	1	4	3	1	1	0	7	0	2	1	4	0	0	0	2	2	1	0	0	0	0	0	0	4	0	0	0	0	0	0	0	0	0	0	0	0	0	0	0	0	0	0	0	0	0	0	0	0	0	0	0	0	0	0	0
0.03	north14_all	80	45358	18209	6694	6092	7037	3998	2856	4131	1777	1774	1061	1310	954	741	801	543	670	419	380	645	290	593	441	272	325	244	235	166	123	131	176	90	155	116	117	111	66	41	96	82	36	57	52	19	30	27	43	26	17	18	32	25	19	16	11	6	22	13	10	14	8	9	6	7	11	4	7	5	7	6	0	1	6	4	1	5	1	10	1	2	9	4	2	2	1	0	1	3	0	2	0	0	0	0	4	0	1	0	0	0	0	0	0	0	0	0	0	0	0	0	0	0	1	0	0	0	0	0	0	0	0	0	0	0	0	0
0.03	north14_active	80	28098	10794	3139	3263	4319	2292	1505	2605	897	1087	501	732	496	358	467	276	405	188	196	376	133	375	272	157	188	141	129	89	55	73	126	39	113	77	70	74	39	19	62	58	19	35	32	7	13	11	21	9	7	10	22	19	12	12	2	1	11	9	4	7	5	1	2	0	3	3	7	3	6	3	0	1	6	3	1	4	0	7	1	2	1	4	0	0	1	0	1	2	0	1	0	0	0	0	4	0	0	0	0	0	0	0	0	0	0	0	0	0	0	0	0	0	1	0	0	0	0	0	0	0	0	0	0	0	0	0
0.03	north15_all	80	45445	18046	6662	6071	7130	3990	2982	4111	1859	1873	1095	1243	978	701	842	530	670	409	377	625	289	581	429	292	299	252	229	176	125	136	184	98	156	122	117	116	66	45	104	79	38	51	49	23	35	27	37	22	20	27	32	26	15	9	8	6	17	20	11	21	7	8	5	7	9	6	7	6	9	5	0	0	7	4	1	4	0	3	1	0	9	4	2	1	1	1	0	2	0	2	0	0	0	0	4	0	1	0	0	0	0	0	0	0	0	0	0	0	0	0	0	0	1	0	0	0	0	0	0	0	0	0	0	0	0	0
0.03	north15_active	80	28035	10632	3107	3249	4398	2259	1665	2604	933	1157	510	694	503	355	488	271	388	186	203	388	134	348	250	158	167	149	109	99	56	73	123	44	112	80	78	84	40	21	64	56	20	31	33	7	13	10	18	7	12	17	25	19	8	5	2	3	11	14	4	14	6	1	1	0	3	5	7	3	8	3	0	0	6	3	1	3	0	0	1	0	1	4	0	0	1	1	0	1	0	1	0	0	0	0	4	0	0	0	0	0	0	0	0	0	0	0	0	0	0	0	0	0	1	0	0	0	0	0	0	0	0	0	0	0	0	0
0.03	north16_all	80	45890	17754	6619	5998	7205	4093	3020	4018	1811	1871	1120	1235	956	723	859	561	652	405	389	646	289	491	458	311	278	248	224	183	116	130	185	90	148	112	145	108	78	52	139	69	48	45	50	28	28	23	37	21	17	31	39	17	19	10	12	7	12	12	10	13	5	8	6	6	8	4	4	6	7	5	0	1	10	2	0	4	0	8	1	3	8	1	1	1	1	1	0	3	0	2	0	0	1	0	0	0	0	0	0	0	0	0	0	0	0	0	0	0	0	0	0	0	1	0	0	0	1	0	0	0	0	0	0	0	0	0
0.03	north16_active	80	28245	10444	3080	3229	4484	2315	1741	2510	914	1105	523	699	482	355	472	265	356	179	202	402	136	294	263	178	168	158	111	97	48	68	122	37	98	72	97	79	46	22	82	46	25	23	31	14	11	13	20	7	9	19	29	11	10	7	5	3	10	7	4	9	3	2	2	0	2	3	4	3	5	3	0	0	6	1	0	3	0	5	1	3	0	1	0	0	1	1	0	2	0	1	0	0	1	0	0	0	0	0	0	0	0	0	0	0	0	0	0	0	0	0	0	0	1	0	0	0	0	0	0	0	0	0	0	0	0	0
0.03	north17_all	80	46258	17950	6602	5964	7176	4029	3137	3968	1758	1924	1138	1246	907	710	839	591	676	406	384	635	267	480	442	324	273	260	213	178	118	135	165	89	143	140	122	125	86	58	124	61	44	45	49	34	29	25	32	20	16	27	51	25	23	16	14	10	11	13	13	20	6	7	5	2	8	3	4	6	5	5	1	1	7	2	5	1	0	5	0	3	0	1	0	0	2	3	0	2	0	1	0	0	1	0	0	3	0	0	0	0	0	0	0	0	0	0	0	0	0	0	0	0	0	0	0	0	1	0	0	0	0	0	0	0	0	0
0.03	north17_active	80	28482	10546	3025	3172	4387	2280	1811	2447	887	1089	538	679	447	333	478	272	369	182	179	398	122	293	255	184	154	164	109	95	42	71	103	41	92	85	84	81	50	25	80	38	16	23	28	21	10	11	17	11	9	16	41	9	14	11	7	6	7	9	6	14	3	4	3	0	5	2	3	3	4	2	0	0	3	1	3	0	0	5	0	3	0	0	0	0	1	1	0	1	0	1	0	0	1	0	0	3	0	0	0	0	0	0	0	0	0	0	0	0	0	0	0	0	0	0	0	0	0	0	0	0	0	0	0	0	0	0
0.03	north18_all	80	45879	18026	6575	6003	7242	3986	3092	3821	1730	1871	1144	1287	921	740	808	570	659	414	375	611	263	469	423	332	276	249	203	164	115	133	164	89	152	159	119	127	97	59	122	46	49	52	53	38	26	26	29	18	23	26	63	26	17	20	9	12	9	18	10	19	8	6	7	2	8	4	2	2	4	2	2	1	6	2	5	1	0	8	0	4	2	1	0	0	1	2	0	1	1	0	0	0	1	0	0	3	0	0	0	0	0	0	0	0	0	0	0	0	0	0	0	0	0	0	0	0	1	0	0	0	0	0	0	0	0	0
0.03	north18_active	80	28392	10632	2995	3167	4514	2258	1752	2350	888	1030	551	698	468	342	469	254	374	196	174	357	124	279	255	196	159	157	104	84	46	76	114	41	99	91	83	72	58	27	80	29	19	23	33	24	11	13	13	10	14	14	45	12	13	13	6	6	5	13	4	15	4	4	5	1	8	2	1	1	3	0	0	0	3	1	3	0	0	8	0	3	1	0	0	0	0	0	0	1	0	0	0	0	1	0	0	3	0	0	0	0	0	0	0	0	0	0	0	0	0	0	0	0	0	0	0	0	0	0	0	0	0	0	0	0	0	0
0.03	north19_all	80	45514	18224	6607	5973	7364	3865	3195	3907	1721	1885	1126	1293	895	747	815	563	653	410	379	633	268	493	433	340	273	242	201	142	128	130	176	91	159	162	124	132	90	49	97	51	50	51	40	41	23	27	30	15	26	15	48	26	14	21	13	13	16	14	7	19	7	6	8	3	7	2	8	4	3	1	3	1	2	2	5	5	0	5	1	1	5	1	0	0	1	3	1	1	3	0	1	0	0	0	0	3	1	0	0	0	0	0	1	0	0	0	1	0	0	0	0	0	0	0	0	0	0	0	0	0	0	0	0	0	0	0
0.03	north19_active	80	28025	10862	3042	3128	4589	2191	1782	2425	882	1091	546	723	467	339	462	261	372	188	189	366	120	285	294	210	149	142	110	74	56	75	128	45	97	93	87	65	52	24	62	40	22	25	24	27	9	16	17	10	13	7	31	13	10	15	7	8	10	10	4	15	4	4	6	1	6	0	3	2	2	0	1	0	0	1	3	4	0	5	0	0	1	0	0	0	0	1	0	1	2	0	1	0	0	0	0	3	0	0	0	0	0	0	0	0	0	0	0	0	0	0	0	0	0	0	0	0	0	0	0	0	0	0	0	0	0	0
0.03	north20_all	80	45195	17723	6729	5934	7288	3745	3186	4005	1738	1840	1088	1309	889	741	851	529	650	401	382	621	296	510	437	324	279	236	184	140	145	147	186	102	176	189	137	119	78	54	93	50	40	59	43	34	22	21	23	15	30	19	50	31	12	15	8	16	16	15	5	16	13	5	7	5	9	5	8	4	1	2	2	2	1	3	4	6	0	3	2	1	8	0	0	0	0	2	1	1	3	0	1	0	0	1	0	0	1	0	0	0	1	0	1	0	0	2	1	0	0	1	0	0	0	0	0	0	0	0	0	0	2	0	0	0	0	0
0.03	north20_active	80	27981	10494	3145	3211	4507	2061	1793	2514	887	1039	523	751	486	358	466	251	374	181	202	370	141	305	264	198	164	124	90	73	64	91	131	55	115	105	96	60	46	27	63	36	20	26	28	23	8	15	14	7	16	8	33	16	9	9	4	10	10	11	1	13	11	4	4	1	7	2	4	1	0	0	1	1	0	1	3	4	0	3	1	0	4	0	0	0	0	2	0	1	2	0	1	0	0	1	0	0	0	0	0	0	0	0	0	0	0	2	0	0	0	1	0	0	0	0	0	0	0	0	0	0	0	0	0	0	0	0
0.03	south21_all	80	45367	18074	6637	5909	6992	4056	2910	4101	1773	1768	1070	1329	999	719	846	560	684	402	377	534	276	531	412	302	286	268	206	176	113	152	209	96	186	141	153	141	94	55	90	104	50	46	27	36	22	23	36	28	25	24	31	30	20	15	15	17	23	10	6	10	8	17	3	6	13	2	5	3	11	7	2	5	2	2	4	3	2	1	2	3	1	0	0	1	0	2	0	0	0	0	0	1	0	0	0	0	0	1	0	1	0	0	0	0	0	1	0	1	0	0	0	0	0	0	0	0	0	0	0	0	0	0	0	0	0	0
0.03	south21_active	80	28245	10793	3078	3241	4303	2300	1586	2554	936	981	511	775	550	336	484	266	381	187	182	345	127	350	254	169	164	133	120	82	50	85	150	47	103	94	97	86	49	34	55	60	20	25	15	20	11	10	17	11	13	15	17	15	14	9	3	13	9	4	2	4	2	8	1	4	7	0	4	2	9	3	1	3	1	0	3	0	1	1	0	0	1	0	0	0	0	2	0	0	0	0	0	0	0	0	0	0	0	0	0	1	0	0	0	0	0	1	0	0	0	0	0	0	0	0	0	0	0	0	0	0	0	0	0	0	0	0
0.03	south22_all	80	45737	18046	6639	5893	6988	4034	2969	4199	1757	1777	1031	1292	975	741	787	549	726	391	340	585	300	492	394	305	264	239	214	163	125	141	172	95	204	142	139	132	100	41	88	86	48	47	31	33	25	25	41	26	30	25	37	36	14	14	12	17	27	13	11	10	8	13	3	5	13	4	4	3	8	6	3	6	2	2	5	2	2	1	1	3	1	0	1	0	0	2	0	0	0	0	1	1	0	0	0	0	0	1	0	1	0	0	0	0	0	0	0	1	0	0	0	0	0	0	0	0	0	0	0	0	0	0	0	0	0	0
0.03	south22_active	80	28351	10786	3092	3197	4287	2286	1616	2605	916	1001	482	731	525	346	450	254	428	191	165	375	137	315	257	166	143	120	123	75	56	81	110	46	111	98	91	82	43	27	48	53	23	23	17	20	9	11	24	11	16	17	21	22	10	7	3	11	13	7	5	4	2	6	0	4	9	1	1	2	2	2	1	3	1	0	4	1	1	0	0	0	1	0	1	0	0	2	0	0	0	0	0	0	0	0	0	0	0	0	0	1	0	0	0	0	0	0	0	0	0	0	0	0	0	0	0	0	0	0	0	0	0	0	0	0	0	0
0.03	south23_all	80	45272	18108	6639	5896	6965	4018	3015	4352	1784	1816	1045	1250	962	754	764	563	710	393	360	596	295	499	404	320	285	204	228	157	113	129	177	90	190	194	114	126	100	48	89	77	47	46	39	32	23	25	36	20	24	30	30	26	17	13	14	15	27	16	13	13	8	13	3	8	6	5	5	1	8	5	2	6	2	4	5	6	1	1	1	4	1	1	1	0	0	3	0	0	0	0	1	3	0	0	0	0	0	0	0	1	0	0	0	0	0	0	0	0	0	0	0	0	0	0	0	0	0	0	0	0	0	0	0	0	0	0
0.03	south23_active	80	27916	10854	3123	3199	4212	2313	1661	2705	930	1039	469	702	510	352	412	255	426	196	178	359	140	331	257	174	151	103	133	70	48	65	104	42	114	132	69	83	44	31	51	49	22	25	21	19	9	11	24	9	11	23	16	14	11	7	3	8	15	10	7	4	3	7	1	6	4	3	1	1	2	2	0	3	2	2	4	6	0	0	0	2	1	1	1	0	0	2	0	0	0	0	0	2	0	0	0	0	0	0	0	1	0	0	0	0	0	0	0	0	0	0	0	0	0	0	0	0	0	0	0	0	0	0	0	0	0	0
0.03	south24_all	80	45413	18183	6497	5917	6925	4039	2901	4227	1809	1876	1080	1198	941	760	744	560	715	377	376	602	294	495	406	331	290	181	226	156	121	131	180	94	205	224	130	124	86	42	71	69	44	40	42	35	26	24	30	19	28	19	23	32	16	11	12	10	15	14	12	11	9	4	4	6	5	4	9	0	7	4	1	5	2	5	1	7	1	3	1	4	0	1	1	0	0	4	0	0	0	0	1	2	0	3	0	0	0	0	0	0	0	0	0	0	0	0	0	0	1	0	0	0	0	0	0	0	0	0	0	0	0	0	0	0	0	0
0.03	south24_active	80	28141	10985	3046	3230	4251	2340	1621	2593	958	1103	482	674	456	340	403	263	434	188	182	362	131	304	248	191	168	100	134	74	53	66	101	46	120	149	76	82	37	22	31	43	18	20	21	21	11	9	18	13	14	13	16	16	10	5	5	5	11	10	6	3	5	3	1	3	3	3	4	0	0	2	0	3	2	2	1	6	0	2	0	2	0	1	1	0	0	2	0	0	0	0	0	2	0	2	0	0	0	0	0	0	0	0	0	0	0	0	0	0	1	0	0	0	0	0	0	0	0	0	0	0	0	0	0	0	0	0
0.03	south25_all	80	45590	18319	6490	5926	6948	3986	2870	4160	1850	1854	1074	1240	926	737	792	541	685	398	379	622	283	547	396	336	301	188	225	153	121	127	165	98	183	229	125	100	81	46	80	72	41	42	43	38	31	20	27	17	23	20	27	30	15	13	13	12	7	18	9	16	9	8	5	6	5	4	10	1	2	5	1	4	2	4	1	7	1	3	0	4	0	1	5	0	0	3	0	0	0	1	0	4	1	3	1	0	0	0	1	1	0	0	0	0	0	0	0	0	1	0	0	0	0	0	0	0	0	0	0	0	0	0	0	0	0	0
0.03	south25_active	80	28285	11132	3049	3157	4231	2322	1596	2609	979	1075	498	700	433	334	415	266	405	178	189	386	124	321	235	190	177	89	130	75	51	64	100	48	115	158	66	65	44	23	46	46	20	24	26	23	15	7	15	10	11	11	20	15	8	9	5	4	5	13	5	6	5	8	3	3	3	4	4	0	0	4	0	2	2	3	1	6	0	3	0	2	0	1	5	0	0	1	0	0	0	0	0	4	1	2	1	0	0	0	1	1	0	0	0	0	0	0	0	0	1	0	0	0	0	0	0	0	0	0	0	0	0	0	0	0	0	0
0.03	south26_all	80	45827	18421	6562	5881	7010	3961	2903	4233	1820	1871	1068	1318	934	682	822	537	716	409	409	672	284	585	393	343	304	194	188	158	133	127	148	98	172	200	130	111	81	48	65	74	34	45	30	36	27	22	27	23	21	17	33	27	12	16	9	16	20	14	5	15	10	10	6	3	6	1	11	2	4	7	2	3	1	4	3	2	1	5	0	1	0	0	7	0	0	3	0	1	1	2	0	4	1	4	1	0	0	0	1	1	0	0	0	0	0	0	0	0	2	0	0	0	0	0	0	0	0	0	0	0	0	0	0	0	0	0
0.03	south26_active	80	28561	11057	3042	3169	4358	2282	1607	2742	953	1092	503	741	424	316	452	266	415	183	189	445	138	355	235	211	175	103	100	83	56	71	81	50	105	131	75	78	47	25	40	44	15	22	17	21	12	5	14	13	12	5	21	9	5	12	6	7	18	12	2	5	3	9	3	1	3	1	8	1	0	6	1	1	1	3	2	1	0	3	0	0	0	0	6	0	0	0	0	0	1	0	0	4	1	2	1	0	0	0	1	1	0	0	0	0	0	0	0	0	1	0	0	0	0	0	0	0	0	0	0	0	0	0	0	0	0	0
0.03	south27_all	80	45976	18182	6596	5987	7113	3951	2918	4183	1866	1806	1076	1313	901	710	884	552	722	406	377	731	293	592	367	311	336	226	194	153	120	131	146	90	185	162	135	105	78	50	80	68	30	48	27	39	32	30	28	26	19	21	31	23	10	15	16	20	22	16	6	11	7	11	4	2	5	3	6	2	4	8	2	5	2	3	5	2	1	3	0	1	5	0	7	0	0	3	0	1	1	2	0	5	1	3	1	0	0	0	1	1	0	0	0	0	0	0	0	0	1	0	0	0	0	0	0	0	0	0	0	0	0	0	0	0	0	0
0.03	south27_active	80	28646	10876	3087	3246	4503	2240	1640	2735	972	1024	500	748	417	342	487	257	404	181	191	476	141	375	224	188	205	129	107	76	50	77	92	43	113	91	77	71	51	22	46	37	16	21	16	22	13	9	15	16	15	5	20	6	4	12	9	11	17	8	3	5	1	9	2	2	3	1	4	1	0	7	1	1	2	2	4	1	0	1	0	0	4	0	6	0	0	0	0	0	1	0	0	4	1	2	1	0	0	0	1	1	0	0	0	0	0	0	0	0	0	0	0	0	0	0	0	0	0	0	0	0	0	0	0	0	0	0
0.03	south28_all	80	45545	17999	6678	6024	7109	4030	2926	4256	1877	1739	1071	1315	886	694	883	559	731	405	393	697	299	596	406	311	327	241	205	158	132	155	133	70	162	171	140	132	71	43	68	58	40	60	42	41	28	31	33	24	22	18	30	23	7	21	15	16	25	16	5	8	6	12	2	3	4	4	9	1	5	6	2	3	4	5	7	3	0	5	0	4	6	0	2	0	0	2	0	1	1	1	1	4	0	8	0	0	0	0	0	0	0	0	1	0	0	0	0	0	1	0	0	0	0	0	1	0	0	0	0	0	0	0	0	0	0	0
0.03	south28_active	80	28153	10654	3158	3317	4450	2326	1611	2738	1005	972	489	756	431	355	497	253	401	186	195	428	151	361	262	179	202	141	103	80	64	80	67	33	102	70	91	99	47	18	35	30	21	33	19	22	13	9	19	14	16	7	20	14	3	14	9	10	20	3	2	4	0	10	0	2	1	1	6	1	1	6	1	0	1	4	4	1	0	0	0	2	5	0	1	0	0	0	0	0	1	0	1	3	0	7	0	0	0	0	0	0	0	0	0	0	0	0	0	0	0	0	0	0	0	0	0	0	0	0	0	0	0	0	0	0	0	0
0.03	south29_all	80	44325	17697	6608	6035	6952	4016	2898	4026	1839	1705	1084	1224	906	709	860	550	705	392	359	651	285	598	469	283	299	250	204	153	116	164	152	79	154	128	125	122	78	50	71	56	38	58	44	47	35	28	28	19	32	16	33	20	8	13	19	13	17	15	7	7	5	7	2	7	4	4	8	3	4	3	2	3	6	5	6	7	2	3	0	5	7	0	2	0	0	0	0	1	0	2	2	4	0	7	0	0	0	0	0	0	1	0	1	0	0	0	0	0	1	0	0	0	0	0	1	0	0	0	0	0	0	0	0	0	0	0
0.03	south29_active	80	27208	10463	3126	3290	4333	2270	1570	2584	1006	947	528	694	461	363	481	239	387	167	169	386	133	397	312	149	198	155	105	70	57	79	82	31	95	61	84	94	55	24	37	34	17	30	20	27	15	10	15	12	16	7	23	14	5	6	12	9	8	4	3	4	1	6	1	3	1	1	6	2	1	3	2	0	2	4	2	5	0	0	0	3	6	0	1	0	0	0	0	0	0	1	1	3	0	7	0	0	0	0	0	0	0	0	0	0	0	0	0	0	0	0	0	0	0	0	0	0	0	0	0	0	0	0	0	0	0	0
0.03	south30_all	80	42666	17188	6437	5861	6615	3957	2839	3820	1772	1606	1087	1183	899	710	819	541	651	380	360	579	290	549	454	258	251	236	195	160	115	153	159	89	162	133	102	113	93	52	66	55	36	47	51	45	32	21	27	17	27	14	31	22	15	15	14	10	13	8	5	9	11	8	5	6	4	5	6	3	3	2	2	1	8	7	4	9	2	3	0	4	5	0	1	0	0	0	0	0	0	1	3	5	0	7	0	0	0	1	0	0	1	0	1	0	0	0	0	0	0	0	0	0	0	0	1	0	0	0	0	0	0	0	1	0	0	0
0.03	south30_active	80	25953	10101	3006	3116	3957	2256	1516	2404	940	885	527	664	463	364	452	248	337	157	171	347	138	349	305	136	158	141	100	75	59	71	92	38	105	74	67	76	62	28	34	39	17	28	27	27	18	7	15	9	11	6	19	17	9	7	10	7	7	2	2	5	3	8	1	2	2	2	5	2	1	2	2	0	1	4	0	8	0	0	0	3	4	0	0	0	0	0	0	0	0	1	1	4	0	7	0	0	0	0	0	0	0	0	0	0	0	0	0	0	0	0	0	0	0	0	0	0	0	0	0	0	0	0	0	0	0	0
0.03	south31_all	80	45493	18161	6597	6046	6940	3983	3029	4096	1795	1879	1027	1263	920	723	848	560	614	368	377	624	273	532	402	259	292	231	212	154	115	133	177	89	162	175	130	104	99	48	138	65	35	65	49	44	26	37	22	28	27	15	23	36	20	20	11	23	19	14	7	14	5	12	2	6	8	4	7	4	4	4	1	2	1	2	5	0	1	0	1	2	6	1	3	4	1	0	0	2	2	1	0	0	2	1	0	2	0	0	0	0	0	0	0	0	2	0	0	0	0	0	0	1	0	0	0	0	0	0	0	0	0	0	0	0	0	0
0.03	south31_active	80	28337	10706	3134	3267	4222	2272	1677	2638	965	1126	483	686	494	334	488	272	351	176	180	395	121	349	245	130	163	125	110	77	59	78	109	37	102	100	87	63	61	17	84	34	15	42	24	23	8	18	9	4	10	7	17	23	8	15	7	18	10	8	2	3	4	6	1	2	6	1	2	2	1	3	1	1	0	1	4	0	0	0	0	2	4	1	3	2	1	0	0	0	0	0	0	0	1	1	0	0	0	0	0	0	0	0	0	0	2	0	0	0	0	0	0	0	0	0	0	0	0	0	0	0	0	0	0	0	0	0
0.03	south32_all	80	45699	18042	6614	5967	7114	3999	2977	4273	1757	1877	1087	1284	928	727	835	592	714	394	358	620	277	528	410	263	285	221	218	146	123	139	161	87	157	162	130	107	101	56	140	64	35	52	48	43	29	34	20	25	25	11	28	17	24	18	13	22	17	13	9	15	7	16	3	6	6	7	7	5	3	5	2	4	2	3	3	0	0	0	3	2	6	1	3	5	1	0	0	2	2	1	0	0	0	1	0	1	0	0	0	0	0	0	0	0	2	0	2	0	0	0	0	0	0	0	0	0	0	0	0	0	0	0	0	0	0	0
0.03	south32_active	80	28249	10654	3074	3181	4331	2291	1672	2769	945	1092	511	698	475	332	480	275	425	177	163	388	132	348	237	134	151	123	115	83	49	80	91	38	106	98	83	67	63	24	96	36	17	34	27	20	12	15	6	5	10	5	21	6	15	10	8	16	10	8	3	3	4	9	3	3	4	2	2	2	1	4	2	2	1	1	3	0	0	0	1	2	4	1	3	3	1	0	0	0	0	0	0	0	0	1	0	0	0	0	0	0	0	0	0	0	2	0	2	0	0	0	0	0	0	0	0	0	0	0	0	0	0	0	0	0	0	0
0.03	south33_all	80	46128	17825	6550	5937	6986	4005	3077	4497	1819	1883	1079	1290	968	706	826	568	710	389	358	644	259	476	434	257	288	232	214	151	113	131	143	85	182	161	120	124	99	54	133	66	42	57	45	42	33	30	25	20	27	11	24	12	25	18	15	21	17	15	9	11	10	15	3	5	0	5	5	6	4	6	3	2	2	2	0	0	1	0	3	3	6	2	2	4	1	0	1	2	2	1	1	0	0	1	0	0	0	0	0	0	0	0	0	0	2	1	2	0	0	0	0	0	0	0	0	0	0	0	0	0	0	0	0	0	0	0
0.03	south33_active	80	28536	10433	3098	3141	4321	2317	1766	2879	1003	1073	497	724	470	327	445	269	417	180	167	411	127	298	240	126	157	126	122	84	46	70	73	33	110	93	71	76	55	24	87	42	22	37	31	22	18	13	11	9	14	6	16	8	18	10	11	14	15	10	2	2	7	8	2	4	0	2	2	2	1	3	3	1	1	0	0	0	0	0	2	2	4	2	2	3	1	0	0	0	0	0	0	0	0	1	0	0	0	0	0	0	0	0	0	0	2	1	2	0	0	0	0	0	0	0	0	0	0	0	0	0	0	0	0	0	0	0
0.03	south34_all	80	46215	17745	6625	5988	7120	4113	3152	4326	1816	1857	1086	1316	921	652	786	539	708	391	351	595	257	469	420	273	284	229	200	161	107	139	163	96	187	224	119	125	100	47	105	71	52	70	52	35	28	25	23	25	20	16	31	27	20	17	16	22	17	13	8	10	11	11	6	5	1	6	5	7	3	4	5	3	5	2	0	0	1	3	3	3	1	2	1	2	1	0	1	1	2	1	2	0	0	1	0	0	0	0	0	0	0	0	1	0	0	1	2	0	0	0	0	0	0	0	0	0	0	0	0	0	0	0	0	0	0	0
0.03	south34_active	80	28549	10356	3131	3169	4460	2406	1805	2757	994	1019	495	773	424	302	417	251	418	187	166	375	119	293	252	146	153	135	112	93	37	77	83	41	121	169	69	73	55	24	72	44	22	43	30	15	16	11	10	18	13	9	21	16	15	6	12	13	15	9	2	1	5	5	3	4	0	3	3	2	0	1	5	2	4	0	0	0	0	1	2	2	0	1	0	1	0	0	0	0	0	0	0	0	0	1	0	0	0	0	0	0	0	0	0	0	0	1	2	0	0	0	0	0	0	0	0	0	0	0	0	0	0	0	0	0	0	0
0.03	south35_all	80	46080	17676	6600	5966	7082	4075	3121	4378	1818	1755	1060	1280	934	648	740	552	686	380	372	602	249	456	391	280	281	233	191	158	113	131	140	103	194	234	94	139	99	51	112	68	47	81	48	31	22	17	31	23	20	23	29	25	21	15	20	14	41	15	7	11	8	8	5	5	4	4	8	6	3	4	3	3	4	1	0	1	2	4	3	2	2	2	1	0	2	0	1	0	1	0	4	0	0	0	1	0	0	0	0	0	0	0	3	0	0	1	0	0	0	0	0	0	0	0	0	0	0	0	0	0	0	0	0	0	0	0
0.03	south35_active	80	28443	10326	3104	3142	4489	2373	1793	2802	925	963	477	736	436	290	388	280	405	191	185	375	111	268	228	136	159	136	104	91	46	66	65	52	131	172	54	81	45	25	74	40	21	50	28	15	13	7	17	17	14	13	17	11	15	5	13	6	29	10	3	1	3	2	2	3	2	2	3	2	0	1	3	1	3	0	0	1	1	1	2	1	2	1	0	0	1	0	0	0	0	0	2	0	0	0	1	0	0	0	0	0	0	0	2	0	0	1	0	0	0	0	0	0	0	0	0	0	0	0	0	0	0	0	0	0	0	0
0.03	south36_all	80	46232	17611	6648	5951	7107	3965	3057	4292	1780	1780	1019	1313	940	701	719	542	657	389	356	549	244	489	362	303	253	232	194	162	123	136	156	101	158	244	108	132	79	50	112	65	58	80	56	34	21	14	26	32	21	24	31	34	10	10	15	15	41	14	5	10	5	5	5	7	5	4	7	5	6	4	3	3	5	0	3	1	1	6	0	1	3	1	1	0	2	0	0	0	1	0	3	0	0	1	2	0	0	0	1	0	0	0	3	0	0	0	0	0	0	0	0	0	0	0	0	0	0	0	0	0	0	0	0	0	0	0
0.03	south36_active	80	28669	10291	3102	3164	4488	2274	1703	2673	908	1010	470	746	435	304	389	271	387	202	175	341	106	308	216	165	140	145	105	98	50	72	68	52	119	185	65	81	39	26	69	39	30	43	32	15	12	6	15	20	13	12	21	16	5	3	10	6	30	10	4	2	1	4	2	4	2	2	2	2	4	1	3	1	3	0	2	1	1	3	0	1	2	0	0	0	1	0	0	0	0	0	2	0	0	1	1	0	0	0	1	0	0	0	2	0	0	0	0	0	0	0	0	0	0	0	0	0	0	0	0	0	0	0	0	0	0	0
0.03	south37_all	80	46304	17733	6680	5892	7031	3873	2962	4215	1742	1748	1018	1292	971	702	755	542	682	405	386	568	271	516	365	303	254	233	175	169	134	136	145	87	174	189	121	119	79	60	107	59	47	71	39	35	16	20	28	26	28	21	27	27	18	12	11	11	42	15	9	8	1	7	3	8	6	4	12	5	5	2	3	4	2	0	6	2	1	4	1	0	5	0	0	1	2	0	0	1	1	1	3	0	1	1	2	3	0	0	1	1	0	0	2	0	0	0	0	0	0	0	0	0	0	1	0	0	0	0	0	1	0	0	0	0	0	0
0.03	south37_active	80	28712	10485	3113	3131	4376	2225	1623	2642	875	1024	485	726	474	321	413	254	403	189	200	344	113	314	200	169	132	140	95	98	64	72	69	49	133	130	80	67	33	27	73	38	26	40	27	18	8	8	17	16	18	9	15	15	12	5	4	3	29	11	3	2	0	5	1	5	2	1	5	3	4	1	2	1	1	0	4	1	1	3	1	0	2	0	0	0	1	0	0	1	0	1	2	0	1	1	1	3	0	0	1	1	0	0	2	0	0	0	0	0	0	0	0	0	0	0	0	0	0	0	0	1	0	0	0	0	0	0
0.03	south38_all	80	46227	17654	6712	5991	6956	3858	2981	4155	1705	1795	1045	1279	920	706	802	526	685	425	373	575	275	517	408	312	281	240	160	164	142	148	177	82	147	165	125	106	59	55	84	68	47	67	43	35	22	20	35	26	26	17	26	26	21	16	10	11	26	17	9	14	4	4	4	9	11	4	14	6	7	4	4	7	3	1	7	2	0	2	1	0	4	0	1	1	1	0	0	1	0	1	1	1	1	1	2	3	0	0	1	1	0	0	0	0	0	0	0	0	0	0	0	0	0	1	0	2	0	1	0	1	0	0	0	0	0	0
0.03	south38_active	80	28433	10430	3119	3142	4321	2181	1606	2579	908	1037	500	716	463	329	455	240	414	195	192	324	115	320	228	190	153	138	86	94	78	73	97	44	103	102	76	58	27	21	62	44	27	41	29	17	12	11	21	15	17	7	15	16	9	8	2	3	22	14	3	9	1	3	2	7	5	1	6	2	5	2	2	3	2	1	4	1	0	2	1	0	0	0	0	0	0	0	0	1	0	1	0	0	1	1	1	3	0	0	1	1	0	0	0	0	0	0	0	0	0	0	0	0	0	0	0	2	0	1	0	1	0	0	0	0	0	0
0.03	south39_all	80	45571	17428	6739	5993	6966	3770	2927	4005	1698	1753	1054	1214	890	702	824	519	689	412	350	602	263	553	425	315	280	236	166	165	129	136	183	93	140	137	123	103	63	55	97	72	48	56	31	41	23	27	44	21	23	21	25	15	21	21	11	9	18	16	10	11	8	4	4	8	9	6	11	7	8	3	5	7	4	2	8	1	0	1	2	0	5	0	1	1	1	1	0	1	0	1	2	1	2	0	0	3	0	0	1	1	0	0	0	0	0	0	0	0	0	0	0	0	0	1	0	2	0	1	0	1	0	0	0	0	0	0
0.03	south39_active	80	27869	10319	3090	3178	4344	2085	1589	2494	920	1027	511	701	463	339	472	237	413	183	181	352	109	338	252	182	162	130	88	84	73	60	120	48	92	83	79	53	28	22	69	48	16	32	18	23	10	16	26	13	15	9	12	10	10	13	3	3	14	9	2	8	2	1	2	7	5	3	6	1	5	2	3	4	3	1	5	0	0	0	2	0	2	0	0	0	0	0	0	1	0	1	0	0	2	0	0	3	0	0	0	1	0	0	0	0	0	0	0	0	0	0	0	0	0	0	0	2	0	1	0	1	0	0	0	0	0	0
0.03	south40_all	80	43723	16807	6623	5839	6586	3680	2876	3799	1653	1766	1066	1195	861	688	801	500	677	411	341	613	263	537	400	295	310	226	186	158	108	125	175	91	119	122	105	99	57	51	72	79	47	60	33	38	28	26	48	18	23	21	36	16	17	17	11	10	19	14	8	15	11	6	6	5	8	6	7	7	4	4	3	7	4	2	6	0	0	3	1	0	3	0	1	0	1	1	0	0	0	0	2	1	1	3	0	0	0	0	1	0	0	0	0	0	0	0	0	0	0	0	0	0	0	0	0	2	0	1	0	0	0	0	0	0	0	0
0.03	south40_active	80	26401	9826	3020	3096	4074	2076	1541	2338	877	1004	524	696	424	326	457	230	388	195	164	386	113	328	240	162	201	115	98	72	55	52	115	46	80	75	69	58	31	21	38	49	15	35	15	21	13	13	31	11	9	9	14	9	6	10	3	4	9	7	4	12	4	3	3	5	6	4	4	1	2	2	2	4	3	1	3	0	0	2	1	0	2	0	0	0	0	0	0	0	0	0	0	0	1	0	0	0	0	0	0	0	0	0	0	0	0	0	0	0	0	0	0	0	0	0	0	2	0	1	0	0	0	0	0	0	0	0
