label	Group	numOtus	Otu0	Otu1	Otu2	Otu3	Otu4	Otu5	Otu6	Otu7	Otu8	Otu9	Otu10	Otu11	Otu12	Otu13	Otu14	Otu15	Otu16	Otu17	Otu18	Otu19	Otu20	Otu21	Otu22	Otu23	Otu24	Otu25	Otu26	Otu27	Otu28	Otu29	Otu30	Otu31	Otu32	Otu33	Otu34	Otu35	Otu36	Otu37	Otu38	Otu39	Otu40	Otu41	Otu42	Otu43	Otu44	Otu45	Otu46	Otu47	Otu48	Otu49	Otu50	Otu51	Otu52	Otu53	Otu54	Otu55	Otu56	Otu57	Otu58	Otu59	Otu60	Otu61	Otu62	Otu63	Otu64	Otu65	Otu66	Otu67	Otu68	Otu69	Otu70	Otu71	Otu72	Otu73	Otu74	Otu75	Otu76	Otu77	Otu78	Otu79	Otu80	Otu81	Otu82	Otu83	Otu84	Otu85	Otu86	Otu87	Otu88	Otu89	Otu90	Otu91	Otu92	Otu93	Otu94	Otu95	Otu96	Otu97	Otu98	Otu99	Otu100	Otu101	Otu102	Otu103	Otu104	Otu105	Otu106	Otu107	Otu108	Otu109	Otu110	Otu111	Otu112	Otu113	Otu114	Otu115	Otu116	Otu117	Otu118	Otu119	Otu120	Otu121	Otu122	Otu123	Otu124
0.03	north1_all	80	29474	15851	10836	10224	7502	7049	3280	2203	2807	1905	1457	1144	843	1446	950	843	1032	586	456	512	453	547	463	234	332	282	168	181	120	193	112	128	156	188	87	209	144	59	49	77	137	52	67	33	36	26	30	43	29	30	13	35	19	18	26	21	9	7	13	21	7	7	10	13	7	7	10	1	8	4	8	1	3	0	5	4	1	4	0	7	15	1	2	2	0	0	1	4	0	0	0	0	0	3	0	2	0	1	0	1	1	0	2	1	0	1	0	1	0	0	0	0	0	0	0	0	0	3	0	1	0	0	1	0	1
0.03	north1_active	80	15679	10116	7516	8458	6181	6050	2131	1101	2138	1245	864	612	319	1177	671	580	855	391	233	349	295	438	372	79	258	181	51	82	43	125	41	79	126	155	20	188	129	12	19	65	123	42	50	16	12	4	8	34	14	11	8	31	8	11	18	16	5	4	8	18	4	5	7	13	3	6	1	0	5	3	7	1	2	0	3	4	1	0	0	7	14	0	1	2	0	0	1	3	0	0	0	0	0	3	0	0	0	0	0	0	0	0	2	0	0	0	0	1	0	0	0	0	0	0	0	0	0	3	0	0	0	0	0	0	0
0.03	north2_all	80	29615	16010	10543	10446	7287	7067	3109	2241	2841	1876	1480	1169	830	1425	944	870	990	578	433	521	423	520	424	263	379	273	158	182	130	176	115	136	166	194	87	205	148	49	51	91	130	61	70	42	23	21	26	47	36	22	21	38	18	24	38	38	24	8	12	22	9	6	9	16	8	8	8	2	10	5	19	2	3	1	6	6	1	4	0	0	5	0	1	0	0	2	0	9	0	0	1	1	0	0	0	2	0	1	2	2	1	0	0	1	0	1	0	1	0	0	0	0	0	1	0	0	0	4	0	1	0	0	1	0	0
0.03	north2_active	80	15757	10171	7268	8674	5965	6063	1970	1104	2178	1221	873	623	297	1169	651	585	808	385	224	375	275	411	336	92	312	171	46	87	52	121	49	91	133	160	19	187	130	10	16	79	118	49	64	21	8	3	7	36	19	7	11	34	6	16	28	32	20	3	7	18	6	5	3	16	4	7	1	0	5	5	19	0	2	1	5	6	1	0	0	0	5	0	1	0	0	1	0	8	0	0	0	1	0	0	0	0	0	0	2	1	0	0	0	1	0	0	0	1	0	0	0	0	0	0	0	0	0	4	0	0	0	0	0	0	0
0.03	north3_all	80	29207	16077	10458	10359	7259	7217	3159	2250	2869	1833	1435	1154	879	1471	957	869	1008	636	425	508	411	532	465	253	377	272	156	187	133	161	115	147	174	183	87	187	141	43	42	99	109	58	65	40	20	16	18	38	34	18	21	37	14	22	35	35	25	8	13	11	11	8	10	13	9	10	7	3	8	5	21	3	4	3	7	4	3	2	0	0	6	0	1	1	0	2	0	7	0	0	1	2	0	0	0	2	0	1	2	2	0	0	0	1	0	1	0	1	0	0	0	0	0	1	0	0	0	1	0	1	0	0	1	0	0
0.03	north3_active	80	15566	10325	7159	8585	5938	6208	2033	1089	2202	1198	858	599	283	1218	662	581	829	446	223	368	262	423	370	73	299	173	42	96	53	113	47	103	135	157	26	171	123	11	14	83	96	45	60	20	7	4	5	23	18	4	9	29	5	15	27	30	22	3	7	8	7	6	1	12	4	7	1	2	4	5	20	0	3	1	3	4	1	0	0	0	6	0	1	1	0	1	0	6	0	0	0	1	0	0	0	0	0	0	2	1	0	0	0	1	0	0	0	1	0	0	0	0	0	0	0	0	0	1	0	0	0	0	0	0	0
0.03	north4_all	80	29314	16127	10323	10906	7395	7157	3116	2251	2774	1779	1424	1106	913	1495	968	867	1012	644	419	483	410	527	461	257	373	272	158	188	140	158	108	161	168	151	73	200	123	52	41	121	91	63	55	36	22	24	16	40	27	15	26	34	12	23	44	36	30	9	11	4	10	10	10	10	7	12	3	4	8	5	20	3	4	3	8	4	3	3	0	0	6	0	1	2	0	4	0	6	0	0	1	2	0	0	0	0	0	0	2	2	0	0	0	1	0	0	0	0	0	0	0	0	0	1	0	0	0	1	1	1	0	0	0	0	0
0.03	north4_active	80	15637	10240	6986	9069	6080	6163	1976	1067	2142	1176	863	565	281	1223	676	593	828	443	218	338	261	432	360	84	296	187	39	97	54	109	40	113	127	126	23	184	105	16	10	107	77	50	47	17	7	6	3	26	15	5	9	26	2	18	34	33	26	4	8	2	6	7	3	9	2	10	0	2	3	5	19	0	3	1	3	4	1	2	0	0	6	0	1	1	0	3	0	6	0	0	0	1	0	0	0	0	0	0	2	1	0	0	0	1	0	0	0	0	0	0	0	0	0	0	0	0	0	1	0	0	0	0	0	0	0
0.03	north5_all	80	29113	16143	10433	10664	7535	7382	3241	2275	2770	1824	1431	1101	923	1419	986	825	1060	650	456	480	419	553	493	250	367	269	157	172	148	134	99	161	144	117	74	223	151	61	40	113	119	45	49	30	23	25	20	44	20	17	19	47	9	22	29	26	15	13	17	5	15	15	10	7	7	12	2	5	4	3	16	1	6	3	5	1	6	4	0	1	2	0	0	2	0	2	0	1	0	0	0	1	0	0	0	0	0	1	2	0	0	1	0	0	0	0	0	0	0	0	0	0	0	0	0	0	0	0	1	0	0	0	0	0	0
0.03	north5_active	80	15606	10349	7072	8873	6161	6390	2076	1087	2159	1200	860	560	286	1151	701	571	867	451	236	337	281	471	398	80	292	197	45	96	49	91	30	120	102	96	20	207	131	16	10	98	105	33	41	16	8	6	3	26	9	8	7	39	2	20	24	21	12	3	13	3	10	11	3	5	3	10	1	3	1	2	15	0	3	1	1	1	4	3	0	0	2	0	0	1	0	2	0	1	0	0	0	0	0	0	0	0	0	0	2	0	0	1	0	0	0	0	0	0	0	0	0	0	0	0	0	0	0	0	0	0	0	0	0	0	0
0.03	north6_all	80	29355	16074	10273	10734	7491	7528	3181	2260	2805	1856	1538	1068	906	1363	987	829	1088	632	469	477	402	495	541	250	356	259	169	178	146	150	94	153	128	128	75	211	163	65	52	114	128	47	42	33	29	21	24	39	21	22	25	40	15	18	32	19	40	15	19	9	14	17	3	6	6	7	2	4	4	4	6	2	8	3	6	2	4	4	1	1	4	0	0	2	0	6	0	1	0	0	0	1	0	1	0	0	0	1	1	0	0	1	0	0	0	0	0	0	0	0	0	0	0	0	0	0	0	0	1	0	0	0	0	0	0
0.03	north6_active	80	15612	10285	6960	8947	6127	6578	2049	1101	2168	1246	918	549	307	1096	711	580	883	428	242	323	265	414	434	79	288	190	45	96	44	99	31	111	89	111	24	193	140	17	16	98	115	33	34	18	12	6	7	23	8	11	8	33	8	16	28	12	37	4	14	8	9	12	2	5	4	6	1	1	1	2	4	0	5	2	2	1	3	3	1	0	4	0	0	1	0	6	0	1	0	0	0	0	0	1	0	0	0	0	1	0	0	1	0	0	0	0	0	0	0	0	0	0	0	0	0	0	0	0	0	0	0	0	0	0	0
0.03	north7_all	80	29695	15896	10267	10621	7302	7374	3195	2239	2855	1901	1577	1096	890	1290	999	762	1074	633	525	491	362	473	526	265	360	250	179	183	139	151	109	171	125	172	81	242	156	52	60	95	110	57	42	36	26	27	23	31	23	25	22	29	18	16	32	17	42	19	16	10	12	15	5	16	10	2	5	5	2	18	10	1	7	3	3	1	8	3	1	1	3	2	1	2	0	4	0	1	0	1	0	0	0	1	0	0	0	1	1	1	0	1	0	0	0	0	0	0	0	0	0	0	0	0	0	0	0	0	0	0	0	0	0	0	0
0.03	north7_active	80	15888	10105	6990	8825	5949	6416	2056	1105	2196	1270	950	565	318	1033	700	545	883	430	276	331	236	400	421	83	294	183	40	85	41	97	38	125	93	158	25	225	133	15	28	78	100	41	36	23	15	8	9	19	10	11	6	23	11	13	31	10	40	6	11	9	8	11	4	15	6	2	3	1	1	16	8	0	3	2	2	0	6	2	1	0	3	0	1	0	0	4	0	0	0	0	0	0	0	1	0	0	0	0	1	0	0	1	0	0	0	0	0	0	0	0	0	0	0	0	0	0	0	0	0	0	0	0	0	0	0
0.03	north8_all	80	29939	15883	10342	10419	7478	7355	3194	2240	2796	1866	1559	1100	880	1277	983	756	1065	657	527	495	370	463	463	245	325	258	173	184	140	153	117	129	138	192	78	231	173	52	64	99	92	69	59	35	29	27	22	28	19	22	18	18	25	16	20	19	44	17	12	13	10	9	10	15	7	2	7	4	2	20	14	1	4	4	3	2	5	1	1	2	2	2	1	1	0	5	1	2	1	1	1	0	0	1	0	0	0	0	1	2	0	0	0	0	0	0	0	0	0	0	0	0	0	0	0	0	0	0	0	0	0	0	0	0	0
0.03	north8_active	80	15985	10093	7034	8629	6149	6379	2053	1081	2129	1239	948	576	323	1045	670	549	877	450	286	330	243	389	357	74	248	180	32	81	45	90	43	80	103	168	28	214	148	13	30	81	80	54	47	17	17	8	9	20	7	8	5	13	13	10	19	13	42	6	7	12	4	5	7	14	5	2	4	0	1	18	11	0	2	3	1	0	3	1	1	0	2	0	1	0	0	5	1	1	0	0	1	0	0	1	0	0	0	0	1	0	0	0	0	0	0	0	0	0	0	0	0	0	0	0	0	0	0	0	0	0	0	0	0	0	0
0.03	north9_all	80	29767	15711	10398	10661	7521	7336	3180	2231	2806	1870	1563	1088	859	1237	931	704	1057	677	527	486	391	491	475	253	339	263	156	185	138	140	125	131	131	194	74	199	138	50	58	96	87	79	54	34	25	30	20	27	21	20	14	27	16	18	11	39	47	15	12	10	7	20	11	14	8	3	8	3	3	23	14	3	8	4	2	2	5	1	1	1	2	2	2	1	1	1	1	2	1	1	1	0	0	0	3	0	0	0	2	2	0	0	0	0	0	0	0	0	0	0	0	0	0	0	0	0	0	0	0	0	0	0	0	0	0
0.03	north9_active	80	15866	9962	7119	8836	6181	6349	2058	1081	2105	1231	965	579	295	991	619	488	873	457	290	337	259	412	378	76	253	182	26	85	44	83	45	89	98	169	27	181	116	14	24	79	70	65	40	17	14	8	8	18	12	4	2	22	7	11	9	37	46	8	8	9	2	19	8	13	5	3	4	0	0	23	11	0	3	1	1	0	3	1	0	0	2	0	1	0	1	1	1	1	0	0	1	0	0	0	3	0	0	0	2	0	0	0	0	0	0	0	0	0	0	0	0	0	0	0	0	0	0	0	0	0	0	0	0	0	0
0.03	north10_all	80	29904	15708	10549	10569	7604	7277	3256	2246	2749	1850	1499	1123	865	1325	886	754	1026	646	496	488	449	544	483	236	330	266	162	183	134	143	109	134	132	179	69	145	135	60	58	129	76	91	60	33	25	28	23	30	23	17	18	33	15	30	6	33	26	12	12	8	7	19	11	22	11	5	11	2	5	9	10	2	8	5	3	1	5	1	3	1	0	1	1	0	1	7	5	1	1	1	1	0	0	0	4	0	0	0	1	1	0	0	0	0	0	0	0	0	0	0	0	0	0	0	0	0	0	0	0	0	0	0	0	0	0
0.03	north10_active	80	15861	9937	7208	8727	6253	6282	2139	1086	2056	1201	905	604	292	1076	571	513	844	451	280	349	291	456	396	71	244	196	32	82	44	90	38	93	95	146	24	129	118	15	22	113	60	74	44	19	10	7	6	21	15	7	5	28	5	22	5	32	25	6	8	6	0	18	9	21	9	2	5	0	2	9	8	0	4	1	0	0	4	1	1	0	0	0	0	0	1	7	4	1	0	0	1	0	0	0	3	0	0	0	1	0	0	0	0	0	0	0	0	0	0	0	0	0	0	0	0	0	0	0	0	0	0	0	0	0	0
0.03	north11_all	80	29553	15848	10678	10704	7380	6952	3239	2226	2794	1770	1588	1146	887	1347	906	843	1042	591	474	546	378	493	500	232	316	241	182	174	151	163	117	139	110	184	77	148	93	40	40	87	86	78	64	28	34	22	20	28	16	19	25	47	15	5	12	21	10	10	12	21	18	20	13	22	10	12	4	7	2	8	0	1	2	1	3	1	10	2	2	9	1	3	4	1	1	1	1	0	6	0	2	2	1	0	1	0	0	2	1	0	5	0	0	1	0	0	1	0	0	0	0	0	0	0	0	0	2	0	0	0	0	0	0	0	0
0.03	north11_active	80	15757	9974	7217	8827	5954	6031	2051	1069	2174	1150	985	583	292	1074	592	593	871	392	268	401	232	423	407	70	233	159	49	93	49	95	51	93	80	157	23	128	75	11	15	65	69	63	51	11	6	2	7	22	4	12	9	42	5	2	6	15	7	3	8	18	8	19	10	20	6	10	3	1	2	7	0	0	1	0	1	1	10	2	0	8	1	0	3	0	0	0	1	0	6	0	2	1	0	0	0	0	0	2	0	0	5	0	0	0	0	0	0	0	0	0	0	0	0	0	0	0	2	0	0	0	0	0	0	0	0
0.03	north12_all	80	29680	15635	10706	10766	7351	7137	3188	2196	2806	1762	1596	1152	860	1438	912	833	1052	567	473	511	361	566	447	229	291	257	183	174	129	178	120	137	117	176	65	186	88	46	43	100	79	80	64	29	38	23	20	33	17	24	24	35	14	13	15	24	7	9	14	28	12	21	16	16	8	15	5	7	2	4	1	3	3	1	2	1	2	2	3	8	1	1	3	1	0	1	3	0	6	0	2	2	1	0	2	0	0	2	1	0	5	0	0	1	0	0	1	0	0	0	0	0	0	0	0	0	0	0	0	0	0	0	0	0	0
0.03	north12_active	80	15922	9837	7303	8869	5897	6194	1971	1069	2183	1140	985	599	300	1154	613	580	883	365	280	365	205	460	356	71	215	168	49	90	46	119	52	95	86	148	18	164	70	10	16	75	65	62	51	10	8	2	5	26	6	14	7	29	3	10	8	18	5	3	9	26	6	20	15	14	4	13	3	2	2	3	0	1	2	0	1	1	2	2	0	8	1	0	3	0	0	0	3	0	6	0	2	1	0	0	1	0	0	2	0	0	5	0	0	0	0	0	0	0	0	0	0	0	0	0	0	0	0	0	0	0	0	0	0	0	0
0.03	north13_all	80	29800	15581	10593	10544	7417	7124	3200	2209	2765	1882	1594	1173	878	1432	915	865	1046	619	478	460	386	527	449	216	312	256	187	182	125	172	114	147	138	159	65	163	99	45	52	104	93	57	48	36	29	22	26	40	16	27	22	36	14	17	14	19	23	9	13	24	12	5	14	3	7	17	7	5	2	12	5	2	6	2	2	1	2	1	2	7	2	0	2	1	0	4	5	0	4	2	0	1	1	0	3	0	0	0	0	0	2	0	0	1	0	1	1	0	0	0	0	0	0	0	0	0	0	1	0	0	0	0	0	0	0
0.03	north13_active	80	16119	9778	7261	8694	6000	6173	1983	1067	2134	1238	964	612	303	1160	612	600	869	415	284	321	234	413	354	62	238	166	54	90	41	116	46	100	105	134	13	147	80	12	15	81	80	44	37	14	7	2	8	25	6	15	5	30	5	12	8	16	22	3	10	23	4	4	13	2	3	14	3	2	2	10	4	1	3	0	1	1	2	1	0	7	1	0	1	0	0	2	5	0	4	2	0	0	0	0	1	0	0	0	0	0	2	0	0	0	0	1	0	0	0	0	0	0	0	0	0	0	0	1	0	0	0	0	0	0	0
0.03	north14_all	80	29698	15499	10560	10234	7596	6906	3300	2170	2767	1889	1550	1184	866	1422	909	875	1030	616	463	477	405	512	478	206	354	254	177	178	123	161	99	162	163	153	61	181	121	51	53	105	72	55	48	31	28	26	29	38	27	21	17	24	18	21	20	27	29	7	15	17	5	13	14	7	6	16	8	4	2	12	5	2	5	3	0	1	0	0	2	1	2	0	3	1	0	4	6	1	1	2	0	1	0	0	2	0	0	0	0	0	1	0	0	0	0	2	0	0	0	0	0	0	0	0	0	0	0	1	0	0	0	0	0	0	0
0.03	north14_active	80	15960	9778	7258	8449	6148	5978	2074	1079	2157	1219	945	612	300	1149	601	613	842	396	269	336	262	380	378	60	258	160	49	86	41	104	38	116	128	125	12	160	96	13	17	89	62	43	36	14	13	4	11	24	8	11	3	20	12	14	13	23	27	1	11	15	1	12	12	4	1	14	4	1	2	9	4	1	3	0	0	0	0	0	0	1	0	0	2	0	0	3	4	1	1	2	0	0	0	0	1	0	0	0	0	0	1	0	0	0	0	2	0	0	0	0	0	0	0	0	0	0	0	1	0	0	0	0	0	0	0
0.03	north15_all	80	29738	15539	10686	10166	7628	7044	3423	2190	2872	1927	1538	1179	853	1351	904	858	1005	667	462	499	402	508	487	192	351	266	165	186	129	153	106	163	176	136	65	147	129	59	58	102	72	64	51	33	26	27	34	31	26	18	14	23	21	28	21	15	36	5	17	4	5	13	18	7	7	3	9	3	2	12	10	1	4	5	0	2	0	2	0	1	3	0	4	1	0	5	5	1	0	2	0	0	0	0	2	0	0	0	0	1	0	0	0	0	0	3	0	0	0	0	0	0	0	0	0	0	0	1	0	0	0	0	0	0	0
0.03	north15_active	80	15887	9876	7319	8317	6188	6088	2207	1078	2225	1263	958	594	303	1087	618	608	827	436	263	344	275	402	392	56	257	174	39	94	50	98	50	121	137	113	12	132	104	15	22	83	65	51	36	13	12	4	13	19	8	8	3	19	12	19	15	12	33	1	11	3	2	10	14	5	2	1	3	0	0	10	8	1	2	0	0	1	0	2	0	0	0	0	3	0	0	4	3	1	0	2	0	0	0	0	1	0	0	0	0	0	0	0	0	0	0	2	0	0	0	0	0	0	0	0	0	0	0	1	0	0	0	0	0	0	0
0.03	north16_all	80	29619	15392	10690	10266	7621	7056	3386	2137	2823	1944	1465	1138	873	1285	985	874	1053	668	443	509	402	535	466	212	319	272	168	165	131	136	110	144	166	148	68	143	112	61	50	127	79	67	59	39	26	28	28	35	30	19	15	25	19	34	28	28	43	3	16	17	5	14	20	14	8	2	4	5	3	6	7	2	5	4	0	2	2	2	0	1	6	0	4	2	1	3	4	6	0	2	0	0	0	0	1	1	0	0	0	1	0	0	0	0	1	2	0	0	0	2	0	0	0	0	0	0	0	1	0	0	0	0	0	0	0
0.03	north16_active	80	15799	9818	7326	8417	6210	6113	2192	1057	2198	1278	921	597	304	1027	683	622	874	452	247	346	266	443	381	68	229	173	45	85	49	80	52	106	125	126	14	123	89	17	23	108	64	55	44	15	9	5	10	19	12	9	5	24	9	27	21	25	39	2	11	15	3	10	15	12	3	0	2	0	0	4	6	1	5	0	0	1	2	2	0	0	4	0	4	0	0	3	2	6	0	2	0	0	0	0	0	0	0	0	0	0	0	0	0	0	0	1	0	0	0	0	0	0	0	0	0	0	0	1	0	0	0	0	0	0	0
0.03	north17_all	80	29477	15504	10543	10240	7713	7413	3347	2215	2822	1886	1512	1146	872	1407	969	869	1040	587	435	497	373	601	425	215	299	268	160	185	140	163	113	147	168	151	66	134	124	66	47	109	116	59	67	41	25	31	28	31	26	25	14	31	15	36	25	31	28	9	15	21	5	6	20	16	6	1	5	3	3	4	8	2	7	2	1	2	3	4	1	2	9	0	2	2	2	3	4	6	0	0	0	0	1	0	0	1	0	0	0	1	0	0	0	1	1	1	0	0	0	2	0	0	0	0	0	0	0	0	0	0	0	0	0	1	0
0.03	north17_active	80	15807	9904	7181	8381	6294	6460	2153	1075	2179	1243	930	592	307	1143	683	617	860	411	251	343	238	521	338	63	220	180	37	92	53	104	56	111	129	130	19	110	105	15	22	91	97	46	49	16	8	6	8	20	14	12	3	29	5	29	18	30	26	4	10	17	3	2	16	15	3	0	2	0	0	3	6	1	5	0	1	2	2	4	0	0	7	0	2	1	1	3	4	6	0	0	0	0	1	0	0	0	0	0	0	0	0	0	0	1	0	0	0	0	0	0	0	0	0	0	0	0	0	0	0	0	0	0	0	0	0
0.03	north18_all	80	29399	15578	10443	10411	7757	7518	3245	2247	2757	1875	1480	1125	846	1459	985	914	1086	612	444	494	405	580	455	222	294	274	158	183	150	166	119	141	187	145	70	124	135	65	47	114	106	58	64	39	32	32	29	30	22	24	12	34	14	36	23	46	32	9	13	27	8	6	18	13	4	2	4	4	7	5	8	1	8	1	2	2	3	4	2	4	8	0	1	2	2	2	4	6	0	0	0	0	1	0	0	1	0	0	1	0	0	0	0	1	1	1	0	0	0	2	1	0	0	0	0	0	0	0	0	0	0	0	0	1	0
0.03	north18_active	80	15847	9874	7130	8606	6341	6582	2097	1091	2093	1246	902	604	283	1178	699	643	865	433	264	336	267	487	366	78	236	187	43	87	57	116	55	97	128	124	21	100	117	16	16	97	87	42	49	18	12	6	7	20	16	11	2	32	2	31	15	43	30	3	9	24	5	4	15	13	2	1	2	0	3	5	5	0	6	0	2	2	2	4	1	2	7	0	1	1	1	2	4	6	0	0	0	0	1	0	0	0	0	0	0	0	0	0	0	1	0	0	0	0	0	0	1	0	0	0	0	0	0	0	0	0	0	0	0	0	0
0.03	north19_all	80	29420	15655	10458	10355	7670	7414	3232	2228	2822	1838	1511	1137	910	1519	983	857	1083	565	457	509	405	553	486	220	327	271	155	181	153	156	118	153	179	138	70	128	142	62	48	104	98	56	51	36	30	38	38	26	17	25	11	37	12	26	25	40	34	8	9	12	13	7	11	5	4	2	5	3	5	7	7	3	5	0	3	2	1	3	3	3	3	0	1	1	2	1	2	6	0	0	3	0	1	0	0	0	1	0	1	0	0	0	0	1	0	0	0	1	0	1	1	0	0	0	0	0	0	0	0	0	0	0	0	1	0
0.03	north19_active	80	15816	9910	7101	8569	6282	6498	2121	1067	2160	1219	940	612	299	1223	698	600	859	391	268	359	267	445	396	75	260	179	48	89	60	108	52	111	119	114	18	106	120	19	19	86	82	42	41	17	13	8	10	16	12	11	2	34	3	19	16	36	33	2	6	10	9	5	10	5	2	1	1	0	3	7	3	0	3	0	2	2	0	3	2	2	3	0	0	1	1	1	2	6	0	0	3	0	1	0	0	0	0	0	0	0	0	0	0	1	0	0	0	0	0	0	1	0	0	0	0	0	0	0	0	0	0	0	0	0	0
0.03	north20_all	80	29425	15805	10708	10321	7690	7134	3254	2213	2832	1888	1547	1120	862	1517	1005	856	1044	600	478	495	426	489	441	236	339	256	166	184	149	148	117	130	150	126	82	161	142	61	50	108	62	82	49	40	32	29	32	39	16	20	12	29	12	31	28	36	37	8	11	16	14	24	4	6	2	4	5	3	6	8	7	2	4	1	3	2	1	1	2	4	0	0	1	2	1	1	1	1	0	0	3	1	0	0	3	0	1	0	1	0	0	0	0	0	0	0	0	1	0	0	2	0	0	0	0	0	0	0	0	0	0	0	0	0	0
0.03	north20_active	80	15712	10059	7305	8581	6318	6213	2125	1058	2158	1322	941	606	282	1212	695	606	850	419	265	345	272	378	354	80	273	171	55	89	62	98	48	97	99	98	21	138	114	16	15	92	48	66	38	17	14	4	11	21	9	11	3	25	3	24	21	32	36	1	4	13	9	23	3	4	1	3	1	0	4	7	3	0	3	0	2	2	0	1	2	3	0	0	0	1	1	1	1	1	0	0	3	0	0	0	3	0	0	0	0	0	0	0	0	0	0	0	0	0	0	0	2	0	0	0	0	0	0	0	0	0	0	0	0	0	0
0.03	south21_all	80	27361	13965	9425	8611	6287	5953	2959	2048	2348	1733	1336	1068	860	1216	814	749	916	576	418	451	351	470	451	217	296	223	165	148	143	135	99	128	126	136	79	148	67	63	57	109	84	57	43	30	19	30	14	22	23	26	14	38	9	19	30	24	16	5	12	15	12	5	11	6	7	5	6	7	3	11	10	2	5	2	3	2	4	1	3	3	2	1	1	1	2	9	4	2	0	1	1	0	0	2	0	0	1	1	0	0	0	0	0	0	0	0	0	1	0	0	0	0	1	0	0	0	0	0	1	0	0	1	0	0	0
0.03	south21_active	80	12319	7710	5558	6530	4736	4927	1681	836	1645	970	680	460	223	889	493	452	720	335	185	267	196	366	329	52	194	131	41	63	49	74	32	81	78	98	21	133	48	10	24	88	69	39	27	9	0	4	4	17	13	13	2	31	2	6	25	22	16	0	7	14	7	2	5	6	3	0	1	0	3	6	9	0	4	0	1	1	3	0	1	3	2	0	1	0	1	8	3	2	0	0	1	0	0	0	0	0	0	1	0	0	0	0	0	0	0	0	0	1	0	0	0	0	0	0	0	0	0	0	0	0	0	1	0	0	0
0.03	south22_all	80	28233	14283	9777	9263	6598	6423	3043	2079	2363	1762	1394	1089	883	1340	858	762	960	653	416	452	367	503	414	230	340	243	163	135	139	122	97	123	121	186	79	128	84	68	54	125	67	55	51	36	15	34	15	32	27	36	15	40	13	22	34	22	18	5	11	19	17	10	8	5	4	7	7	5	4	11	7	5	2	2	3	1	2	1	2	4	2	1	4	1	1	4	1	0	3	0	1	0	0	1	0	0	1	1	0	0	0	1	0	0	0	0	0	1	0	0	0	0	1	0	0	1	0	0	1	0	0	0	0	0	0
0.03	south22_active	80	13491	8310	6077	7274	5106	5422	1818	888	1651	1066	776	506	257	1019	521	473	788	404	197	261	212	400	304	59	231	153	44	58	41	70	32	72	78	143	25	110	66	15	25	106	56	42	40	16	2	4	5	27	11	17	3	35	4	8	28	19	18	0	6	17	7	8	4	3	0	2	1	0	2	6	7	1	2	0	1	0	1	0	0	3	2	0	4	0	1	3	0	0	3	0	1	0	0	0	0	0	0	1	0	0	0	1	0	0	0	0	0	1	0	0	0	0	0	0	0	0	0	0	0	0	0	0	0	0	0
0.03	south23_all	80	28692	14969	10022	9835	6980	6610	3141	2153	2549	1826	1490	1120	911	1359	880	817	952	674	465	494	407	448	417	240	334	236	177	164	139	122	115	130	95	210	71	120	99	59	62	116	65	53	57	36	13	37	18	35	22	34	13	30	13	17	30	19	23	4	8	22	16	8	6	13	3	4	5	1	5	12	6	5	3	1	4	2	1	2	2	5	1	1	4	1	0	3	0	0	4	0	2	0	0	1	0	0	1	1	2	0	0	1	3	0	0	1	0	1	0	0	0	0	1	0	0	1	0	0	1	0	0	0	0	0	0
0.03	south23_active	80	14401	9058	6450	7911	5557	5652	1911	989	1844	1164	900	555	275	1048	546	531	805	422	248	313	251	353	315	73	243	163	47	81	46	71	40	78	64	168	23	101	85	13	29	98	53	43	47	19	5	5	5	26	8	15	4	26	5	7	25	17	23	0	3	20	5	7	1	11	0	2	1	0	1	8	6	1	2	0	1	2	1	0	0	3	1	0	4	0	0	3	0	0	3	0	2	0	0	0	0	0	0	0	0	0	0	1	3	0	0	1	0	1	0	0	0	0	0	0	0	0	0	0	0	0	0	0	0	0	0
0.03	south24_all	80	29523	15607	10353	10641	7361	6891	3190	2150	2649	1895	1563	1153	945	1318	966	853	1107	660	472	483	419	485	429	246	357	245	159	172	115	120	120	127	116	227	71	133	113	52	65	84	74	60	80	36	20	35	20	40	27	33	15	22	15	11	20	29	21	4	8	21	14	10	7	16	3	6	4	2	6	2	1	5	2	1	2	2	2	2	2	2	7	1	3	1	0	2	0	1	4	0	1	0	0	0	0	0	0	1	2	0	0	1	3	0	0	1	0	0	0	0	0	0	0	0	0	1	0	0	1	0	0	0	0	0	0
0.03	south24_active	80	15657	9741	6916	8750	6031	5940	1992	1030	1971	1259	978	606	314	1046	634	586	955	441	261	313	272	391	337	80	281	166	42	91	39	76	41	80	86	194	26	116	96	14	34	70	61	43	67	20	6	8	8	31	9	18	5	20	8	7	17	24	20	0	4	18	4	9	4	13	1	2	1	0	2	2	1	1	1	0	0	2	2	0	1	0	7	0	3	0	0	2	0	0	3	0	1	0	0	0	0	0	0	0	0	0	0	1	3	0	0	1	0	0	0	0	0	0	0	0	0	0	0	0	0	0	0	0	0	0	0
0.03	south25_all	80	29547	15833	10448	10538	7420	6960	3299	2189	2689	1933	1582	1155	877	1242	968	849	1134	653	475	440	426	498	484	239	334	237	163	181	118	142	135	136	97	194	72	144	128	50	59	62	92	67	86	43	27	27	20	37	24	19	11	18	14	14	12	32	24	8	5	29	11	13	10	14	3	5	4	3	4	2	2	1	5	0	1	2	2	2	2	2	6	2	0	1	0	0	0	2	3	0	1	0	1	0	0	0	0	1	2	0	0	1	3	0	0	1	0	0	0	0	0	0	0	0	0	0	0	0	0	0	0	0	0	0	0
0.03	south25_active	80	15905	10068	7020	8627	6124	6005	2086	1098	2037	1291	978	591	305	969	660	609	960	446	283	297	277	398	395	81	262	156	40	98	43	84	54	86	79	171	25	130	116	15	31	45	78	51	75	22	10	8	8	26	7	11	3	15	7	10	10	28	22	0	2	25	5	12	6	13	1	1	0	1	1	2	2	1	2	0	0	2	2	0	1	0	6	1	0	0	0	0	0	0	2	0	1	0	0	0	0	0	0	0	0	0	0	1	3	0	0	1	0	0	0	0	0	0	0	0	0	0	0	0	0	0	0	0	0	0	0
0.03	south26_all	80	29461	15735	10468	10732	7214	7395	3292	2145	2692	1926	1557	1207	859	1182	993	800	1122	625	453	418	417	527	501	231	286	211	156	176	116	156	119	140	134	191	75	162	118	55	52	50	91	74	70	35	29	27	19	37	22	17	12	30	17	21	9	35	26	9	6	19	6	13	13	12	4	7	2	5	4	4	6	0	7	4	2	0	4	2	2	6	6	1	0	2	0	0	4	2	3	0	0	0	1	0	0	0	1	0	0	0	0	1	0	0	0	2	0	0	0	0	0	0	0	0	0	0	0	0	0	0	0	0	0	0	0
0.03	south26_active	80	15799	10014	7080	8814	5938	6449	2087	1055	2061	1279	944	619	305	931	682	549	949	419	250	285	272	422	416	69	223	136	42	100	38	98	51	83	110	156	20	151	99	18	27	37	74	52	54	15	9	8	7	28	8	7	5	26	8	16	9	32	23	1	1	17	3	13	12	11	2	2	0	1	1	4	6	0	4	0	0	0	2	0	1	4	6	1	0	0	0	0	4	0	2	0	0	0	0	0	0	0	0	0	0	0	0	1	0	0	0	1	0	0	0	0	0	0	0	0	0	0	0	0	0	0	0	0	0	0	0
0.03	south27_all	80	29631	15678	10425	10659	7359	7223	3283	2192	2714	2001	1580	1180	840	1247	924	805	1010	646	497	483	414	566	506	217	251	237	175	176	132	181	136	166	156	181	77	145	127	56	44	71	86	79	75	37	28	23	21	26	21	20	14	31	18	19	13	23	20	13	6	20	8	13	15	8	4	9	2	4	2	4	7	1	7	4	2	0	3	1	2	5	0	1	0	2	0	0	4	1	2	0	0	0	2	0	0	1	1	0	0	0	0	1	0	0	0	1	0	0	0	0	0	0	0	0	0	0	0	0	0	0	0	0	0	0	0
0.03	south27_active	80	15814	10014	7020	8725	6039	6258	2083	1086	2054	1324	968	595	285	991	625	559	828	445	270	342	280	465	412	62	181	156	42	100	43	117	62	106	127	151	23	135	108	18	20	58	68	60	56	15	10	3	6	19	9	11	7	25	6	15	13	21	17	2	1	19	5	13	14	7	3	4	1	1	0	4	7	0	4	0	0	0	1	1	1	4	0	1	0	0	0	0	4	0	2	0	0	0	0	0	0	1	0	0	0	0	0	1	0	0	0	0	0	0	0	0	0	0	0	0	0	0	0	0	0	0	0	0	0	0	0
0.03	south28_all	80	29481	15508	10417	10362	7323	7118	3296	2211	2789	1968	1508	1139	874	1291	928	807	1035	640	514	499	417	563	477	230	258	253	172	152	141	186	122	146	169	155	77	176	110	57	52	81	109	79	68	41	22	17	24	30	17	24	18	32	19	16	15	18	22	12	11	24	10	15	13	3	6	7	1	4	1	5	9	1	5	7	3	0	3	1	1	5	1	1	0	2	0	0	5	1	2	0	0	1	1	0	0	1	1	0	0	0	0	1	0	0	0	1	0	0	0	0	0	0	0	0	0	1	0	0	0	0	0	0	0	0	0
0.03	south28_active	80	15719	9898	6979	8522	5990	6166	2064	1071	2086	1286	939	588	302	1025	610	548	866	458	263	355	285	464	398	70	191	176	40	88	46	123	54	90	141	126	25	167	91	16	23	65	90	54	47	11	6	1	9	24	12	14	7	26	7	13	10	16	20	3	7	24	6	14	12	2	3	4	1	1	0	5	8	0	2	2	1	0	1	1	0	4	0	1	0	0	0	0	5	0	2	0	0	0	0	0	0	1	0	0	0	0	0	1	0	0	0	0	0	0	0	0	0	0	0	0	0	1	0	0	0	0	0	0	0	0	0
0.03	south29_all	80	29503	15485	10368	10302	7591	7134	3257	2208	2774	1950	1518	1171	905	1428	906	818	1037	652	552	498	408	631	484	246	274	252	173	148	141	164	124	159	175	151	70	147	146	49	46	89	87	84	71	36	28	14	29	32	24	29	17	29	19	11	16	13	14	15	12	12	9	19	10	5	8	4	1	3	4	4	10	2	2	5	2	2	2	4	0	4	1	2	0	1	1	1	1	1	0	0	1	1	1	1	0	1	1	1	0	0	1	0	0	0	0	0	0	0	0	0	0	0	0	0	0	1	0	0	0	0	0	0	0	0	0
0.03	south29_active	80	15715	9838	6907	8499	6198	6163	2035	1081	2105	1265	942	617	330	1182	592	548	851	457	292	355	276	532	404	74	198	167	38	79	47	108	51	104	141	125	26	138	129	12	19	76	72	64	52	9	8	2	10	25	15	22	4	24	8	8	7	10	13	5	9	11	7	15	8	4	4	3	1	1	2	3	8	0	0	2	1	2	2	2	0	4	0	2	0	0	1	1	1	1	0	0	1	0	0	1	0	1	0	1	0	0	0	0	0	0	0	0	0	0	0	0	0	0	0	0	0	1	0	0	0	0	0	0	0	0	0
0.03	south30_all	80	29660	15326	10373	10131	7736	7136	3271	2212	2735	1931	1479	1154	871	1500	889	822	1103	653	542	458	387	617	455	241	289	247	141	137	152	156	119	134	164	169	72	151	140	58	57	76	89	82	85	33	23	15	27	27	28	24	18	29	17	16	14	15	18	10	20	9	7	15	10	8	7	5	2	2	4	6	8	2	1	3	3	2	2	4	2	0	1	3	0	0	1	7	1	1	0	0	2	3	0	1	1	2	0	1	0	0	1	0	0	0	0	0	0	2	0	0	0	0	0	0	0	1	0	0	0	0	0	0	0	0	0
0.03	south30_active	80	15906	9743	6903	8329	6326	6164	2022	1061	2092	1261	899	630	328	1218	596	566	911	469	304	330	262	514	375	72	211	150	39	63	58	100	44	89	130	143	26	143	122	13	24	65	73	66	66	10	9	2	9	20	16	18	5	25	6	11	4	11	16	4	12	8	5	9	7	7	2	3	0	1	2	4	5	0	0	2	1	2	2	2	1	0	0	2	0	0	1	7	1	1	0	0	2	2	0	1	1	2	0	1	0	0	0	0	0	0	0	0	0	2	0	0	0	0	0	0	0	1	0	0	0	0	0	0	0	0	0
0.03	south31_all	80	29339	15159	10373	10532	7371	6974	3144	2260	2655	1782	1420	1148	869	1374	872	877	987	560	465	504	417	558	490	227	359	242	155	172	133	167	102	119	125	171	62	153	165	53	59	100	69	62	73	40	28	30	19	41	20	16	14	52	18	12	15	22	16	18	9	24	4	17	3	3	6	8	5	1	4	7	13	2	8	4	1	0	1	5	3	0	5	3	2	1	1	4	1	1	1	0	0	0	0	0	1	0	1	0	0	0	0	1	0	0	0	0	0	0	1	0	0	0	0	0	0	0	0	0	0	0	0	0	0	0	0
0.03	south31_active	80	15388	9530	6931	8690	5964	6007	1994	1013	1976	1151	834	626	260	1063	590	612	799	367	247	336	260	450	391	44	269	176	49	83	48	111	35	80	96	139	13	137	145	18	18	85	55	42	66	16	8	9	4	28	8	8	3	41	8	7	10	18	13	8	3	22	0	12	1	1	1	5	3	0	2	5	12	1	6	0	0	0	1	1	3	0	5	3	1	1	1	4	1	1	0	0	0	0	0	0	0	0	0	0	0	0	0	0	0	0	0	0	0	0	1	0	0	0	0	0	0	0	0	0	0	0	0	0	0	0	0
0.03	south32_all	80	29725	15530	10519	10763	7699	7243	3246	2208	2741	1819	1478	1207	891	1384	978	897	1081	606	448	534	427	544	505	241	368	254	154	183	116	159	98	117	110	169	59	143	166	51	66	100	71	62	60	52	28	25	24	39	21	19	14	46	20	13	16	24	14	15	12	17	5	13	13	3	5	9	5	1	2	7	11	2	3	3	1	0	3	5	2	0	2	2	1	0	1	4	1	1	1	0	0	0	0	0	1	0	1	0	0	0	0	1	0	0	0	0	0	0	0	0	1	0	0	0	1	0	0	0	0	0	0	0	0	0	0
0.03	south32_active	80	15846	9903	7112	9007	6298	6281	2149	1026	2107	1179	911	639	275	1097	687	612	898	421	245	359	288	435	405	57	285	178	42	94	42	106	37	73	81	140	12	127	142	13	25	87	56	46	51	25	7	7	4	26	9	10	3	40	7	10	12	20	9	3	5	15	0	9	8	2	2	6	3	0	0	5	11	1	0	0	0	0	2	1	2	0	2	2	1	0	1	4	1	0	0	0	0	0	0	0	0	0	0	0	0	0	0	0	0	0	0	0	0	0	0	0	0	0	0	0	0	0	0	0	0	0	0	0	0	0	0
0.03	south33_all	80	29535	15553	10432	10745	7510	7246	3163	2174	2761	1857	1526	1251	890	1411	995	854	1099	611	468	538	419	506	474	238	333	243	172	175	133	147	100	121	137	152	67	182	182	54	59	128	85	64	48	45	31	31	29	38	22	15	15	43	13	13	19	48	16	13	10	10	8	12	13	11	6	10	7	2	1	12	7	1	6	3	1	0	8	4	1	0	3	3	1	0	2	4	0	1	0	0	1	0	0	0	1	0	0	1	0	0	0	1	0	0	0	0	0	0	0	0	1	0	0	0	1	0	0	0	0	0	0	0	0	0	0
0.03	south33_active	80	15828	9914	7061	8972	6137	6260	2051	979	2095	1240	962	679	290	1131	696	581	908	441	260	360	279	408	376	65	264	164	49	95	48	97	39	80	101	125	19	164	159	14	24	112	73	43	36	22	10	8	5	19	8	9	5	35	5	12	15	44	12	3	4	7	1	8	8	9	3	7	2	0	0	8	7	0	1	0	0	0	7	1	1	0	3	3	1	0	1	4	0	0	0	0	1	0	0	0	0	0	0	1	0	0	0	0	0	0	0	0	0	0	0	0	0	0	0	0	0	0	0	0	0	0	0	0	0	0	0
0.03	south34_all	80	29520	15604	10457	10613	7536	7103	3261	2182	2811	1926	1495	1226	873	1329	1004	882	1101	634	449	534	440	499	424	241	307	262	185	180	135	168	121	112	138	205	79	197	155	55	63	134	57	79	41	45	34	34	29	25	22	21	18	36	20	22	24	50	14	11	11	11	10	19	14	16	9	8	6	4	2	12	13	0	5	4	2	0	10	3	0	2	3	2	0	1	1	2	0	1	0	0	9	0	0	1	0	0	0	1	0	0	0	1	0	1	0	0	0	0	0	0	1	0	0	0	1	0	0	0	0	0	0	0	0	0	0
0.03	south34_active	80	15804	9845	7119	8749	6137	6127	2099	1038	2150	1262	927	659	306	1055	713	592	922	462	243	349	282	402	321	71	234	186	55	100	47	105	46	77	107	179	20	181	130	12	28	114	46	56	29	21	13	6	8	11	9	12	3	31	8	21	22	47	12	2	4	8	1	16	8	15	4	6	2	0	0	9	13	0	2	0	0	0	9	1	0	2	2	2	0	0	0	1	0	0	0	0	9	0	0	0	0	0	0	1	0	0	0	0	0	1	0	0	0	0	0	0	0	0	0	0	0	0	0	0	0	0	0	0	0	0	0
0.03	south35_all	80	29371	15738	10400	10383	7461	7115	3211	2198	2830	1910	1535	1162	862	1315	940	845	1049	630	463	521	453	495	448	235	325	241	179	177	138	154	118	112	155	233	85	186	137	50	65	131	48	88	42	33	39	38	24	25	22	18	17	25	19	23	35	41	27	10	18	11	13	17	11	19	9	7	5	4	3	15	18	0	6	6	1	2	7	1	0	3	2	1	0	1	1	1	0	5	0	1	21	1	1	1	1	0	0	1	0	0	0	0	0	1	0	0	0	0	0	0	1	0	0	0	0	0	0	0	0	0	0	0	0	0	0
0.03	south35_active	80	15847	9960	7037	8558	6063	6133	2033	1036	2144	1249	955	636	301	1044	649	595	874	437	249	360	289	415	357	70	247	170	53	102	47	98	45	80	107	209	21	171	120	14	31	110	37	74	34	10	14	7	8	13	11	11	4	19	9	21	30	38	27	3	9	8	2	13	6	15	4	6	1	0	1	12	17	0	4	0	0	1	7	1	0	3	1	1	0	0	0	0	0	5	0	0	21	0	0	0	0	0	0	1	0	0	0	0	0	1	0	0	0	0	0	0	0	0	0	0	0	0	0	0	0	0	0	0	0	0	0
0.03	south36_all	80	29100	15618	10474	10505	7424	6883	3144	2156	2838	1882	1551	1173	880	1347	948	835	1086	707	446	471	453	560	410	247	326	258	181	165	167	157	123	102	182	227	99	181	100	49	53	114	45	109	45	25	32	38	26	19	26	21	20	22	18	20	46	23	28	8	18	5	14	21	5	20	7	4	4	3	5	11	17	2	6	3	1	2	3	2	0	3	2	0	0	2	1	1	0	8	2	1	21	1	1	1	1	0	0	1	0	0	0	0	0	1	0	0	0	0	0	0	0	0	0	0	0	0	0	0	0	0	0	0	0	0	0
0.03	south36_active	80	15705	9955	7087	8639	6023	5909	1968	1059	2140	1215	945	649	284	1055	653	583	901	512	252	318	287	457	327	78	243	189	51	87	60	101	45	72	130	204	30	170	85	12	27	95	34	91	40	6	14	5	10	9	13	12	2	18	9	18	38	17	27	3	8	3	1	18	3	15	4	3	0	0	1	9	16	0	6	0	0	1	3	1	0	3	1	0	0	1	0	0	0	8	1	0	21	0	0	0	0	0	0	0	0	0	0	0	0	1	0	0	0	0	0	0	0	0	0	0	0	0	0	0	0	0	0	0	0	0	0
0.03	south37_all	80	29089	15698	10362	10421	7517	7113	3177	2162	2788	1816	1551	1146	904	1372	874	813	1046	691	427	484	461	576	397	243	331	255	175	177	160	148	117	133	191	209	94	151	118	51	51	69	50	92	51	28	29	33	20	20	31	18	21	23	19	19	44	25	26	10	20	12	11	12	7	10	4	2	2	2	4	10	28	3	7	4	3	2	3	4	0	1	0	0	0	1	1	2	2	8	2	1	12	1	1	0	1	0	0	1	0	0	0	0	0	0	0	0	0	0	0	0	0	1	0	1	0	0	0	0	0	0	0	0	0	0	0
0.03	south37_active	80	15691	10021	7003	8591	6107	6170	2018	1055	2111	1172	940	606	285	1093	574	572	855	486	227	346	294	475	304	82	241	182	47	94	57	104	45	98	137	188	33	137	101	15	28	56	41	80	46	7	11	7	7	12	16	10	5	18	9	16	37	19	23	4	12	8	2	10	5	5	3	1	0	0	1	9	26	0	7	1	0	1	2	3	0	1	0	0	0	1	0	2	2	8	1	0	12	0	0	0	0	0	0	0	0	0	0	0	0	0	0	0	0	0	0	0	0	0	0	0	0	0	0	0	0	0	0	0	0	0	0
0.03	south38_all	80	29122	15684	10513	10457	7657	7157	3130	2122	2701	1840	1535	1139	916	1371	827	819	1119	714	426	490	424	561	400	245	313	257	181	171	148	137	112	154	188	186	88	175	120	57	42	52	68	66	50	27	33	36	23	18	38	20	23	37	17	24	41	25	13	10	9	25	9	11	9	6	2	2	2	4	3	3	12	4	6	2	4	0	1	4	0	1	1	2	4	1	9	2	2	3	2	0	14	0	0	4	0	0	0	1	0	0	0	0	0	0	0	0	0	0	0	0	0	1	0	1	0	0	0	0	0	0	0	0	0	0	0
0.03	south38_active	80	15581	10021	7234	8594	6244	6231	1980	1058	2029	1189	904	600	291	1091	516	580	918	526	229	352	259	453	310	90	226	183	47	82	55	93	37	117	132	159	39	163	106	17	26	36	58	53	43	9	11	9	9	11	18	14	5	32	5	20	35	18	9	4	5	22	5	10	4	3	2	1	0	2	0	2	11	0	5	1	1	0	0	2	0	0	1	0	3	1	8	2	2	3	1	0	14	0	0	0	0	0	0	0	0	0	0	0	0	0	0	0	0	0	0	0	0	0	0	0	0	0	0	0	0	0	0	0	0	0	0
0.03	south39_all	80	29454	15654	10463	10605	7661	7188	3223	2142	2621	1851	1548	1126	937	1355	840	829	1071	716	438	527	422	546	407	234	325	259	164	169	137	153	117	154	140	182	83	161	146	59	42	71	89	59	54	31	36	32	19	24	36	21	23	31	16	23	39	18	14	11	15	27	10	13	10	6	3	4	2	4	1	3	13	3	4	1	4	0	2	3	0	2	2	2	4	1	8	2	2	0	3	0	2	0	0	4	0	0	0	1	0	0	0	0	0	0	0	0	0	0	0	0	0	1	0	1	0	0	0	0	0	0	1	0	0	0	0
0.03	south39_active	80	15803	9967	7230	8768	6263	6265	2034	1048	2031	1208	936	588	310	1077	531	587	895	530	230	395	257	441	314	80	240	179	44	79	51	99	40	114	110	158	33	149	130	15	24	56	76	48	45	10	14	9	8	15	14	12	4	27	7	19	36	12	11	4	6	23	6	12	5	4	3	2	0	2	0	2	12	0	2	1	1	0	1	2	0	0	1	0	3	0	8	2	2	0	3	0	2	0	0	0	0	0	0	0	0	0	0	0	0	0	0	0	0	0	0	0	0	0	0	0	0	0	0	0	0	0	1	0	0	0	0
0.03	south40_all	80	29541	15781	10432	10321	7665	7236	3206	2238	2584	1913	1527	1175	896	1363	905	863	972	685	450	525	432	513	428	225	317	241	180	157	135	151	121	146	122	188	63	170	150	59	40	79	85	60	41	33	34	28	23	26	28	26	21	41	17	28	24	18	18	11	10	25	9	7	7	5	3	7	4	6	1	3	2	4	3	1	2	1	3	2	0	3	2	2	6	1	9	2	0	0	3	0	2	0	0	4	0	2	0	1	0	0	0	0	0	0	0	0	0	0	0	0	0	0	0	0	0	0	0	0	0	0	1	0	0	0	0
0.03	south40_active	80	15795	10030	7132	8490	6326	6318	2010	1075	2021	1290	948	626	296	1090	590	620	813	508	238	373	285	415	329	74	231	164	48	73	53	99	40	101	91	163	22	156	133	17	19	62	68	47	34	14	15	11	8	16	10	14	4	36	8	23	20	10	17	4	4	23	5	7	3	3	3	3	1	2	0	2	2	1	1	0	1	0	2	1	0	0	1	0	5	0	9	1	0	0	3	0	2	0	0	0	0	2	0	0	0	0	0	0	0	0	0	0	0	0	0	0	0	0	0	0	0	0	0	0	0	0	1	0	0	0	0
