label	Group	numOtus	Otu0	Otu1	Otu2	Otu3	Otu4	Otu5	Otu6	Otu7	Otu8	Otu9	Otu10	Otu11	Otu12	Otu13	Otu14	Otu15	Otu16	Otu17	Otu18	Otu19	Otu20	Otu21	Otu22	Otu23	Otu24	Otu25	Otu26	Otu27	Otu28	Otu29	Otu30	Otu31	Otu32	Otu33	Otu34	Otu35	Otu36	Otu37	Otu38	Otu39	Otu40	Otu41	Otu42	Otu43	Otu44	Otu45	Otu46	Otu47	Otu48	Otu49	Otu50	Otu51	Otu52	Otu53	Otu54	Otu55	Otu56	Otu57	Otu58	Otu59	Otu60	Otu61	Otu62	Otu63	Otu64	Otu65	Otu66	Otu67	Otu68	Otu69	Otu70	Otu71	Otu72	Otu73	Otu74	Otu75	Otu76	Otu77	Otu78	Otu79	Otu80	Otu81	Otu82	Otu83	Otu84	Otu85	Otu86	Otu87	Otu88	Otu89	Otu90	Otu91	Otu92	Otu93	Otu94	Otu95	Otu96	Otu97	Otu98	Otu99	Otu100	Otu101	Otu102	Otu103	Otu104	Otu105	Otu106	Otu107	Otu108	Otu109	Otu110	Otu111	Otu112	Otu113	Otu114
0.03	north1_all	80	7949	2821	1568	1764	937	931	589	699	923	868	584	228	497	182	211	201	231	144	104	80	74	85	115	138	41	52	51	68	37	52	22	29	17	38	24	40	20	12	21	19	28	14	8	7	8	6	21	9	5	10	8	1	3	3	1	4	9	2	2	4	3	5	2	1	4	0	0	2	1	2	3	8	0	6	1	3	0	1	0	0	0	1	0	0	0	0	0	0	0	2	0	0	0	0	1	0	0	0	0	0	0	6	0	0	0	0	0	0	0	0	0	0	0	0	0
0.03	north1_active	80	5318	1145	392	1241	449	612	260	491	788	747	463	59	432	71	152	153	185	83	64	23	27	53	88	122	12	25	5	53	7	41	9	6	9	30	8	35	7	6	13	15	25	3	2	1	3	2	16	7	2	6	2	0	3	3	1	0	9	0	0	0	1	0	0	1	2	0	0	1	0	1	2	7	0	6	1	1	0	0	0	0	0	0	0	0	0	0	0	0	0	1	0	0	0	0	0	0	0	0	0	0	0	6	0	0	0	0	0	0	0	0	0	0	0	0	0
0.03	north2_all	80	7324	2781	1548	1619	931	855	596	644	734	746	502	239	434	163	182	180	184	145	105	74	71	82	121	107	42	47	46	51	32	48	28	27	24	30	27	30	18	16	23	22	20	15	7	6	8	5	16	9	5	11	5	1	8	4	1	4	10	2	2	3	5	4	2	0	4	0	1	1	1	4	1	9	0	8	1	1	0	2	0	0	0	1	0	0	2	0	0	0	0	2	0	0	0	0	0	0	0	0	0	0	0	0	0	0	0	0	0	0	0	0	1	0	0	0	0
0.03	north2_active	80	4616	1051	381	1078	392	536	232	416	575	638	384	63	369	57	117	128	146	79	50	25	24	45	88	91	12	19	7	39	4	34	14	6	9	24	8	26	6	11	10	18	16	7	3	0	3	2	11	8	2	7	2	0	6	4	0	0	10	1	0	0	1	0	0	0	2	0	0	1	0	2	1	8	0	8	1	1	0	1	0	0	0	0	0	0	0	0	0	0	0	1	0	0	0	0	0	0	0	0	0	0	0	0	0	0	0	0	0	0	0	0	0	0	0	0	0
0.03	north3_all	80	7385	2734	1553	1541	939	854	597	611	773	724	515	229	428	158	168	198	203	136	111	82	77	87	117	94	46	46	39	56	36	47	34	26	29	34	27	29	16	16	22	22	19	15	15	5	11	6	11	12	6	7	0	2	11	11	5	4	9	2	2	3	6	4	3	0	3	2	1	1	0	5	0	4	0	6	1	1	1	1	0	0	0	1	0	0	2	0	0	0	0	1	0	0	0	0	0	0	0	0	0	0	0	0	0	0	0	0	0	0	0	0	1	0	0	0	0
0.03	north3_active	80	4615	1040	396	996	383	534	222	381	622	622	392	60	364	58	97	138	160	72	48	20	26	45	89	82	13	23	7	39	10	34	17	8	9	25	8	23	7	11	10	16	17	7	8	0	7	3	8	10	2	3	0	2	8	11	2	0	9	1	0	0	1	0	0	0	2	2	0	1	0	2	0	2	0	6	1	1	0	1	0	0	0	0	0	0	0	0	0	0	0	1	0	0	0	0	0	0	0	0	0	0	0	0	0	0	0	0	0	0	0	0	0	0	0	0	0
0.03	north4_all	80	7897	2759	1590	1677	933	903	593	652	985	821	567	222	502	171	173	210	243	135	112	85	85	90	115	96	47	48	23	55	33	57	34	20	29	34	19	22	16	17	31	18	14	14	19	8	8	10	12	11	4	5	1	4	13	14	6	2	2	3	1	2	4	3	2	0	1	2	1	3	0	4	0	3	0	2	0	0	1	1	0	0	0	0	0	0	2	0	0	0	0	1	2	0	0	0	0	0	0	1	0	0	0	0	0	1	0	0	0	6	0	0	1	1	0	0	0
0.03	north4_active	80	5229	1142	401	1136	394	599	244	436	830	739	465	67	446	69	102	155	197	76	48	23	27	45	82	82	20	24	10	36	10	42	18	7	11	25	8	17	8	13	20	14	13	7	13	1	6	8	10	10	1	2	0	2	10	14	3	0	1	1	0	0	0	0	0	0	1	2	0	2	0	2	0	2	0	2	0	0	0	1	0	0	0	0	0	0	0	0	0	0	0	1	0	0	0	0	0	0	0	0	0	0	0	0	0	1	0	0	0	6	0	0	0	1	0	0	0
0.03	north5_all	80	8411	2741	1587	1823	915	936	571	737	1147	1037	667	214	547	192	198	237	251	138	107	89	95	89	160	125	48	47	28	68	37	60	31	19	29	36	11	26	18	22	27	21	21	9	17	7	11	10	13	13	5	4	3	5	10	15	5	1	4	3	2	1	5	2	3	1	0	4	0	13	1	3	0	3	1	0	1	0	1	1	0	0	0	0	0	0	1	0	0	0	0	0	2	0	0	0	0	0	2	1	0	0	3	0	0	1	0	0	0	6	0	0	1	1	0	0	0
0.03	north5_active	80	5834	1233	405	1311	416	655	237	547	999	948	557	66	488	85	123	187	208	94	51	20	30	48	133	109	23	25	8	47	11	43	16	9	8	29	5	21	7	17	18	18	20	1	12	2	7	8	12	11	1	3	1	3	7	15	3	1	2	1	0	0	2	0	1	1	0	4	0	12	1	1	0	0	1	0	0	0	0	1	0	0	0	0	0	0	0	0	0	0	0	0	0	0	0	0	0	0	2	0	0	0	3	0	0	1	0	0	0	6	0	0	0	1	0	0	0
0.03	north6_all	80	8935	2801	1586	1986	951	983	619	802	1227	1201	709	227	648	217	232	258	255	159	114	94	112	104	166	157	57	44	37	83	30	64	31	19	30	43	13	30	16	28	35	22	22	9	10	8	9	10	23	16	5	7	4	4	7	13	6	4	5	4	2	0	2	2	2	1	0	2	0	12	1	1	0	3	2	1	1	0	1	1	0	0	0	0	1	0	0	0	0	0	1	0	3	0	0	0	0	0	2	1	0	0	3	0	0	2	0	0	0	6	0	0	0	1	0	0	0
0.03	north6_active	80	6556	1321	371	1489	468	727	268	608	1099	1113	607	79	584	96	152	212	213	111	63	23	37	60	138	136	32	22	10	59	6	47	14	8	9	35	5	23	7	24	29	20	21	1	8	3	5	7	21	15	0	6	1	2	5	13	3	1	3	1	0	0	2	0	2	1	0	2	0	11	1	1	0	0	1	0	0	0	0	1	0	0	0	0	0	0	0	0	0	0	0	0	0	0	0	0	0	0	2	0	0	0	3	0	0	1	0	0	0	6	0	0	0	1	0	0	0
0.03	north7_all	80	9286	2757	1529	2103	982	1001	608	834	1165	1264	752	235	661	216	232	290	250	194	112	87	103	87	156	165	60	39	48	74	29	60	31	19	30	40	14	33	18	29	27	23	26	11	4	10	10	6	29	17	7	9	6	5	6	8	3	6	8	2	3	1	2	2	3	1	0	3	0	11	2	2	0	3	2	2	1	0	0	1	0	0	0	0	1	1	0	0	0	0	1	0	1	0	0	0	0	0	2	1	0	0	3	0	0	1	0	0	1	6	0	0	0	1	0	0	0
0.03	north7_active	80	6982	1275	349	1598	514	746	273	654	1048	1164	655	81	592	94	146	236	208	150	63	19	37	53	139	138	31	19	14	51	4	41	13	7	8	36	6	24	7	26	22	21	24	0	1	5	6	4	27	15	0	5	1	2	3	7	1	2	7	1	0	1	2	0	3	1	0	3	0	10	1	1	0	0	1	1	0	0	0	1	0	0	0	0	0	0	0	0	0	0	0	0	0	0	0	0	0	0	2	0	0	0	3	0	0	0	0	0	0	6	0	0	0	1	0	0	0
0.03	north8_all	80	9264	2741	1552	2089	1024	1061	624	856	1108	1179	749	237	648	210	221	302	229	196	112	82	88	90	156	137	53	42	44	66	33	58	36	24	24	49	23	34	25	37	28	20	22	9	7	9	12	6	25	22	7	7	3	10	5	10	6	7	6	3	3	2	2	2	2	0	0	1	1	2	1	1	0	1	1	2	0	0	0	0	0	0	0	0	1	1	0	0	0	0	1	1	1	0	1	0	0	0	0	0	0	0	0	0	0	1	0	0	1	0	0	1	0	0	0	0	0
0.03	north8_active	80	6961	1247	357	1616	524	793	302	656	988	1090	650	80	576	96	139	241	186	150	61	20	29	54	137	117	24	21	13	44	6	40	14	10	7	44	12	26	11	34	25	16	21	0	1	4	9	3	23	21	1	3	0	5	2	9	2	3	5	2	1	2	2	0	2	0	0	1	1	2	0	0	0	0	0	1	0	0	0	0	0	0	0	0	0	0	0	0	0	0	0	0	0	0	0	0	0	0	0	0	0	0	0	0	0	0	0	0	0	0	0	0	0	0	0	0	0
0.03	north9_all	80	9345	2764	1538	2076	1045	1047	580	813	1130	1188	755	235	647	195	210	303	229	189	110	83	72	84	131	125	44	42	44	54	36	57	43	19	19	54	19	35	24	34	17	22	20	15	6	8	10	6	17	22	7	6	2	9	3	11	5	3	6	4	4	3	0	0	2	0	0	1	2	6	1	2	0	1	3	2	0	2	0	0	0	0	0	1	1	1	0	0	0	0	1	2	1	0	1	0	0	1	0	0	0	0	0	0	0	0	0	0	1	0	0	1	0	0	0	0	1
0.03	north9_active	80	7019	1275	343	1592	550	760	263	604	1018	1096	659	79	573	90	142	239	186	144	66	23	21	50	109	109	16	23	16	32	5	45	19	6	8	49	10	27	10	31	13	16	18	6	1	4	7	4	16	21	1	3	0	4	2	10	1	2	4	1	2	2	0	0	1	0	0	1	1	6	0	0	0	0	0	1	0	1	0	0	0	0	0	1	0	0	0	0	0	0	0	0	0	0	0	0	0	1	0	0	0	0	0	0	0	0	0	0	0	0	0	0	0	0	0	0	1
0.03	north10_all	80	9376	2795	1570	2048	1078	1117	577	811	1193	1279	729	238	649	186	193	325	242	180	119	86	69	87	131	169	45	38	44	61	39	66	41	21	14	49	17	33	29	28	22	23	15	14	6	6	12	5	14	12	9	8	1	7	2	12	3	3	6	4	3	3	0	1	2	0	0	4	2	7	0	3	0	1	3	1	0	2	1	1	0	0	0	1	0	1	0	0	0	0	0	2	0	0	1	0	0	1	0	0	0	0	0	0	0	0	0	0	0	0	0	1	0	0	0	0	1
0.03	north10_active	80	7020	1338	360	1570	576	808	267	599	1069	1181	631	79	571	88	129	266	197	140	76	27	22	48	106	155	16	21	14	46	8	49	23	8	8	39	11	30	13	24	19	16	14	8	2	2	8	3	13	11	2	5	0	3	2	11	1	2	4	1	2	2	0	1	1	0	0	4	1	6	0	0	0	0	0	1	0	1	0	0	0	0	0	1	0	0	0	0	0	0	0	0	0	0	0	0	0	1	0	0	0	0	0	0	0	0	0	0	0	0	0	0	0	0	0	0	1
0.03	north11_all	80	8386	2657	1580	1835	929	989	565	755	1031	908	607	230	671	208	209	220	231	156	105	95	64	84	137	114	58	61	38	53	31	47	20	23	20	37	18	30	10	28	19	35	35	10	6	10	7	7	15	15	8	5	5	4	7	7	4	3	13	5	1	4	6	2	5	1	1	6	1	6	0	1	2	3	1	2	3	1	1	1	0	0	0	3	1	1	0	1	1	1	0	0	0	0	1	0	0	0	0	0	0	0	0	0	0	0	0	0	1	0	0	0	0	0	0	0	0
0.03	north11_active	80	5832	1197	379	1290	479	694	270	537	906	810	480	58	595	94	131	157	186	118	62	27	23	46	111	89	24	29	9	36	7	38	12	9	6	32	12	21	4	19	18	29	31	6	5	0	5	6	13	15	2	4	1	1	5	7	0	1	11	0	0	0	3	0	3	0	0	5	0	6	0	1	2	3	0	2	2	0	0	1	0	0	0	3	0	1	0	1	0	1	0	0	0	0	0	0	0	0	0	0	0	0	0	0	0	0	0	0	0	0	0	0	0	0	0	0	0
0.03	north12_all	80	7682	2633	1577	1645	915	913	540	702	884	795	575	225	573	197	191	232	226	147	100	86	62	82	124	78	60	54	32	55	35	45	22	22	23	41	19	32	8	22	26	23	38	6	9	9	4	10	25	28	8	5	6	5	7	8	0	3	5	5	2	2	5	1	4	1	1	3	0	5	1	1	1	2	0	3	4	1	1	1	1	0	0	3	0	1	1	1	1	1	0	0	0	0	0	0	0	0	0	0	0	0	0	0	0	0	0	0	0	0	0	0	0	0	0	0	0
0.03	north12_active	80	5072	1106	390	1132	436	624	256	467	735	695	442	50	490	77	108	163	178	103	54	26	22	44	97	59	23	29	5	37	6	38	11	9	6	37	13	22	5	16	24	16	34	3	6	1	3	8	23	24	2	4	0	1	5	7	0	1	2	0	0	1	3	0	2	0	0	2	0	5	1	1	1	2	0	2	3	0	0	0	1	0	0	3	0	1	0	1	0	1	0	0	0	0	0	0	0	0	0	0	0	0	0	0	0	0	0	0	0	0	0	0	0	0	0	0	0
0.03	north13_all	80	7283	2643	1637	1571	935	875	518	667	883	722	512	220	468	173	182	195	223	141	101	85	67	72	124	83	59	47	39	43	36	41	25	23	20	25	17	29	13	19	38	18	42	3	10	8	7	10	18	20	9	3	6	7	7	12	2	3	5	4	1	2	6	1	1	1	1	2	0	2	2	1	1	2	1	4	3	0	0	1	2	0	1	3	0	0	1	0	1	1	0	0	0	0	0	0	0	0	0	0	0	0	0	0	0	0	0	0	0	0	0	0	0	0	0	0	0
0.03	north13_active	80	4560	1048	426	1051	429	576	217	419	734	625	381	55	395	64	99	127	173	96	56	21	21	36	97	64	21	20	6	28	7	32	15	8	5	20	10	18	5	13	33	11	38	1	5	2	3	6	16	15	1	2	0	2	4	10	1	1	1	0	0	1	4	0	0	0	0	1	0	2	1	1	1	2	0	3	2	0	0	0	1	0	0	3	0	0	0	0	0	1	0	0	0	0	0	0	0	0	0	0	0	0	0	0	0	0	0	0	0	0	0	0	0	0	0	0	0
0.03	north14_all	80	7717	2665	1615	1689	963	933	539	644	1011	858	625	207	478	188	179	258	261	160	109	81	72	80	118	101	53	45	43	51	27	52	29	16	19	40	18	36	16	22	33	19	50	9	10	11	11	13	17	23	9	5	6	8	4	13	2	3	7	3	2	2	4	2	3	0	4	0	0	0	4	1	1	2	2	4	1	0	0	2	2	0	1	0	0	0	1	0	0	1	0	0	0	0	0	0	0	0	0	1	1	0	0	0	0	0	0	0	0	0	1	0	0	0	0	0	0
0.03	north14_active	80	5058	1096	423	1165	444	605	230	402	870	759	502	59	413	63	94	188	203	104	71	17	17	42	95	82	19	18	10	37	4	42	18	5	7	29	9	21	6	15	26	13	48	6	4	3	4	7	15	18	3	3	0	3	2	10	1	1	3	0	0	1	2	0	1	0	3	0	0	0	2	1	1	2	1	3	1	0	0	0	1	0	0	0	0	0	0	0	0	1	0	0	0	0	0	0	0	0	0	1	1	0	0	0	0	0	0	0	0	0	0	0	0	0	0	0	0
0.03	north15_all	80	8389	2764	1620	1844	956	1046	545	656	1009	1041	644	217	573	181	211	277	266	168	134	76	73	83	144	129	60	47	42	59	32	49	32	17	21	40	22	41	15	25	32	23	51	14	7	8	14	11	26	15	7	6	3	12	13	14	2	3	5	2	4	2	4	2	4	3	4	0	0	0	3	0	0	0	2	1	0	1	0	2	4	0	1	0	0	0	0	1	0	0	0	0	0	0	0	0	0	1	0	1	1	0	0	0	0	0	0	0	0	0	1	0	0	0	0	0	0
0.03	north15_active	80	5819	1241	399	1352	463	711	240	438	884	945	546	75	515	68	119	216	207	115	93	9	14	51	121	110	24	19	12	46	5	41	21	8	9	24	11	26	7	18	22	20	48	11	1	4	5	5	24	12	2	4	0	5	11	9	1	1	2	0	1	0	2	0	1	3	3	0	0	0	1	0	0	0	1	1	0	0	0	0	3	0	0	0	0	0	0	1	0	0	0	0	0	0	0	0	0	1	0	1	1	0	0	0	0	0	0	0	0	0	0	0	0	0	0	0	0
0.03	north16_all	80	8926	2785	1593	2035	965	1153	569	676	1079	1198	644	219	638	208	202	304	246	188	147	77	70	88	154	147	51	50	34	75	36	45	34	23	24	49	20	50	12	26	23	26	39	16	4	10	13	12	25	16	7	5	3	9	16	8	2	1	5	2	4	2	4	4	4	3	4	0	0	10	2	0	1	0	2	2	0	1	0	1	2	0	0	0	1	0	0	1	0	1	0	0	1	0	0	0	0	1	0	1	1	0	0	0	0	0	0	0	0	0	1	0	0	0	0	0	0
0.03	north16_active	80	6517	1301	376	1558	495	837	248	498	948	1105	560	75	588	89	128	256	192	133	109	14	17	50	132	128	21	23	10	62	5	39	24	12	11	32	11	39	6	20	14	24	37	11	1	3	6	8	24	13	3	3	0	3	16	3	1	0	4	0	1	1	2	2	1	3	3	0	0	9	1	0	1	0	2	0	0	0	0	0	2	0	0	0	1	0	0	1	0	1	0	0	1	0	0	0	0	1	0	1	1	0	0	0	0	0	0	0	0	0	0	0	0	0	0	0	0
0.03	north17_all	80	9229	2794	1570	2110	984	1184	580	785	1130	1356	653	231	737	213	223	346	213	187	157	76	78	86	160	151	59	45	32	76	34	49	32	27	24	48	23	60	14	21	23	25	28	15	8	11	14	10	36	18	4	3	3	7	16	6	3	2	2	1	4	2	3	3	4	4	2	2	1	10	0	0	1	1	1	3	1	1	0	0	2	1	0	0	1	0	0	1	0	2	0	0	5	0	0	0	0	1	0	1	0	0	0	0	0	0	0	0	0	0	0	0	0	0	0	0	0
0.03	north17_active	80	6910	1332	366	1663	539	882	277	611	993	1253	573	76	686	98	146	292	170	139	120	15	23	55	133	135	28	20	10	59	4	40	21	15	12	35	15	52	7	17	16	23	24	9	4	5	8	7	35	16	2	2	0	3	16	1	1	1	2	0	1	1	1	2	1	3	1	2	1	9	0	0	1	1	1	0	0	0	0	0	2	1	0	0	1	0	0	1	0	2	0	0	5	0	0	0	0	1	0	1	0	0	0	0	0	0	0	0	0	0	0	0	0	0	0	0	0
0.03	north18_all	80	9100	2820	1613	2096	1006	1243	597	799	1211	1290	617	231	679	199	208	310	230	175	142	83	82	79	145	136	51	46	27	75	36	60	27	30	26	53	20	54	19	18	23	27	25	8	8	8	8	10	26	30	4	2	3	6	11	20	7	4	3	1	3	2	1	3	2	1	1	3	3	11	0	0	1	15	1	3	1	0	0	1	0	1	0	1	1	0	0	0	0	2	0	0	5	0	0	0	0	1	0	0	1	0	0	2	0	0	0	0	0	0	0	0	0	0	0	0	0
0.03	north18_active	80	6793	1323	386	1668	577	926	265	619	1071	1194	549	75	633	92	157	257	207	130	100	17	27	52	123	123	30	20	9	60	6	46	16	14	15	44	12	48	7	13	15	24	22	3	7	3	4	8	25	28	2	2	0	1	11	16	3	1	3	0	0	1	1	2	0	0	0	3	2	10	0	0	1	15	1	0	0	0	0	1	0	1	0	0	1	0	0	0	0	2	0	0	5	0	0	0	0	1	0	0	0	0	0	2	0	0	0	0	0	0	0	0	0	0	0	0	0
0.03	north19_all	80	9024	2861	1619	2025	1034	1227	588	779	1200	1235	631	239	755	193	220	293	235	164	134	82	83	88	141	133	49	46	30	91	35	73	24	28	26	60	20	56	17	20	27	38	26	9	13	7	8	9	29	37	5	6	3	3	11	19	9	3	5	0	2	2	1	3	2	1	0	5	3	1	0	0	0	15	0	1	1	0	0	1	0	1	2	1	1	0	0	0	0	2	0	0	5	0	0	0	0	0	0	0	1	0	0	2	0	0	0	0	0	0	0	0	0	0	0	0	0
0.03	north19_active	80	6751	1342	389	1574	594	923	264	575	1080	1124	556	68	702	93	162	246	209	122	89	17	30	59	118	116	29	24	12	69	6	54	12	10	13	48	10	50	5	15	21	30	22	4	12	3	3	6	28	33	2	6	1	0	10	15	4	1	4	0	1	1	1	1	0	0	0	4	2	1	0	0	0	15	0	0	0	0	0	1	0	1	2	0	1	0	0	0	0	2	0	0	5	0	0	0	0	0	0	0	0	0	0	2	0	0	0	0	0	0	0	0	0	0	0	0	0
0.03	north20_all	80	9120	2830	1634	1996	977	1196	604	749	1236	1178	677	236	783	191	224	258	273	160	125	81	78	93	132	129	41	46	27	85	32	62	28	27	29	53	19	65	15	25	27	45	21	12	17	8	5	14	38	41	4	9	4	5	8	18	7	3	3	2	2	1	4	1	2	1	0	3	3	3	0	0	0	14	0	1	0	1	0	1	0	0	2	1	0	0	0	0	0	0	0	0	4	0	0	0	0	0	0	0	1	0	0	2	0	0	0	0	0	0	0	0	0	0	0	0	0
0.03	north20_active	80	6816	1335	408	1531	548	904	272	551	1118	1085	594	78	725	92	165	222	246	121	70	15	33	67	114	112	21	24	12	68	7	43	11	7	11	43	8	62	2	18	22	33	17	8	16	3	0	8	35	37	1	9	1	0	6	15	4	1	2	0	1	0	3	0	0	0	0	2	2	3	0	0	0	14	0	0	0	0	0	1	0	0	2	0	0	0	0	0	0	0	0	0	4	0	0	0	0	0	0	0	0	0	0	2	0	0	0	0	0	0	0	0	0	0	0	0	0
0.03	south21_all	80	14219	2665	1696	1183	1960	637	628	503	419	359	406	223	206	326	162	235	140	377	336	99	86	88	57	55	70	42	53	36	60	94	28	24	24	22	27	38	22	17	11	13	44	20	9	11	28	7	6	23	4	32	7	11	5	6	7	4	2	3	16	5	2	0	3	2	2	0	3	1	1	2	1	1	1	0	1	1	0	2	0	0	0	1	0	0	0	0	0	0	0	0	2	0	1	2	0	0	0	0	0	1	0	0	0	0	1	0	0	0	0	0	0	0	0	0	0
0.03	south21_active	80	12276	754	752	449	1653	208	348	249	155	112	302	48	60	250	49	180	44	343	301	37	53	54	16	16	41	7	25	16	47	82	14	16	10	7	17	33	17	5	3	5	41	10	1	3	25	3	4	22	1	32	2	9	2	2	7	0	0	2	13	2	1	0	1	0	0	0	2	1	1	1	0	0	0	0	1	0	0	1	0	0	0	1	0	0	0	0	0	0	0	0	2	0	0	2	0	0	0	0	0	1	0	0	0	0	0	0	0	0	0	0	0	0	0	0	0
0.03	south22_all	80	13703	2671	1689	1184	1893	645	650	481	409	331	432	240	207	315	159	227	152	342	291	101	89	89	51	62	68	42	52	40	49	92	31	25	21	21	30	45	22	14	16	19	47	17	4	15	19	7	4	21	5	26	5	6	3	5	6	2	3	3	21	3	3	1	2	4	4	0	3	2	1	2	0	0	1	0	1	1	0	2	0	0	0	1	0	0	0	0	0	1	0	0	2	0	1	0	0	1	0	0	1	1	0	0	0	0	1	0	0	0	0	0	0	0	1	0	0
0.03	south22_active	80	11714	754	710	428	1564	188	355	238	157	103	312	54	53	233	48	174	53	314	256	35	58	45	9	18	40	10	26	15	36	71	15	18	6	8	20	40	15	3	6	11	45	7	1	2	16	4	3	19	2	25	2	2	0	2	6	0	0	2	18	2	2	0	0	1	1	0	2	1	1	1	0	0	0	0	1	0	0	1	0	0	0	1	0	0	0	0	0	0	0	0	1	0	0	0	0	0	0	0	0	1	0	0	0	0	0	0	0	0	0	0	0	0	0	0	0
0.03	south23_all	80	12553	2646	1666	1202	1759	627	652	459	388	326	375	242	202	301	150	205	154	304	289	95	81	91	53	67	51	44	40	38	45	64	33	28	23	22	28	45	21	13	18	22	47	19	7	10	17	7	5	26	5	25	3	5	5	4	8	1	2	2	15	3	4	2	2	2	5	0	2	2	2	2	0	0	1	0	0	0	0	1	0	0	0	0	1	0	0	0	0	1	0	0	1	0	1	0	0	1	0	0	1	1	0	0	0	0	2	0	0	0	0	0	0	0	1	0	0
0.03	south23_active	80	10507	690	633	391	1400	163	345	224	141	91	260	60	47	208	38	156	57	278	259	33	51	43	11	17	27	9	21	15	31	49	12	23	6	10	17	41	10	1	7	14	44	10	3	1	16	4	5	23	2	22	2	1	1	2	5	0	0	2	13	2	4	0	0	1	1	0	1	1	1	1	0	0	0	0	0	0	0	0	0	0	0	0	0	0	0	0	0	0	0	0	0	0	0	0	0	0	0	0	0	1	0	0	0	0	0	0	0	0	0	0	0	0	0	0	0
0.03	south24_all	80	11313	2527	1672	1160	1670	673	609	457	395	329	359	244	205	282	161	185	137	283	286	102	81	71	63	60	42	43	52	35	35	62	37	32	24	13	17	37	21	12	18	21	46	13	7	10	10	3	5	23	6	20	1	5	4	3	11	4	1	1	11	1	6	2	2	4	4	1	2	1	2	2	0	1	1	1	0	0	1	0	1	1	1	0	1	0	0	0	1	1	0	0	2	0	0	0	0	1	0	0	1	1	0	0	0	0	2	0	0	0	0	0	0	0	1	0	0
0.03	south24_active	80	9189	615	564	350	1317	165	295	203	137	87	231	60	49	185	34	121	49	252	259	38	50	29	19	17	19	11	33	12	24	48	13	24	6	7	10	31	8	2	7	13	43	5	3	0	9	1	4	19	4	15	0	2	1	2	4	0	0	1	11	0	6	0	0	2	2	0	1	0	1	1	0	1	0	1	0	0	0	0	0	1	0	0	0	0	0	0	0	0	0	0	0	0	0	0	0	0	0	0	0	1	0	0	0	0	0	0	0	0	0	0	0	0	0	0	0
0.03	south25_all	80	10175	2475	1621	1189	1609	699	565	457	378	334	323	238	203	255	167	192	122	243	281	89	75	60	61	64	44	54	52	27	42	48	37	31	24	11	17	37	18	11	14	18	29	12	10	8	13	4	7	10	10	15	2	4	5	2	9	6	2	3	17	2	6	2	3	2	2	2	4	0	1	1	0	1	1	3	0	0	1	0	1	1	1	0	1	0	0	0	1	0	0	0	1	0	0	0	0	1	0	0	0	0	0	0	0	0	1	0	0	0	0	0	0	0	1	0	0
0.03	south25_active	80	7924	560	511	337	1248	182	256	199	119	81	190	60	48	155	41	125	35	210	257	39	37	21	19	16	13	10	36	8	26	42	13	21	6	4	7	30	7	3	4	8	23	4	5	0	11	1	5	8	4	9	0	2	2	1	2	1	0	3	17	2	6	0	1	1	1	0	2	0	0	0	0	1	0	3	0	0	0	0	0	1	0	0	0	0	0	0	0	0	0	0	0	0	0	0	0	0	0	0	0	0	0	0	0	0	0	0	0	0	0	0	0	0	0	0	0
0.03	south26_all	80	10087	2441	1605	1138	1590	721	567	448	376	332	329	231	219	242	157	197	119	217	251	89	92	63	61	61	54	46	51	31	52	52	41	33	21	14	24	35	13	18	11	19	20	12	9	7	9	3	10	12	11	14	2	2	3	3	5	8	1	5	13	4	5	2	2	2	2	2	4	0	1	0	0	2	1	3	0	1	1	0	1	1	1	0	1	0	0	1	1	0	0	0	1	0	0	0	0	0	0	0	0	0	0	0	0	0	1	0	0	0	0	0	0	0	0	0	0
0.03	south26_active	80	7853	527	514	317	1225	191	260	181	113	82	200	60	54	156	41	133	31	187	222	41	44	26	17	16	18	12	32	8	35	38	19	21	4	4	13	27	5	6	1	10	12	5	4	0	7	0	5	9	3	9	0	1	1	1	0	2	0	5	13	4	5	0	1	1	2	0	1	0	0	0	0	1	0	3	0	0	0	0	0	1	0	0	0	0	0	0	0	0	0	0	0	0	0	0	0	0	0	0	0	0	0	0	0	0	0	0	0	0	0	0	0	0	0	0	0
0.03	south27_all	80	10140	2515	1559	1139	1551	727	578	465	352	337	336	228	224	242	151	193	122	219	253	85	82	63	65	60	55	53	46	29	52	56	38	39	21	17	25	35	10	18	12	20	20	16	12	8	11	3	9	13	9	10	2	3	2	4	2	7	2	4	10	4	2	1	2	2	2	3	4	0	0	0	1	2	1	3	0	1	1	0	1	0	0	0	0	0	0	1	0	0	0	0	0	0	0	0	0	0	0	0	0	0	0	0	0	0	0	0	0	0	0	0	0	0	0	0	0
0.03	south27_active	80	7842	550	509	332	1205	179	250	186	111	73	202	61	61	158	50	132	25	189	218	37	37	29	15	15	19	18	23	10	35	43	16	20	4	3	17	27	6	6	1	11	11	5	4	1	9	0	5	10	1	7	0	1	1	2	0	2	0	4	10	4	1	0	1	1	2	0	1	0	0	0	1	1	0	3	0	0	0	0	1	0	0	0	0	0	0	0	0	0	0	0	0	0	0	0	0	0	0	0	0	0	0	0	0	0	0	0	0	0	0	0	0	0	0	0	0
0.03	south28_all	80	10282	2601	1577	1153	1557	687	602	491	359	340	360	235	195	243	133	179	130	214	242	85	93	70	73	55	42	48	44	32	45	53	34	33	25	19	25	36	10	20	10	18	15	15	11	8	13	4	10	14	6	12	1	7	2	3	1	5	4	3	6	2	2	2	1	0	2	2	2	0	0	1	1	1	1	2	0	1	0	0	1	0	0	0	0	0	0	2	0	0	0	0	0	0	0	0	0	0	0	0	0	0	0	0	0	0	0	0	0	0	0	0	0	0	0	0	0
0.03	south28_active	80	7988	579	530	340	1221	170	278	205	111	68	223	55	51	161	36	127	27	182	199	33	42	32	13	17	15	14	19	10	31	37	17	18	4	4	17	30	10	6	1	13	9	4	3	1	11	0	7	11	0	9	0	5	0	1	0	1	1	2	6	2	1	1	0	0	2	0	1	0	0	0	1	0	0	2	0	0	0	0	1	0	0	0	0	0	0	0	0	0	0	0	0	0	0	0	0	0	0	0	0	0	0	0	0	0	0	0	0	0	0	0	0	0	0	0	0
0.03	south29_all	80	10748	2644	1612	1153	1565	654	592	468	362	314	352	234	193	239	125	187	126	248	220	76	94	63	64	43	45	51	52	35	40	61	33	30	27	14	17	36	17	17	11	15	16	14	11	7	11	4	8	11	10	10	1	7	2	3	1	4	3	3	7	2	2	2	3	0	1	2	1	0	0	1	4	2	0	2	0	0	0	0	1	0	0	0	0	0	1	1	0	0	0	0	1	0	0	0	0	0	0	0	1	0	2	0	0	0	0	0	0	0	0	0	0	0	0	0	0
0.03	south29_active	80	8532	608	552	372	1220	151	287	210	112	61	221	54	48	174	30	127	28	215	180	28	46	30	13	14	20	12	26	14	24	41	19	14	6	2	14	25	12	5	2	9	12	4	4	3	8	0	4	8	2	8	0	5	1	1	1	0	1	2	6	1	1	1	0	0	1	0	0	0	0	0	4	0	0	2	0	0	0	0	1	0	0	0	0	0	1	0	0	0	0	0	0	0	0	0	0	0	0	0	0	0	0	0	0	0	0	0	0	0	0	0	0	0	0	0	0
0.03	south30_all	80	12052	2645	1699	1167	1708	645	638	491	366	295	374	227	177	265	127	189	124	291	246	86	100	64	69	45	47	48	59	38	47	58	37	29	28	14	29	62	21	18	8	12	42	13	9	8	13	7	8	13	12	8	0	6	3	3	3	5	5	2	13	2	2	2	2	3	0	1	0	2	1	1	4	1	1	3	0	0	0	0	0	0	0	0	0	0	1	1	0	0	0	0	1	0	0	0	0	0	0	0	1	0	2	0	0	0	0	0	0	0	0	0	0	0	0	0	0
0.03	south30_active	80	9898	660	628	400	1374	175	348	238	123	69	250	42	46	188	29	137	36	260	206	31	56	33	14	14	22	9	34	12	28	43	21	18	6	3	22	53	12	5	2	7	41	3	5	3	11	2	5	10	2	6	0	5	2	0	1	1	2	0	12	1	1	1	0	1	0	0	0	2	1	0	4	0	0	3	0	0	0	0	0	0	0	0	0	0	1	0	0	0	0	0	0	0	0	0	0	0	0	0	0	0	0	0	0	0	0	0	0	0	0	0	0	0	0	0	0
0.03	south31_all	80	14126	2528	1688	1119	2041	652	697	522	385	326	415	247	196	306	161	224	114	368	359	87	107	79	67	69	58	50	48	42	61	69	33	28	20	29	34	71	24	10	17	11	20	11	10	20	24	6	7	33	8	10	6	4	6	3	10	4	7	2	14	2	1	1	5	1	3	3	2	2	1	0	1	1	0	0	1	0	2	2	1	2	1	5	1	0	2	0	0	1	0	0	0	0	0	0	0	0	0	0	0	0	0	0	1	0	0	0	0	0	0	0	0	0	0	0	0
0.03	south31_active	80	12090	739	720	403	1707	193	397	284	158	107	285	56	54	230	41	166	33	335	331	40	58	45	28	30	36	12	27	21	43	60	19	16	5	9	25	63	14	3	3	7	17	4	5	9	21	4	5	29	3	7	0	3	4	0	3	1	4	2	13	1	0	0	0	0	2	0	1	0	0	0	0	0	0	0	1	0	2	2	1	0	0	5	1	0	1	0	0	0	0	0	0	0	0	0	0	0	0	0	0	0	0	0	1	0	0	0	0	0	0	0	0	0	0	0	0
0.03	south32_all	80	14206	2469	1736	1134	2096	681	626	509	382	319	413	234	177	312	166	221	107	399	382	85	107	67	61	57	65	54	36	33	63	64	35	26	19	23	40	61	30	11	15	11	26	8	11	18	23	4	4	21	10	10	8	9	5	3	9	3	9	3	17	2	2	1	6	1	3	3	2	3	1	0	0	2	0	0	1	0	2	0	1	2	1	0	0	0	1	0	1	0	0	0	0	0	0	0	0	0	0	0	0	0	0	0	1	0	0	0	0	0	0	0	0	0	0	0	0
0.03	south32_active	80	12187	702	763	421	1763	204	359	281	157	98	281	60	50	238	51	156	37	367	352	37	54	35	26	29	38	17	17	15	43	54	20	14	6	7	34	56	19	4	1	9	24	4	7	8	21	1	2	19	2	8	1	8	4	1	2	1	6	3	16	1	1	0	0	0	2	1	2	1	0	0	0	1	0	0	1	0	2	0	1	0	0	0	0	0	1	0	0	0	0	0	0	0	0	0	0	0	0	0	0	0	0	0	1	0	0	0	0	0	0	0	0	0	0	0	0
0.03	south33_all	80	13887	2502	1721	1176	2041	688	638	483	385	277	374	245	187	314	139	230	119	338	424	84	95	66	55	55	61	54	41	33	57	62	35	29	22	24	42	49	25	12	13	13	16	10	10	17	19	4	4	14	9	16	6	9	3	7	8	2	8	3	14	2	3	2	2	0	2	2	1	3	0	0	1	2	0	1	0	0	2	1	0	0	1	0	1	1	1	0	2	0	0	0	0	0	0	0	0	0	0	0	0	0	0	0	0	0	0	0	0	0	0	0	0	0	0	0	0
0.03	south33_active	80	11871	703	713	447	1713	221	365	239	156	81	244	52	57	233	42	165	48	304	391	37	43	32	17	24	37	14	19	15	38	52	17	15	9	7	34	45	15	5	1	10	15	2	6	6	18	0	3	12	2	15	1	9	3	1	2	1	6	3	13	1	2	1	0	0	2	1	1	1	0	0	0	1	0	1	0	0	2	1	0	0	0	0	0	0	1	0	0	0	0	0	0	0	0	0	0	0	0	0	0	0	0	0	0	0	0	0	0	0	0	0	0	0	0	0	0
0.03	south34_all	80	12891	2501	1683	1180	1855	673	620	476	403	273	355	240	198	277	154	234	111	266	341	94	95	56	55	56	55	48	50	35	49	68	23	29	17	24	47	51	18	14	15	9	22	17	9	14	18	3	7	16	9	25	7	6	3	7	4	5	6	5	12	0	3	4	3	2	1	2	1	3	0	0	1	4	1	1	1	0	0	1	0	0	0	0	1	1	0	0	2	0	0	0	0	0	0	0	0	0	0	0	0	0	0	0	0	0	0	0	0	0	0	0	0	0	0	0	0
0.03	south34_active	80	10787	637	659	420	1533	189	330	236	136	63	240	56	62	205	51	168	41	230	309	39	43	23	14	21	29	10	28	13	37	58	8	14	7	9	39	46	10	3	3	7	21	5	4	4	16	0	5	14	1	24	1	6	2	1	2	4	5	5	12	0	3	1	0	0	1	2	1	2	0	0	0	1	0	1	0	0	0	1	0	0	0	0	0	0	0	0	0	0	0	0	0	0	0	0	0	0	0	0	0	0	0	0	0	0	0	0	0	0	0	0	0	0	0	0	0
0.03	south35_all	80	11638	2517	1626	1178	1716	677	619	475	407	287	366	218	215	251	146	235	128	232	279	89	86	64	62	56	50	47	56	31	50	56	23	29	20	23	47	38	17	12	19	9	16	20	9	11	14	3	11	7	5	30	4	2	2	5	7	5	2	4	2	1	3	4	2	3	1	1	0	3	0	0	2	2	1	1	1	1	0	1	0	1	0	0	1	1	0	0	2	0	0	0	0	0	0	0	0	0	0	0	0	0	0	0	0	0	0	0	0	0	0	0	0	0	0	0	0
0.03	south35_active	80	9469	580	569	373	1370	183	301	227	123	63	220	41	52	172	40	162	38	192	254	38	44	28	12	16	20	10	28	11	35	41	7	15	7	8	35	34	9	3	5	7	16	6	4	2	10	0	6	5	0	30	0	2	1	0	4	4	2	4	2	0	2	2	1	1	1	1	0	2	0	0	0	0	0	1	0	1	0	1	0	0	0	0	0	0	0	0	0	0	0	0	0	0	0	0	0	0	0	0	0	0	0	0	0	0	0	0	0	0	0	0	0	0	0	0	0
0.03	south36_all	80	10267	2484	1611	1126	1469	682	594	501	416	298	382	209	219	252	152	217	123	221	260	91	72	57	62	50	51	47	54	33	39	53	26	27	25	20	45	34	12	13	21	8	14	19	6	12	12	3	14	9	8	19	5	6	3	4	6	5	2	3	4	1	3	3	2	3	1	1	0	4	0	0	1	3	2	0	1	1	1	0	1	1	0	0	0	0	0	0	1	1	0	1	0	1	0	0	0	0	0	0	0	0	0	0	0	0	0	0	0	0	0	0	0	0	0	0	0
0.03	south36_active	80	8001	528	525	327	1104	155	258	212	117	70	228	46	54	170	38	137	30	174	225	36	36	20	14	12	19	8	29	10	29	42	10	14	6	6	34	29	5	2	6	7	13	8	2	2	8	0	8	8	0	18	0	4	1	0	4	4	1	3	4	0	1	1	1	1	1	1	0	4	0	0	0	0	0	0	0	1	0	0	1	0	0	0	0	0	0	0	0	1	0	0	0	1	0	0	0	0	0	0	0	0	0	0	0	0	0	0	0	0	0	0	0	0	0	0	0
0.03	south37_all	80	10160	2494	1594	1109	1477	712	597	484	415	318	390	214	195	236	142	207	119	237	240	94	73	65	70	41	56	44	58	33	45	47	37	32	26	17	37	39	15	13	18	9	26	14	7	9	10	5	14	10	9	22	6	8	3	3	7	4	2	9	4	2	2	1	1	2	1	0	0	3	0	0	1	1	1	0	0	1	1	0	1	1	0	1	0	0	0	0	0	1	0	1	0	1	0	0	0	0	0	0	0	0	1	0	0	0	0	0	0	0	0	0	0	0	0	0	0
0.03	south37_active	80	7916	542	514	316	1113	158	266	215	121	73	229	44	47	153	37	125	26	194	200	37	35	23	17	12	20	12	30	13	27	34	19	16	5	5	25	35	8	4	4	7	24	6	3	1	7	0	8	10	0	20	0	6	1	0	4	3	1	6	4	1	0	1	1	1	0	0	0	3	0	0	0	0	0	0	0	1	0	0	1	0	0	0	0	0	0	0	0	1	0	0	0	1	0	0	0	0	0	0	0	0	1	0	0	0	0	0	0	0	0	0	0	0	0	0	0
0.03	south38_all	80	10147	2497	1603	1078	1469	698	575	475	395	311	366	201	213	248	138	182	107	219	243	94	73	65	70	46	54	48	55	30	31	43	36	32	26	17	34	45	13	13	15	5	32	12	10	6	7	7	10	13	7	15	6	10	3	5	4	3	3	8	7	1	3	1	0	1	2	0	1	3	1	1	0	1	1	0	0	0	1	0	1	1	0	1	0	0	0	0	0	1	2	1	1	1	0	0	0	0	0	0	0	0	1	0	0	0	0	1	1	0	0	0	0	0	0	0	0
0.03	south38_active	80	7891	567	524	296	1123	160	250	212	112	74	217	41	45	162	36	119	27	183	198	37	30	23	16	14	20	15	30	14	16	32	19	18	4	5	24	35	7	5	3	3	28	3	3	1	7	2	7	13	0	13	0	7	1	0	2	1	1	5	6	1	1	1	0	0	0	0	0	3	0	0	0	0	0	0	0	0	0	0	1	0	0	0	0	0	0	0	0	1	0	0	0	1	0	0	0	0	0	0	0	0	1	0	0	0	0	0	0	0	0	0	0	0	0	0	0
0.03	south39_all	80	10268	2493	1600	1104	1480	673	569	456	369	302	335	213	210	267	165	175	117	221	240	103	81	67	70	58	53	40	55	31	27	41	38	32	26	18	33	38	15	17	12	8	29	10	8	5	5	8	10	13	6	17	7	8	7	3	5	8	2	9	5	2	3	1	0	1	3	0	1	2	2	1	0	1	2	0	0	1	1	0	1	0	1	2	0	0	0	0	0	0	2	1	1	0	0	0	0	0	1	0	0	0	1	0	0	0	0	2	1	0	0	0	0	0	0	1	0
0.03	south39_active	80	8117	566	538	299	1140	165	263	206	118	80	182	48	45	183	38	109	27	195	197	42	47	27	17	23	22	13	28	17	11	30	20	19	6	5	21	29	6	4	5	5	26	2	2	1	5	2	7	13	1	15	1	6	2	0	2	5	1	5	3	1	2	0	0	0	0	0	0	2	0	0	0	0	0	0	0	1	0	0	1	0	1	1	0	0	0	0	0	0	0	0	0	0	0	0	0	0	0	0	0	0	1	0	0	0	0	0	0	0	0	0	0	0	0	0	0
0.03	south40_all	80	11323	2497	1611	1150	1782	673	605	457	372	300	355	230	217	275	175	203	125	260	254	102	90	70	65	59	51	40	44	35	29	47	34	33	26	18	28	37	21	14	12	14	19	11	9	6	4	10	7	22	8	18	8	2	9	3	5	9	2	5	5	4	4	2	1	1	3	1	2	0	2	1	1	0	1	0	0	1	0	1	0	1	1	1	0	0	0	1	0	0	2	0	1	0	0	0	1	0	1	0	0	0	0	0	0	0	0	2	1	0	0	0	0	0	0	1	0
0.03	south40_active	80	9290	622	597	332	1441	193	305	202	116	82	212	44	47	187	43	151	28	233	213	49	52	32	16	24	25	12	25	19	16	36	15	19	4	6	16	27	9	2	6	10	16	2	1	0	2	3	6	20	2	16	2	1	5	0	1	6	1	4	3	3	3	0	1	0	1	0	1	0	0	0	0	0	0	0	0	1	0	1	0	0	1	1	0	0	0	0	0	0	0	0	0	0	0	0	0	0	0	0	0	0	0	0	0	0	0	0	0	0	0	0	0	0	0	0	0
