label	Group	numOtus	Otu0	Otu1	Otu2	Otu3	Otu4	Otu5	Otu6	Otu7	Otu8	Otu9	Otu10	Otu11	Otu12	Otu13	Otu14	Otu15	Otu16	Otu17	Otu18	Otu19	Otu20	Otu21	Otu22	Otu23	Otu24	Otu25	Otu26	Otu27	Otu28	Otu29	Otu30	Otu31	Otu32	Otu33	Otu34	Otu35	Otu36	Otu37	Otu38	Otu39	Otu40	Otu41	Otu42	Otu43	Otu44	Otu45	Otu46	Otu47	Otu48	Otu49	Otu50	Otu51	Otu52	Otu53	Otu54	Otu55	Otu56	Otu57	Otu58	Otu59	Otu60	Otu61	Otu62	Otu63	Otu64	Otu65	Otu66	Otu67	Otu68	Otu69	Otu70	Otu71	Otu72	Otu73	Otu74	Otu75	Otu76	Otu77	Otu78	Otu79	Otu80	Otu81	Otu82	Otu83	Otu84	Otu85	Otu86	Otu87	Otu88	Otu89	Otu90	Otu91	Otu92	Otu93	Otu94	Otu95	Otu96	Otu97	Otu98
0.03	north1_all	80	5740	2668	1559	1128	1645	772	572	416	346	539	831	209	870	157	112	317	218	235	258	125	64	54	116	31	46	28	32	23	11	21	18	20	9	13	16	38	4	4	15	12	7	16	6	7	6	1	7	3	2	3	0	4	1	3	3	3	5	0	0	6	1	5	3	1	2	0	1	0	0	0	1	0	0	0	0	0	0	0	0	0	0	0	0	0	0	0	0	0	0	0	0	0	0	0	0	0	0	0	0
0.03	north1_active	80	2151	1183	418	299	1320	484	286	146	131	426	747	61	825	92	29	272	173	217	230	95	30	30	105	6	27	12	26	8	4	9	9	7	1	4	5	37	3	0	14	7	3	16	4	6	6	0	1	2	2	2	0	0	1	3	0	3	5	0	0	6	1	4	3	0	0	0	1	0	0	0	0	0	0	0	0	0	0	0	0	0	0	0	0	0	0	0	0	0	0	0	0	0	0	0	0	0	0	0	0
0.03	north2_all	80	5711	2742	1533	1162	1613	802	549	435	357	572	879	196	851	153	121	331	209	232	267	111	58	53	97	31	51	26	42	28	19	18	15	21	12	12	11	36	9	7	9	15	4	23	7	9	9	1	7	3	1	4	0	5	1	9	1	3	11	2	1	0	1	1	3	0	0	0	0	0	0	0	1	0	0	0	0	3	0	0	0	0	0	0	0	0	0	0	0	0	0	0	0	0	0	0	0	0	0	0	0
0.03	north2_active	80	2172	1214	413	309	1287	521	273	151	125	458	770	61	805	87	34	283	158	212	235	87	29	24	90	8	33	9	34	7	8	8	10	8	4	4	4	33	4	1	7	10	1	22	5	7	8	0	1	2	1	2	0	0	1	9	0	3	11	0	0	0	1	0	3	0	0	0	0	0	0	0	0	0	0	0	0	3	0	0	0	0	0	0	0	0	0	0	0	0	0	0	0	0	0	0	0	0	0	0	0
0.03	north3_all	80	5659	2737	1562	1129	1578	845	529	404	370	574	825	181	789	157	133	345	226	239	234	126	58	58	110	28	51	20	47	24	25	18	17	22	13	16	9	25	8	8	12	8	9	15	9	17	14	1	5	1	5	4	0	3	2	7	1	2	8	2	1	0	0	0	0	0	1	1	0	0	0	2	0	0	0	1	0	3	0	1	0	1	0	0	0	0	0	0	0	1	0	0	0	0	0	3	0	0	0	0	0
0.03	north3_active	80	2122	1218	404	296	1257	543	260	145	130	464	727	55	730	84	43	298	171	211	205	102	28	30	99	8	27	8	37	3	13	7	12	12	4	6	3	23	3	1	10	5	4	14	5	14	13	0	2	0	1	3	0	0	1	7	0	2	8	0	0	0	0	0	0	0	1	1	0	0	0	0	0	0	0	0	0	3	0	0	0	0	0	0	0	0	0	0	0	0	0	0	0	0	0	3	0	0	0	0	0
0.03	north4_all	80	5783	2744	1579	1153	1589	836	528	409	339	573	865	176	811	171	143	354	224	247	235	112	57	62	96	31	47	20	35	27	25	14	17	22	11	12	5	29	8	9	14	6	11	18	8	23	11	2	3	0	4	2	0	5	3	6	1	3	6	2	1	1	1	0	1	0	1	2	0	0	0	2	0	0	0	1	0	3	0	1	0	1	0	0	1	0	0	0	0	1	0	0	0	0	0	3	0	1	0	0	0
0.03	north4_active	80	2147	1222	396	321	1282	536	257	156	121	474	762	44	757	85	45	303	175	219	204	91	31	34	78	10	26	8	27	4	15	7	11	12	4	6	2	26	2	3	12	5	5	16	5	20	10	0	1	0	0	1	0	0	1	6	0	3	6	0	0	1	0	0	0	0	1	2	0	0	0	0	0	0	0	0	0	3	0	0	0	0	0	0	1	0	0	0	0	0	0	0	0	0	0	3	0	0	0	0	0
0.03	north5_all	80	5751	2692	1586	1130	1584	838	509	389	346	585	766	206	879	168	140	315	222	267	233	130	61	59	73	27	50	23	30	25	21	10	19	22	12	12	11	36	5	11	16	4	10	27	4	24	9	2	2	1	4	1	0	2	2	0	1	3	3	3	1	2	3	5	1	3	1	3	0	0	0	3	0	0	0	1	0	0	0	1	0	1	0	0	1	0	0	0	0	1	0	0	0	0	0	3	0	1	0	0	0
0.03	north5_active	80	2141	1193	391	316	1279	527	236	148	122	477	686	48	819	89	43	259	170	233	198	107	29	32	58	9	30	9	23	7	12	4	12	12	4	5	6	32	1	6	15	3	5	25	2	21	8	0	1	0	0	1	0	0	0	0	0	3	3	3	0	2	2	4	0	3	1	2	0	0	0	1	0	0	0	0	0	0	0	0	0	0	0	0	1	0	0	0	0	0	0	0	0	0	0	3	0	0	0	0	0
0.03	north6_all	80	5687	2727	1582	1103	1606	854	540	409	335	541	793	213	873	177	118	309	211	270	265	112	61	63	77	30	50	25	39	21	18	14	23	21	14	8	11	40	10	9	22	3	6	32	2	18	7	2	1	1	3	1	0	2	1	4	1	1	5	3	4	2	3	6	1	7	2	2	1	0	0	3	0	0	0	0	0	0	0	0	0	1	0	0	1	0	0	0	0	0	0	0	0	0	0	0	0	1	0	0	0
0.03	north6_active	80	2101	1200	392	316	1305	547	269	153	129	442	710	44	806	89	26	260	164	239	230	91	25	36	62	9	33	7	30	6	9	7	13	14	3	3	6	35	3	6	20	3	2	30	2	15	6	1	0	0	0	1	0	0	0	3	0	1	5	3	3	2	2	4	0	7	2	1	0	0	0	1	0	0	0	0	0	0	0	0	0	0	0	0	1	0	0	0	0	0	0	0	0	0	0	0	0	0	0	0	0
0.03	north7_all	80	5638	2769	1590	1098	1770	860	541	398	311	491	764	210	860	163	124	266	207	305	286	128	67	53	108	35	48	27	50	22	24	18	26	23	18	8	10	37	11	10	24	6	5	35	0	11	6	3	1	1	3	1	0	2	2	5	1	2	5	3	5	2	3	7	2	7	2	1	1	0	0	1	0	0	0	0	0	0	0	0	0	1	0	0	0	0	0	0	0	0	0	0	0	0	0	0	0	1	0	0	0
0.03	north7_active	80	2054	1213	407	302	1457	551	271	139	121	386	696	45	786	85	32	217	168	270	250	101	27	28	94	11	33	7	41	5	14	6	15	13	7	3	4	32	3	6	21	4	2	33	0	9	5	2	0	0	0	1	0	0	1	4	0	2	5	3	4	2	2	4	1	7	2	0	0	0	0	1	0	0	0	0	0	0	0	0	0	0	0	0	0	0	0	0	0	0	0	0	0	0	0	0	0	0	0	0	0
0.03	north8_all	80	5623	2719	1599	1075	1689	885	524	410	296	473	704	200	805	154	117	281	219	265	260	115	65	62	110	42	44	26	52	18	26	18	24	21	18	10	9	29	14	10	17	4	2	44	1	9	3	3	1	2	3	1	0	1	3	5	1	1	4	5	5	1	1	2	1	7	2	2	1	0	0	1	0	0	0	0	0	0	0	0	0	1	0	3	0	0	0	0	0	0	0	0	0	0	0	0	0	0	0	0	0
0.03	north8_active	80	1944	1170	387	292	1388	558	252	141	107	373	635	46	739	74	24	238	168	231	230	95	26	29	92	12	25	5	39	6	13	7	14	11	7	4	2	26	4	7	14	2	0	42	1	7	3	2	0	0	0	1	0	0	2	4	0	1	4	5	4	1	0	0	1	7	2	1	0	0	0	1	0	0	0	0	0	0	0	0	0	0	0	3	0	0	0	0	0	0	0	0	0	0	0	0	0	0	0	0	0
0.03	north9_all	80	5647	2704	1632	1046	1603	820	504	397	279	457	622	186	696	149	124	269	192	254	227	120	67	57	96	46	46	24	54	24	29	14	19	23	14	13	7	20	13	9	15	6	3	35	4	7	8	4	1	2	1	2	2	1	4	2	1	1	0	5	1	1	1	2	1	1	1	1	1	0	0	0	0	0	0	1	0	0	0	0	0	1	0	3	0	0	0	0	0	0	0	0	0	0	0	0	0	0	0	0	0
0.03	north9_active	80	1832	1114	400	245	1263	502	229	128	99	344	550	41	637	65	30	229	142	228	205	98	26	28	75	10	27	5	40	7	19	5	10	11	6	7	1	17	3	5	11	3	0	34	2	5	8	2	0	1	0	1	1	0	2	2	0	1	0	5	1	1	0	0	1	0	1	1	0	0	0	0	0	0	0	0	0	0	0	0	0	0	0	3	0	0	0	0	0	0	0	0	0	0	0	0	0	0	0	0	0
0.03	north10_all	80	5625	2638	1634	1044	1390	713	520	396	294	448	553	185	577	137	116	244	173	224	172	104	59	60	93	49	41	26	54	21	29	17	19	20	14	14	9	12	10	9	18	4	7	37	4	5	7	4	0	4	1	1	3	1	3	4	0	1	0	5	0	1	0	2	1	2	0	1	1	0	0	0	1	1	0	1	0	0	0	0	0	0	0	3	0	0	0	0	0	0	0	0	0	0	0	0	0	0	0	0	0
0.03	north10_active	80	1709	1020	378	237	1046	412	227	127	93	334	470	41	533	60	29	200	119	201	153	87	18	30	73	11	23	7	37	6	17	5	13	9	6	5	3	10	2	3	14	1	2	36	2	3	6	0	0	2	0	0	1	0	1	4	0	1	0	5	0	1	0	0	1	1	0	1	0	0	0	0	1	1	0	0	0	0	0	0	0	0	0	3	0	0	0	0	0	0	0	0	0	0	0	0	0	0	0	0	0
0.03	north11_all	80	5734	2713	1577	1041	1792	865	509	407	331	551	757	214	776	167	126	325	283	330	243	109	59	50	91	35	33	38	33	18	27	18	11	14	13	16	16	24	6	5	18	4	5	16	7	15	5	1	4	7	4	1	0	2	0	1	1	1	15	0	3	1	0	0	0	1	1	2	1	0	0	0	0	8	0	0	0	0	0	0	0	0	0	0	0	1	1	0	0	0	0	0	0	0	0	0	0	0	0	0	0
0.03	north11_active	80	2050	1190	403	295	1467	530	258	135	114	431	688	71	719	86	19	278	248	304	210	92	29	28	75	12	20	13	21	4	12	7	6	8	4	6	6	23	1	0	16	2	2	15	2	13	4	0	1	4	1	1	0	0	0	1	0	1	14	0	1	1	0	0	0	0	0	2	0	0	0	0	0	8	0	0	0	0	0	0	0	0	0	0	0	1	0	0	0	0	0	0	0	0	0	0	0	0	0	0	0
0.03	north12_all	80	5638	2741	1566	1044	1785	863	507	399	304	599	814	193	835	146	124	357	264	362	244	127	56	50	105	35	32	36	37	20	22	22	9	15	14	14	18	25	6	5	19	7	6	33	7	18	6	0	5	6	3	2	2	1	1	2	1	1	16	0	2	0	0	1	0	0	0	2	1	0	0	1	0	8	0	0	0	0	0	0	0	0	0	0	0	1	1	0	0	0	0	0	0	0	1	0	0	0	0	0	0
0.03	north12_active	80	2064	1256	410	290	1464	554	272	147	103	474	745	68	781	71	21	308	232	334	213	107	30	23	93	11	21	12	25	5	11	5	6	7	2	5	7	24	1	1	17	6	2	31	2	16	5	0	1	4	1	2	1	0	0	1	0	1	14	0	0	0	0	0	0	0	0	2	0	0	0	0	0	8	0	0	0	0	0	0	0	0	0	0	0	1	0	0	0	0	0	0	0	0	0	0	0	0	0	0	0
0.03	north13_all	80	5631	2753	1580	1024	1820	862	496	376	306	607	872	191	836	154	124	370	250	307	236	122	57	58	118	37	34	28	56	20	19	17	11	16	15	14	14	24	8	7	18	8	6	47	9	18	5	2	3	4	2	3	2	2	1	4	1	1	8	1	3	0	0	8	0	0	1	2	1	0	0	1	0	8	0	0	0	0	0	0	0	0	0	0	0	1	0	0	0	0	0	0	0	0	1	0	0	0	0	0	0
0.03	north13_active	80	2099	1278	416	261	1504	541	255	136	112	479	785	75	788	73	22	325	220	285	210	100	27	23	105	9	25	9	45	5	11	3	5	7	6	3	8	22	2	2	16	6	2	44	2	16	4	0	1	3	2	1	1	0	0	3	0	1	7	1	1	0	0	7	0	0	1	2	0	0	0	0	0	8	0	0	0	0	0	0	0	0	0	0	0	1	0	0	0	0	0	0	0	0	0	0	0	0	0	0	0
0.03	north14_all	80	5723	2787	1532	1054	1786	848	518	389	309	586	872	177	706	161	121	376	191	314	274	136	49	65	122	33	35	20	64	19	17	15	17	20	19	11	13	25	8	12	10	8	7	51	10	12	17	6	2	4	1	4	2	2	3	3	1	1	1	1	3	0	0	10	0	0	1	2	1	0	1	1	1	0	0	0	0	0	0	0	0	0	0	1	0	0	0	0	0	0	0	0	0	0	1	0	0	0	0	0	0
0.03	north14_active	80	2128	1263	399	274	1464	510	246	136	117	474	784	57	657	75	32	330	169	288	248	109	20	25	109	4	25	6	53	5	11	3	7	10	8	2	6	24	1	5	8	7	1	49	2	10	16	1	1	1	1	1	1	0	0	2	0	0	0	1	1	0	0	9	0	0	1	2	0	0	1	0	0	0	0	0	0	0	0	0	0	0	0	0	0	0	0	0	0	0	0	0	0	0	0	0	0	0	0	0	0
0.03	north15_all	80	5744	2750	1506	1080	1817	849	515	389	320	622	899	189	623	177	136	305	200	301	264	112	60	66	118	32	38	22	73	11	26	19	21	21	19	10	12	23	9	11	11	6	9	43	6	8	18	6	2	2	2	4	2	2	3	5	1	2	0	1	3	0	0	10	1	1	1	0	0	0	1	0	1	0	0	0	0	0	0	0	1	0	0	1	0	0	0	0	0	0	0	0	1	0	0	0	0	0	0	0	0
0.03	north15_active	80	2132	1222	375	274	1488	487	230	130	140	499	814	53	566	83	43	264	179	269	242	89	27	28	107	5	25	4	59	4	17	6	8	11	10	2	6	19	1	5	3	4	2	42	1	7	16	1	0	0	1	0	2	0	0	4	0	1	0	1	1	0	0	10	1	1	1	0	0	0	1	0	0	0	0	0	0	0	0	0	1	0	0	0	0	0	0	0	0	0	0	0	0	0	0	0	0	0	0	0	0
0.03	north16_all	80	5742	2755	1496	1117	1825	840	545	390	310	620	885	210	605	168	130	314	206	340	274	116	54	60	129	26	41	22	73	12	28	20	21	22	15	11	14	26	7	6	10	8	8	27	4	5	17	7	1	4	3	3	2	3	2	4	1	2	0	0	3	3	0	4	1	1	1	0	0	0	2	1	1	1	0	0	0	0	0	0	1	0	0	1	0	0	0	0	0	0	0	0	1	0	0	0	0	0	0	0	1
0.03	north16_active	80	2165	1228	378	275	1503	492	251	134	139	503	805	62	540	86	43	268	176	311	251	87	25	33	115	4	25	5	56	4	19	6	12	12	11	4	6	20	1	3	2	6	1	27	0	4	14	1	0	0	2	0	2	0	0	4	0	1	0	0	1	3	0	4	1	1	1	0	0	0	2	1	0	0	0	0	0	0	0	0	1	0	0	0	0	0	0	0	0	0	0	0	0	0	0	0	0	0	0	0	0
0.03	north17_all	80	5657	2745	1556	1120	1758	795	558	419	342	587	780	209	602	158	148	263	216	311	213	107	51	65	111	29	39	25	72	17	31	23	21	16	20	10	15	28	5	2	14	8	6	17	3	11	7	3	4	2	4	2	2	2	1	2	1	2	0	1	3	3	3	4	2	1	1	0	0	0	2	1	3	1	0	0	1	0	0	0	1	0	0	0	0	0	0	0	0	0	0	0	1	0	0	0	0	0	0	0	1
0.03	north17_active	80	2033	1187	356	271	1412	468	261	148	148	456	713	60	545	83	43	216	182	273	188	83	24	33	99	5	24	6	51	8	19	6	12	5	8	6	6	21	1	0	6	5	2	17	0	10	4	1	0	0	1	0	2	0	1	2	1	2	0	1	1	3	0	4	2	1	1	0	0	0	2	1	1	0	0	0	0	0	0	0	1	0	0	0	0	0	0	0	0	0	0	0	0	0	0	0	0	0	0	0	0
0.03	north18_all	80	5501	2714	1594	1128	1539	761	531	403	325	524	692	206	590	156	119	259	190	242	207	111	56	60	109	32	40	31	50	25	30	24	22	14	20	15	13	17	4	4	9	6	5	9	2	13	3	3	6	3	3	3	1	2	1	3	3	1	1	2	3	4	4	1	1	0	1	0	0	0	1	1	2	1	0	0	1	0	0	0	0	0	0	0	0	0	0	0	0	0	0	0	0	0	0	0	0	0	0	0	1
0.03	north18_active	80	1894	1137	370	283	1212	421	249	127	122	397	630	56	542	83	29	212	153	209	178	81	24	33	94	4	21	11	34	10	13	7	12	5	7	5	3	11	1	0	8	4	3	9	0	10	1	0	0	0	1	0	1	0	1	3	1	1	0	2	1	4	0	1	1	0	1	0	0	0	1	1	1	0	0	0	0	0	0	0	0	0	0	0	0	0	0	0	0	0	0	0	0	0	0	0	0	0	0	0	0
0.03	north19_all	80	5566	2656	1614	1132	1508	718	522	420	328	411	564	195	515	163	105	201	172	231	158	109	48	58	88	39	44	37	48	30	21	25	23	13	20	13	8	25	9	8	8	3	4	9	3	13	3	3	6	2	3	3	1	1	1	2	3	1	1	2	1	6	4	1	1	0	0	0	0	0	0	0	2	0	1	0	1	0	0	0	0	0	0	0	1	0	0	0	0	0	0	0	0	0	0	0	0	0	0	0	1
0.03	north19_active	80	1734	1045	358	265	1173	371	236	116	107	287	489	42	476	75	25	165	132	198	129	80	22	26	75	9	21	15	35	14	8	8	12	4	4	4	2	17	4	2	7	2	2	6	0	10	2	0	0	0	1	0	1	0	1	2	1	1	0	2	0	5	0	1	1	0	0	0	0	0	0	0	1	0	0	0	0	0	0	0	0	0	0	0	1	0	0	0	0	0	0	0	0	0	0	0	0	0	0	0	0
0.03	north20_all	80	5554	2612	1626	1132	1311	704	503	430	303	393	522	186	479	158	101	192	157	172	142	91	52	60	71	44	41	36	46	28	25	20	17	14	16	11	9	26	13	9	10	1	4	8	2	9	1	4	4	1	3	2	2	1	2	2	4	1	1	4	0	5	1	0	1	3	0	0	0	0	0	0	0	0	2	0	1	0	0	0	0	0	0	0	1	0	0	0	0	0	0	0	0	0	0	0	0	0	0	0	0
0.03	north20_active	80	1629	954	373	249	992	340	222	108	98	270	444	37	438	82	22	159	115	142	117	62	24	25	57	9	17	16	29	11	13	8	9	4	4	2	3	20	4	2	9	1	2	3	0	7	1	0	1	0	2	0	0	0	1	2	1	0	0	3	0	4	0	0	0	3	0	0	0	0	0	0	0	0	1	0	0	0	0	0	0	0	0	0	1	0	0	0	0	0	0	0	0	0	0	0	0	0	0	0	0
0.03	south21_all	80	5522	5536	1610	1280	957	702	948	398	323	452	240	204	326	149	112	117	143	91	83	55	54	49	133	48	29	69	27	29	43	27	19	25	12	14	8	9	14	18	9	26	5	11	4	7	2	5	3	1	2	5	9	2	4	19	0	2	2	1	6	2	2	0	1	0	0	0	1	0	1	0	0	1	0	0	0	0	1	0	0	0	0	0	1	0	0	0	0	0	0	0	0	0	0	0	1	0	0	0	0
0.03	south21_active	80	1971	4462	388	704	507	296	730	104	84	321	67	114	268	40	34	23	101	28	43	11	14	17	117	25	6	54	8	2	34	8	11	12	5	7	2	4	9	8	3	22	3	7	2	2	0	4	1	1	2	4	9	2	1	17	0	0	2	1	6	1	2	0	0	0	0	0	0	0	0	0	0	0	0	0	0	0	1	0	0	0	0	0	1	0	0	0	0	0	0	0	0	0	0	0	0	0	0	0	0
0.03	south22_all	80	5631	6411	1570	1336	1013	727	1015	390	312	510	241	226	407	157	108	100	143	87	72	56	60	43	136	42	28	81	21	30	53	25	27	23	9	20	7	12	12	16	8	28	5	10	3	5	3	3	5	2	7	5	7	2	4	3	1	2	0	1	5	2	6	1	1	0	0	0	2	0	0	0	0	0	8	0	0	0	1	0	1	2	0	0	1	0	0	0	0	0	0	0	0	0	0	0	0	0	0	0	0
0.03	south22_active	80	2158	5388	413	787	567	331	809	103	86	383	66	128	337	51	29	16	109	33	40	12	19	15	120	19	6	69	4	2	45	8	22	10	4	12	3	5	8	8	3	25	2	6	2	2	1	2	3	1	7	5	7	2	1	1	0	0	0	1	5	1	6	1	0	0	0	0	1	0	0	0	0	0	8	0	0	0	1	0	1	2	0	0	1	0	0	0	0	0	0	0	0	0	0	0	0	0	0	0	0
0.03	south23_all	80	5704	7029	1593	1441	1003	720	1096	392	342	542	224	255	469	143	110	87	152	77	88	67	49	39	125	49	30	107	24	30	52	25	28	24	10	17	6	10	9	6	8	25	6	9	4	6	4	4	3	3	8	7	8	3	4	2	6	3	0	2	4	1	4	1	1	0	0	0	2	0	0	0	0	0	8	0	0	0	1	0	1	2	0	0	1	0	0	0	0	0	0	0	0	0	0	0	0	0	0	0	0
0.03	south23_active	80	2328	6118	467	883	599	341	884	108	102	426	57	159	400	48	29	15	115	34	57	16	19	14	112	25	7	97	4	3	44	11	25	11	5	13	3	3	5	4	2	23	4	7	3	1	1	3	3	2	8	7	8	2	1	1	5	0	0	1	4	1	4	1	0	0	0	0	1	0	0	0	0	0	8	0	0	0	1	0	1	2	0	0	1	0	0	0	0	0	0	0	0	0	0	0	0	0	0	0	0
0.03	south24_all	80	5888	7671	1577	1469	1067	724	1163	406	341	613	215	266	506	143	113	91	160	82	92	65	47	43	135	43	35	138	28	31	58	22	27	22	14	21	6	11	14	11	6	27	9	6	3	4	4	3	3	3	7	7	4	5	1	5	6	2	0	2	0	1	4	1	1	0	0	0	1	0	0	0	0	0	8	0	0	0	3	0	1	2	0	0	0	0	0	0	0	0	0	0	0	0	0	0	0	0	0	0	0
0.03	south24_active	80	2503	6771	518	938	657	377	952	118	122	501	43	164	440	56	27	17	118	38	63	16	17	15	121	25	6	128	7	8	53	10	24	12	7	19	3	3	10	8	1	25	7	2	1	0	1	3	3	2	6	7	4	2	0	4	5	0	0	1	0	1	4	1	0	0	0	0	1	0	0	0	0	0	8	0	0	0	3	0	1	2	0	0	0	0	0	0	0	0	0	0	0	0	0	0	0	0	0	0	0
0.03	south25_all	80	5962	7706	1573	1433	1000	681	1081	391	363	643	221	268	439	133	111	95	154	77	93	75	46	47	173	42	33	142	29	28	54	18	21	17	14	22	10	10	10	14	9	27	10	4	5	3	3	2	3	3	10	9	4	3	0	11	8	4	0	2	0	0	4	0	1	0	1	0	3	1	0	0	0	0	0	0	0	0	2	0	0	0	0	0	0	0	0	0	0	0	0	0	0	0	0	0	0	0	2	1	0
0.03	south25_active	80	2559	6814	502	906	612	367	887	117	130	536	40	159	378	52	26	19	117	42	64	25	13	16	155	27	9	134	11	10	50	8	18	9	7	19	5	3	7	9	1	25	8	1	2	0	1	2	2	2	9	8	4	0	0	11	7	0	0	0	0	0	4	0	0	0	0	0	3	1	0	0	0	0	0	0	0	0	2	0	0	0	0	0	0	0	0	0	0	0	0	0	0	0	0	0	0	0	2	0	0
0.03	south26_all	80	6036	7705	1612	1482	1007	664	1050	385	336	667	230	269	401	131	111	105	175	77	82	77	44	49	163	44	39	137	28	25	65	16	19	16	16	26	10	9	12	13	7	22	9	7	5	3	3	4	3	0	10	6	5	3	1	12	13	4	0	2	0	2	1	0	1	1	1	0	2	1	0	0	2	0	0	0	0	0	2	0	0	0	0	0	0	0	0	0	0	0	1	0	0	0	0	0	0	0	2	1	0
0.03	south26_active	80	2553	6824	516	942	601	368	877	118	123	558	41	157	343	48	25	28	130	38	55	27	14	20	143	28	7	128	12	10	60	6	17	10	5	20	5	2	10	8	2	19	7	2	1	0	0	4	1	0	8	4	5	0	1	12	12	0	0	0	0	2	1	0	0	1	0	0	2	1	0	0	2	0	0	0	0	0	2	0	0	0	0	0	0	0	0	0	0	0	1	0	0	0	0	0	0	0	2	0	0
0.03	south27_all	80	6053	7699	1596	1486	982	698	1091	392	334	619	232	257	409	135	112	109	163	68	81	73	47	44	188	44	41	112	25	21	53	19	25	14	14	23	10	10	7	5	8	19	7	6	5	1	3	3	3	0	14	8	1	3	1	12	9	3	0	1	1	2	1	0	1	2	1	1	2	1	0	0	2	0	0	0	0	0	2	0	0	0	0	0	0	0	0	0	0	0	1	0	0	0	0	0	0	0	2	1	0
0.03	south27_active	80	2561	6768	493	942	591	386	929	111	110	523	46	148	349	52	23	32	124	30	56	32	18	17	167	25	9	108	10	8	46	7	23	7	2	16	6	3	7	2	3	16	5	3	1	0	0	3	0	0	12	5	1	1	1	12	8	0	0	0	1	2	1	0	0	2	0	0	2	1	0	0	2	0	0	0	0	0	2	0	0	0	0	0	0	0	0	0	0	0	1	0	0	0	0	0	0	0	2	0	0
0.03	south28_all	80	5848	7292	1648	1507	964	699	1128	391	328	575	221	253	411	143	101	96	174	64	70	69	54	45	170	43	37	103	21	19	46	18	31	20	16	19	10	8	8	3	10	14	6	7	2	4	5	6	2	4	7	7	1	3	1	9	6	2	0	0	1	2	1	0	0	2	0	1	1	0	0	0	2	0	0	0	0	0	0	0	0	0	0	0	0	0	0	1	0	0	1	0	0	1	0	0	0	0	0	0	0
0.03	south28_active	80	2427	6323	519	937	563	379	937	112	103	482	48	148	359	56	20	25	136	26	45	30	24	18	149	26	7	99	8	6	38	7	29	11	5	11	5	3	7	2	4	9	4	5	0	1	0	5	0	4	6	5	1	1	1	8	6	0	0	0	1	2	1	0	0	2	0	0	1	0	0	0	2	0	0	0	0	0	0	0	0	0	0	0	0	0	0	0	0	0	1	0	0	1	0	0	0	0	0	0	0
0.03	south29_all	80	5723	6549	1610	1465	951	689	1063	376	323	514	215	229	421	163	103	93	169	79	64	68	47	41	152	35	34	87	19	21	30	19	37	22	11	19	8	6	5	4	5	13	7	4	4	5	3	6	1	4	10	6	1	3	0	7	2	1	1	1	2	3	4	0	0	2	0	1	2	0	0	0	2	0	1	0	0	0	0	0	0	0	0	0	0	0	0	1	1	0	0	0	0	1	0	0	0	0	0	0	0
0.03	south29_active	80	2215	5482	482	867	544	366	857	102	100	404	49	134	351	65	30	20	125	35	34	30	18	13	131	19	6	82	4	5	22	7	32	12	5	11	3	3	3	2	2	9	5	3	1	1	0	4	0	4	9	4	1	1	0	6	2	0	0	0	1	2	4	0	0	2	0	0	2	0	0	0	2	0	0	0	0	0	0	0	0	0	0	0	0	0	0	0	0	0	0	0	0	1	0	0	0	0	0	0	0
0.03	south30_all	80	5657	5748	1580	1424	980	654	1037	375	322	496	217	217	367	169	98	82	158	88	68	69	42	47	106	39	30	80	24	24	40	27	33	23	14	17	10	8	9	10	5	12	6	3	2	5	4	4	1	4	10	4	1	2	1	9	2	0	1	1	2	1	4	0	0	0	0	1	2	0	0	0	1	0	1	0	0	0	0	0	0	0	0	0	0	0	0	1	1	0	0	0	0	1	0	0	0	0	0	0	0
0.03	south30_active	80	2060	4647	425	808	534	331	800	94	108	357	48	121	300	68	26	14	110	45	28	31	15	15	84	21	3	71	4	6	32	11	28	14	7	12	4	3	6	5	1	9	4	2	1	1	1	2	0	4	9	3	1	0	1	8	2	0	0	0	0	0	3	0	0	0	0	0	2	0	0	0	0	0	0	0	0	0	0	0	0	0	0	0	0	0	0	0	0	0	0	0	0	1	0	0	0	0	0	0	0
0.03	south31_all	80	5780	7806	1532	1385	993	722	1165	424	361	583	227	274	483	148	128	106	182	79	89	57	61	59	149	32	25	83	25	27	66	17	26	17	13	11	8	8	20	6	14	15	4	6	3	3	5	3	4	4	5	8	4	1	5	0	6	2	4	1	0	0	7	2	0	2	0	0	2	0	0	0	0	0	1	0	0	0	0	0	0	0	1	0	0	0	0	0	0	0	0	1	0	0	0	0	0	0	0	0	0
0.03	south31_active	80	2416	6858	474	862	570	375	966	121	146	462	41	172	424	54	33	24	135	38	48	31	17	22	135	17	7	78	4	5	56	8	17	9	6	7	1	3	14	3	5	14	2	5	3	1	1	2	2	3	4	5	4	0	3	0	5	0	3	0	0	0	7	2	0	2	0	0	1	0	0	0	0	0	1	0	0	0	0	0	0	0	1	0	0	0	0	0	0	0	0	1	0	0	0	0	0	0	0	0	0
0.03	south32_all	80	5748	7838	1538	1464	1050	708	1176	433	350	591	246	296	510	161	130	101	207	65	101	59	60	63	128	40	29	104	26	23	40	24	38	22	15	11	9	10	14	8	9	12	5	6	4	6	5	7	5	7	5	8	4	0	4	6	4	0	4	1	1	1	7	2	0	5	1	0	2	0	0	0	0	1	2	0	0	0	0	0	0	0	1	0	0	0	0	0	0	0	0	0	0	0	0	0	0	0	0	0	0
0.03	south32_active	80	2360	6917	492	908	630	372	987	134	137	478	39	191	450	69	32	24	152	33	59	28	16	21	118	23	12	98	3	4	32	12	31	13	7	6	1	6	11	5	3	12	3	6	3	2	0	4	1	6	4	7	3	0	3	6	3	0	3	0	0	1	7	2	0	5	0	0	1	0	0	0	0	0	2	0	0	0	0	0	0	0	1	0	0	0	0	0	0	0	0	0	0	0	0	0	0	0	0	0	0
0.03	south33_all	80	5728	7801	1543	1484	1114	720	1089	412	340	611	228	290	481	157	133	100	175	68	91	70	67	59	106	42	22	147	27	26	30	29	49	24	15	11	8	10	8	9	6	12	9	6	4	5	7	6	4	7	5	13	6	1	2	8	3	0	3	2	1	1	9	2	1	5	1	0	2	0	0	0	0	1	2	0	0	0	0	1	0	0	0	0	0	0	0	0	0	0	0	0	0	0	0	0	0	0	0	0	0
0.03	south33_active	80	2336	6909	493	925	668	391	921	139	123	500	43	178	423	64	32	20	129	35	54	35	19	19	97	22	9	141	5	4	28	13	41	17	5	7	0	6	5	6	3	11	6	6	3	2	0	4	1	6	3	12	5	0	1	8	3	0	1	0	0	1	9	2	0	4	0	0	1	0	0	0	0	0	2	0	0	0	0	1	0	0	0	0	0	0	0	0	0	0	0	0	0	0	0	0	0	0	0	0	0
0.03	south34_all	80	5803	7706	1539	1462	1100	730	1085	430	325	558	227	289	504	154	122	93	184	76	93	67	59	61	113	41	24	162	29	27	37	33	50	28	13	14	13	11	11	12	6	16	9	4	2	5	5	20	4	6	4	12	6	2	5	19	4	1	1	2	1	2	4	1	1	7	1	1	2	0	0	0	0	1	1	0	0	0	0	1	0	0	0	0	0	0	0	0	0	0	0	0	0	0	0	0	0	0	0	0	0
0.03	south34_active	80	2361	6785	486	917	660	405	915	139	120	463	40	186	456	65	26	20	145	42	54	32	20	22	104	23	10	153	5	4	34	17	42	16	3	10	4	6	8	8	2	14	7	4	1	2	0	18	1	6	2	11	5	0	4	19	4	0	0	0	0	2	4	0	0	6	0	1	1	0	0	0	0	0	1	0	0	0	0	1	0	0	0	0	0	0	0	0	0	0	0	0	0	0	0	0	0	0	0	0	0
0.03	south35_all	80	5875	7697	1560	1443	1063	728	1050	421	337	578	234	274	514	137	112	90	157	84	71	57	63	62	128	49	21	143	34	26	51	32	39	23	14	24	15	11	13	9	5	15	10	5	0	3	5	19	6	3	4	14	7	3	9	19	4	1	2	2	0	3	4	2	2	4	0	1	0	0	0	0	0	1	0	0	0	1	1	1	0	1	0	0	0	0	0	0	0	0	0	0	0	0	0	0	0	0	0	0	0
0.03	south35_active	80	2428	6767	487	904	616	385	868	130	126	477	49	166	467	57	27	22	132	38	42	25	23	22	116	25	8	133	6	4	45	15	30	13	6	20	4	4	12	5	2	12	9	4	0	1	0	16	3	3	3	13	6	0	8	19	4	0	1	0	0	3	4	0	0	3	0	1	0	0	0	0	0	0	0	0	0	1	0	1	0	1	0	0	0	0	0	0	0	0	0	0	0	0	0	0	0	0	0	0	0
0.03	south36_all	80	6040	7656	1559	1401	999	724	1100	435	325	638	237	260	488	142	101	91	169	98	82	57	58	56	150	51	26	174	25	26	53	27	35	19	16	28	14	9	18	7	7	21	10	7	2	3	3	21	6	17	2	7	7	3	11	15	4	2	2	2	1	3	0	2	1	4	0	1	1	0	0	0	0	1	1	0	0	1	1	0	0	1	0	1	0	0	0	0	0	0	0	0	0	0	0	0	0	0	0	0	0
0.03	south36_active	80	2563	6737	482	860	600	396	921	128	128	533	59	161	440	58	21	21	139	44	50	23	21	19	135	29	13	162	4	4	47	12	29	9	6	24	6	2	17	4	1	19	9	3	0	1	0	18	3	17	2	7	6	0	11	15	4	0	1	0	1	3	0	0	0	3	0	1	0	0	0	0	0	0	1	0	0	1	0	0	0	1	0	0	0	0	0	0	0	0	0	0	0	0	0	0	0	0	0	0	0
0.03	south37_all	80	5949	7129	1603	1417	1023	704	1071	411	326	612	231	240	447	141	112	102	147	90	88	59	67	48	143	53	35	102	33	17	50	22	25	17	16	29	12	11	19	8	4	19	7	7	2	1	3	7	7	18	4	6	5	4	13	2	4	2	3	1	1	3	0	1	1	1	0	0	1	0	0	0	0	1	1	0	0	1	1	0	0	1	0	1	0	0	1	0	0	0	0	0	0	0	0	0	0	0	0	0	0
0.03	south37_active	80	2483	6180	467	863	619	364	897	108	122	512	58	137	390	54	26	23	115	35	51	21	24	15	122	32	15	94	7	4	44	8	20	11	9	24	5	1	17	2	0	18	5	1	0	0	0	4	5	17	4	6	4	2	13	2	4	0	1	0	1	3	0	0	0	1	0	0	0	0	0	0	0	0	1	0	0	1	0	0	0	1	0	0	0	0	1	0	0	0	0	0	0	0	0	0	0	0	0	0	0
0.03	south38_all	80	5846	6423	1570	1392	933	682	975	375	331	581	206	232	417	151	114	113	135	84	93	52	58	51	141	51	37	102	32	21	42	22	28	15	15	24	10	12	18	11	6	24	5	7	3	6	1	7	7	23	5	6	6	4	5	3	4	2	3	0	1	1	0	0	0	1	0	0	1	0	0	0	0	1	1	1	0	0	1	0	0	2	1	1	1	0	1	0	0	0	0	0	0	0	0	0	0	0	0	0	0
0.03	south38_active	80	2266	5428	436	795	546	346	774	85	122	470	52	121	361	50	31	24	95	37	51	16	20	15	122	28	16	94	11	3	36	6	22	8	7	18	5	3	16	4	1	24	3	2	0	1	0	5	5	22	4	6	5	3	5	2	4	0	1	0	1	1	0	0	0	1	0	0	0	0	0	0	0	0	1	1	0	0	0	0	0	1	1	0	1	0	1	0	0	0	0	0	0	0	0	0	0	0	0	0	0
0.03	south39_all	80	5693	5752	1583	1349	924	646	934	393	328	472	191	218	375	159	115	111	114	77	88	68	51	41	115	51	37	86	27	15	38	22	32	18	12	20	10	13	24	10	5	27	4	5	4	7	2	2	5	9	4	6	5	4	3	4	1	3	3	0	1	2	1	1	0	1	1	5	1	0	0	1	0	0	1	1	0	0	3	0	0	1	1	0	1	0	1	0	0	0	0	0	0	0	0	0	0	0	0	0	0
0.03	south39_active	80	2061	4720	406	739	523	303	721	81	111	363	53	96	314	49	36	24	76	31	45	28	18	14	94	26	13	78	9	2	31	9	23	8	4	14	3	4	22	3	2	25	3	2	0	1	1	1	4	8	3	4	3	3	2	3	1	1	0	0	1	1	1	1	0	1	0	3	0	0	0	0	0	0	1	1	0	0	3	0	0	0	1	0	1	0	1	0	0	0	0	0	0	0	0	0	0	0	0	0	0
0.03	south40_all	80	5560	5233	1552	1287	908	667	865	377	331	449	203	222	302	158	114	103	113	77	77	72	51	50	94	50	35	46	19	21	45	23	31	15	11	13	11	14	21	9	5	32	1	6	4	9	2	4	4	13	4	7	4	3	1	6	1	1	2	0	1	3	2	1	0	0	1	5	0	0	0	1	0	0	1	1	0	0	3	0	0	1	1	0	1	0	0	0	0	0	0	0	0	0	0	0	0	0	0	0	0
0.03	south40_active	80	1855	4185	373	644	468	295	648	69	91	330	54	101	242	46	35	22	63	28	36	31	13	16	79	22	10	36	7	4	37	10	22	6	3	6	1	4	16	4	2	29	1	2	0	1	1	3	4	13	3	4	2	3	0	5	1	1	1	0	1	2	1	1	0	0	0	3	0	0	0	0	0	0	1	1	0	0	3	0	0	0	1	0	1	0	0	0	0	0	0	0	0	0	0	0	0	0	0	0	0
