label	Group	numOtus	Otu0	Otu1	Otu2	Otu3	Otu4	Otu5	Otu6	Otu7	Otu8	Otu9	Otu10	Otu11	Otu12	Otu13	Otu14	Otu15	Otu16	Otu17	Otu18	Otu19	Otu20	Otu21	Otu22	Otu23	Otu24	Otu25	Otu26	Otu27	Otu28	Otu29	Otu30	Otu31	Otu32	Otu33	Otu34	Otu35	Otu36	Otu37	Otu38	Otu39	Otu40	Otu41	Otu42	Otu43	Otu44	Otu45	Otu46	Otu47	Otu48	Otu49	Otu50	Otu51	Otu52	Otu53	Otu54	Otu55	Otu56	Otu57	Otu58	Otu59	Otu60	Otu61	Otu62	Otu63	Otu64	Otu65	Otu66	Otu67	Otu68	Otu69	Otu70	Otu71	Otu72	Otu73	Otu74	Otu75	Otu76	Otu77	Otu78	Otu79	Otu80	Otu81	Otu82	Otu83	Otu84	Otu85	Otu86	Otu87	Otu88	Otu89	Otu90	Otu91	Otu92	Otu93	Otu94	Otu95	Otu96	Otu97	Otu98	Otu99	Otu100	Otu101	Otu102	Otu103	Otu104	Otu105	Otu106	Otu107	Otu108	Otu109	Otu110	Otu111	Otu112	Otu113	Otu114	Otu115	Otu116	Otu117	Otu118	Otu119
0.03	north1_all	80	56483	12820	10420	8965	4959	4075	6088	3604	1852	1607	1263	1113	1966	755	867	566	576	449	378	429	670	354	236	344	300	205	344	122	349	128	132	101	82	158	98	61	63	81	53	44	36	57	35	29	28	31	19	19	20	21	29	15	19	37	11	9	17	23	5	4	8	3	4	2	4	5	2	6	4	5	3	4	3	3	0	1	0	1	0	1	1	0	0	2	0	1	0	0	3	0	0	2	0	1	1	0	2	0	0	0	0	1	0	0	0	0	0	0	1	0	2	0	0	0	0	0	0	0	0	0
0.03	north1_active	80	47345	3920	6608	6930	2761	2505	5291	2747	907	730	449	393	1693	200	523	211	270	199	88	246	555	211	62	256	197	115	275	31	294	50	75	39	34	133	55	19	41	59	25	20	7	52	10	14	11	28	8	3	9	7	23	6	15	32	1	0	10	20	3	2	3	3	1	1	3	5	2	4	2	0	1	2	3	3	0	0	0	0	0	0	0	0	0	2	0	0	0	0	3	0	0	1	0	0	1	0	0	0	0	0	0	1	0	0	0	0	0	0	1	0	2	0	0	0	0	0	0	0	0	0
0.03	north2_all	80	53160	12658	10167	8763	4795	3892	5606	3492	1837	1586	1232	1084	1833	719	817	558	580	447	359	436	641	295	238	346	284	193	294	126	305	106	134	92	75	166	97	63	56	79	36	45	37	58	36	35	26	31	18	18	23	18	25	11	23	37	11	7	13	18	6	7	7	4	3	2	4	3	6	4	3	3	5	4	3	2	0	0	1	1	2	0	1	0	0	1	0	1	0	0	4	1	0	2	0	1	1	0	2	0	0	0	0	1	0	0	0	0	0	0	0	0	2	0	0	0	0	0	0	0	0	0
0.03	north2_active	80	43578	3656	6135	6587	2588	2310	4741	2604	833	688	410	353	1550	180	466	203	265	196	83	230	521	165	52	260	177	118	231	36	250	38	63	31	28	140	52	20	29	55	19	20	7	52	10	16	11	27	8	5	10	6	21	2	17	33	2	0	7	13	5	3	3	4	0	1	3	3	3	1	2	0	1	2	3	2	0	0	1	0	2	0	0	0	0	1	0	0	0	0	3	0	0	1	0	0	1	0	0	0	0	0	0	1	0	0	0	0	0	0	0	0	2	0	0	0	0	0	0	0	0	0
0.03	north3_all	80	50276	12611	9651	8553	4738	3794	5316	3325	1777	1556	1234	1018	1748	745	818	560	569	477	359	440	577	297	231	337	268	213	288	127	273	112	128	102	80	164	92	60	67	83	27	49	43	53	36	34	23	30	22	22	20	14	19	11	17	48	9	7	13	19	7	6	3	7	6	4	3	0	7	3	4	5	5	2	2	2	0	0	2	4	2	0	1	0	0	4	0	3	0	0	1	1	1	2	0	0	0	0	0	0	0	0	1	1	0	0	0	0	0	0	0	0	2	0	0	0	0	0	0	0	0	0
0.03	north3_active	80	40386	3456	5573	6241	2431	2164	4445	2412	781	659	381	320	1445	179	470	189	242	187	76	241	458	164	46	237	173	121	227	35	228	43	55	28	27	135	49	23	32	56	14	21	10	46	10	17	9	27	12	5	7	5	15	0	11	43	1	0	8	14	5	2	1	6	2	1	2	0	4	0	4	2	0	0	2	2	0	0	1	2	2	0	0	0	0	4	0	2	0	0	0	0	0	1	0	0	0	0	0	0	0	0	0	1	0	0	0	0	0	0	0	0	2	0	0	0	0	0	0	0	0	0
0.03	north4_all	80	47648	12511	9466	8295	4544	3730	5075	3226	1761	1499	1259	991	1693	751	760	556	568	479	371	446	487	289	230	322	284	229	262	134	215	104	124	111	76	144	87	58	87	72	24	53	37	55	28	33	21	30	27	19	24	9	20	13	21	31	7	9	7	22	6	4	2	10	7	3	4	1	9	3	4	4	5	2	1	0	0	2	2	4	3	1	1	0	0	5	4	2	0	0	1	2	1	0	0	0	0	1	0	0	0	0	1	1	0	0	0	0	0	1	0	0	0	1	0	0	0	0	0	0	0	0
0.03	north4_active	80	37380	3277	5334	5830	2254	2028	4202	2319	755	578	404	300	1364	155	421	175	236	196	84	243	349	151	41	214	172	128	205	34	173	47	52	37	23	118	52	17	42	50	8	17	9	41	9	16	8	23	13	8	10	2	15	1	14	26	1	1	2	15	2	1	1	7	2	0	1	0	6	1	3	2	0	0	0	0	0	2	1	2	3	1	0	0	0	3	4	2	0	0	0	0	0	0	0	0	0	0	0	0	0	0	0	1	0	0	0	0	0	0	0	0	0	0	0	0	0	0	0	0	0	0
0.03	north5_all	80	49807	12570	9850	8606	4713	3868	5491	3296	1783	1472	1224	1028	1872	728	808	604	586	479	389	453	511	302	242	307	306	223	314	142	179	116	135	113	88	184	87	59	94	75	31	50	35	48	28	26	18	33	24	24	21	11	18	14	19	28	8	9	6	26	5	3	3	7	8	4	6	1	6	1	5	5	4	2	2	3	1	4	1	5	1	2	1	0	0	5	5	2	0	0	0	2	1	0	1	0	0	1	0	2	0	0	1	0	0	0	0	1	0	1	0	0	0	1	0	0	0	0	0	0	0	0
0.03	north5_active	80	39906	3423	5741	6233	2473	2180	4667	2413	762	595	424	312	1542	180	460	206	255	195	94	250	378	150	57	202	191	117	258	43	139	48	73	42	28	158	51	14	51	55	14	12	10	31	9	12	6	25	9	9	9	2	13	2	15	24	2	1	3	21	0	1	1	4	5	0	3	0	5	1	4	2	0	0	1	2	1	4	0	3	1	1	0	0	0	3	5	2	0	0	0	0	0	0	0	0	0	0	0	2	0	0	0	0	0	0	0	0	0	0	0	0	0	0	0	0	0	0	0	0	0	0
0.03	north6_all	80	53031	12651	10021	8957	4888	3957	5878	3438	1849	1533	1211	1048	1832	736	755	563	624	458	381	430	501	302	251	348	299	211	323	140	218	119	120	112	82	182	90	67	84	70	40	48	23	66	26	29	22	34	18	23	24	16	18	16	21	32	7	11	6	41	12	9	7	3	7	4	9	1	4	1	5	4	2	3	8	3	1	5	0	6	2	2	1	0	0	5	6	2	0	0	0	1	0	0	1	0	0	1	1	2	0	0	0	0	0	0	0	1	0	1	0	0	0	1	0	0	0	0	0	0	0	0
0.03	north6_active	80	43298	3635	6117	6673	2693	2320	5066	2623	825	644	430	328	1532	213	425	208	278	186	85	236	380	150	62	239	181	107	267	47	174	56	68	54	28	161	58	16	48	50	17	12	8	47	7	11	7	23	6	9	8	2	10	2	18	30	2	1	3	36	6	5	4	1	4	0	3	0	4	1	4	1	0	1	6	2	1	5	0	3	1	1	0	0	0	3	5	2	0	0	0	0	0	0	0	0	0	0	0	2	0	0	0	0	0	0	0	0	0	0	0	0	0	0	0	0	0	0	0	0	0	0
0.03	north7_all	80	56070	12626	10338	9316	5096	4113	6304	3520	1931	1572	1240	1043	1900	754	790	608	616	480	383	420	500	314	263	362	282	197	303	150	256	135	130	99	79	170	89	70	60	55	49	41	25	71	26	32	24	30	23	20	24	16	14	17	31	23	10	13	5	37	16	13	10	0	5	3	11	1	3	2	5	7	4	3	14	3	2	4	0	2	1	1	0	0	0	1	6	2	0	0	0	1	0	0	1	0	0	0	1	2	0	1	0	0	0	0	0	1	0	1	0	0	0	0	0	0	0	0	0	0	0	0
0.03	north7_active	80	46729	3793	6428	7130	2933	2535	5522	2720	903	675	467	350	1605	223	465	228	282	208	82	255	385	166	63	268	163	104	246	56	201	65	77	46	31	151	56	17	37	39	24	11	10	51	4	14	7	21	8	10	5	2	10	3	26	23	3	2	2	34	12	5	6	0	4	0	3	1	3	2	4	1	2	1	12	2	1	4	0	1	0	0	0	0	0	0	5	2	0	0	0	1	0	0	0	0	0	0	0	2	0	0	0	0	0	0	0	0	0	0	0	0	0	0	0	0	0	0	0	0	0	0
0.03	north8_all	80	57281	12507	10117	9628	5037	4206	6405	3517	1904	1598	1233	1078	1907	773	783	597	602	510	375	422	514	318	251	343	260	221	302	137	261	137	115	103	76	168	85	70	55	60	57	54	28	70	30	35	26	23	23	17	28	16	21	16	26	30	13	9	3	36	15	14	9	4	6	2	12	4	3	3	3	7	3	3	13	1	1	4	1	2	1	1	0	0	0	0	8	2	0	1	0	1	0	0	0	1	1	0	1	0	0	1	0	0	0	0	0	1	0	0	0	0	0	0	3	0	0	0	0	0	0	0
0.03	north8_active	80	48079	3767	6413	7539	2898	2599	5608	2746	916	719	475	374	1615	237	476	223	279	233	73	266	402	196	53	253	153	125	244	49	204	68	61	50	35	148	51	22	32	40	34	26	8	52	8	16	7	14	8	7	9	3	14	2	23	30	3	1	2	30	12	5	5	3	5	0	4	3	2	2	3	3	2	1	11	1	0	1	0	1	0	0	0	0	0	0	7	2	0	0	0	1	0	0	0	1	1	0	0	0	0	0	0	0	0	0	0	0	0	0	0	0	0	0	3	0	0	0	0	0	0	0
0.03	north9_all	80	58351	12580	10171	9694	4955	4184	6223	3641	1873	1546	1231	1106	1908	779	809	647	590	476	382	414	594	353	253	326	256	219	277	128	246	134	111	97	73	205	81	63	53	81	59	56	30	54	35	41	26	23	26	20	25	12	28	16	20	30	13	9	5	25	20	12	10	6	3	1	11	5	3	5	5	7	3	1	9	0	2	4	1	2	1	0	0	2	1	0	7	2	1	1	0	1	0	0	0	1	1	0	0	0	0	1	0	0	0	0	1	0	0	0	0	0	0	0	3	0	0	0	0	0	0	0
0.03	north9_active	80	49294	3819	6447	7583	2813	2625	5436	2873	940	687	477	391	1628	235	499	244	297	227	83	270	481	224	64	233	157	130	220	49	192	69	65	45	36	181	50	20	30	58	37	31	11	37	7	22	8	16	6	8	10	3	17	2	18	28	3	2	3	19	19	4	5	5	1	1	3	3	2	4	3	3	2	0	8	0	1	1	0	0	0	0	0	2	0	0	7	2	0	0	0	1	0	0	0	1	1	0	0	0	0	0	0	0	0	0	0	0	0	0	0	0	0	0	3	0	0	0	0	0	0	0
0.03	north10_all	80	58062	12511	10235	9598	4856	4180	6230	3672	1804	1531	1219	1107	1950	755	833	632	618	471	390	423	613	391	246	347	235	215	279	125	274	127	108	104	61	235	93	56	50	89	57	52	36	59	37	32	27	31	25	25	26	13	26	18	6	22	9	6	7	21	16	5	9	8	2	1	7	7	2	4	4	6	4	0	3	0	1	10	1	2	0	1	0	3	1	1	7	0	2	4	0	1	0	0	0	1	1	2	0	0	0	0	0	0	0	0	1	0	0	0	0	0	0	0	3	0	0	0	0	0	0	0
0.03	north10_active	80	48983	3760	6532	7517	2732	2604	5460	2886	886	678	447	372	1672	230	526	234	315	229	86	274	496	246	66	257	149	134	227	45	222	56	63	45	25	210	67	21	29	68	33	29	12	43	9	18	8	26	8	10	12	4	13	3	5	19	3	1	4	17	16	2	2	7	1	1	3	3	1	3	1	4	2	0	2	0	1	7	0	1	0	0	0	2	0	1	7	0	0	0	0	0	0	0	0	1	1	0	0	0	0	0	0	0	0	0	0	0	0	0	0	0	0	0	3	0	0	0	0	0	0	0
0.03	north11_all	80	57524	12663	10443	9613	4884	4163	5769	3685	1861	1531	1329	1083	2067	787	855	576	552	529	434	433	619	368	264	408	332	252	299	134	266	128	100	95	87	171	83	68	62	88	58	47	31	106	30	27	30	50	26	18	22	19	13	18	33	15	18	9	7	37	13	7	3	14	6	3	4	2	4	4	4	2	2	2	0	6	2	2	0	2	2	2	1	4	1	3	6	0	0	1	1	0	1	1	0	1	0	3	0	0	0	0	1	0	0	1	0	0	1	0	0	2	0	0	0	2	0	0	1	0	0	0
0.03	north11_active	80	48417	4021	6758	7557	2760	2550	5011	2890	872	740	431	364	1755	238	517	205	254	274	82	248	470	243	65	296	228	148	237	45	218	62	60	43	36	144	54	31	33	61	24	18	11	100	4	14	11	32	9	9	4	4	9	5	26	11	2	4	3	34	10	2	1	9	3	0	2	0	2	2	1	0	0	0	0	5	0	0	0	1	2	1	1	3	1	3	6	0	0	1	1	0	1	1	0	0	0	0	0	0	0	0	1	0	0	1	0	0	0	0	0	2	0	0	0	1	0	0	1	0	0	0
0.03	north12_all	80	57205	12632	10241	9538	4900	4150	5986	3675	1955	1519	1292	1045	2164	818	869	558	578	523	439	432	672	379	255	342	305	243	301	152	268	140	94	77	84	144	67	60	72	74	61	49	30	100	28	30	27	40	36	18	23	19	15	16	32	15	16	8	5	18	10	6	5	17	5	0	5	1	3	5	2	5	1	2	0	14	1	1	1	1	3	1	1	2	3	3	6	0	0	1	1	3	1	0	0	1	0	3	0	0	0	0	1	0	0	1	0	0	1	0	0	2	0	0	0	1	0	0	0	0	0	0
0.03	north12_active	80	48170	3966	6578	7444	2794	2564	5259	2892	945	704	432	347	1846	248	539	198	268	257	93	260	525	248	68	225	203	133	246	46	224	63	57	35	35	122	39	22	43	54	27	20	12	91	5	14	7	22	13	9	3	2	7	5	27	11	2	4	2	16	7	1	2	12	2	0	1	0	2	2	1	0	0	0	0	13	0	0	0	1	2	1	1	2	3	3	6	0	0	0	1	3	1	0	0	0	0	0	0	0	0	0	1	0	0	1	0	0	0	0	0	2	0	0	0	1	0	0	0	0	0	0
0.03	north13_all	80	56508	12522	10282	9477	4840	4099	5975	3718	1966	1539	1262	1063	2179	814	836	564	540	479	412	432	641	376	245	311	286	228	291	144	277	140	83	69	79	176	80	66	84	79	71	50	25	77	24	37	35	38	33	22	20	16	18	16	41	22	15	8	4	16	12	5	8	15	3	2	8	2	3	5	1	4	3	1	2	10	2	0	1	1	3	1	3	2	3	0	5	0	0	1	0	3	1	0	0	0	1	0	0	0	0	0	1	0	1	1	0	0	1	0	0	2	0	0	0	1	0	0	0	0	0	0
0.03	north13_active	80	47392	3896	6507	7355	2774	2493	5214	2871	936	682	462	352	1855	254	518	189	237	229	91	264	513	227	61	207	189	129	244	47	233	60	45	33	38	159	51	23	54	61	33	21	11	66	7	17	13	21	12	9	4	2	10	6	25	19	3	2	2	13	9	0	1	11	1	1	2	2	2	2	0	0	1	0	2	9	0	0	0	0	2	1	1	2	3	0	5	0	0	0	0	3	1	0	0	0	1	0	0	0	0	0	1	0	0	1	0	0	0	0	0	2	0	0	0	1	0	0	0	0	0	0
0.03	north14_all	80	55824	12374	10125	9417	4771	4096	6084	3611	1940	1558	1281	1043	2095	822	784	573	541	466	406	414	618	360	253	291	273	202	311	164	290	124	93	82	69	155	69	53	76	80	69	41	29	78	24	36	38	21	36	25	18	17	16	14	38	20	13	5	7	27	12	3	8	9	3	3	9	2	2	7	1	3	3	0	2	9	3	0	1	1	2	0	6	2	3	0	3	0	0	1	1	3	0	0	0	0	1	0	0	0	0	0	1	0	1	0	0	0	0	0	0	0	0	0	0	0	0	0	0	0	0	0
0.03	north14_active	80	46657	3828	6333	7289	2716	2457	5305	2741	911	677	476	347	1783	254	467	191	240	216	104	248	501	211	60	187	178	113	252	50	243	44	48	41	29	135	44	16	55	63	34	19	12	64	6	17	14	9	15	10	6	4	10	4	23	18	3	0	2	25	9	0	1	7	1	1	4	2	2	3	0	0	1	0	2	9	0	0	0	0	0	0	2	2	3	0	3	0	0	0	0	3	0	0	0	0	1	0	0	0	0	0	1	0	0	0	0	0	0	0	0	0	0	0	0	0	0	0	0	0	0	0
0.03	north15_all	80	54983	12509	10204	9377	4867	4046	6129	3619	1937	1598	1296	1074	1982	793	781	561	555	464	407	404	564	358	235	327	259	201	344	145	264	120	116	83	73	171	67	57	80	86	69	43	40	57	27	33	37	22	28	31	18	15	17	11	37	23	7	7	8	27	13	3	8	10	7	3	8	3	4	6	1	3	4	0	2	1	2	1	1	1	2	1	5	0	2	0	1	0	2	1	1	0	0	0	0	0	1	0	0	0	0	0	0	0	1	0	0	1	0	0	0	0	0	0	0	0	0	1	0	0	0	0
0.03	north15_active	80	45840	3847	6338	7259	2727	2447	5323	2743	873	681	490	375	1680	244	463	182	245	214	104	247	440	221	52	235	162	111	287	45	217	48	65	40	25	142	41	20	57	65	39	19	14	46	8	13	18	10	13	14	7	3	12	3	21	19	2	0	3	25	10	0	0	8	5	1	4	3	1	4	0	0	1	0	2	1	0	0	0	0	0	0	1	0	1	0	1	0	1	0	0	0	0	0	0	0	1	0	0	0	0	0	0	0	0	0	0	1	0	0	0	0	0	0	0	0	0	0	0	0	0	0
0.03	north16_all	80	55145	12640	10186	9311	4831	4066	6413	3675	1893	1602	1306	1100	1962	776	816	565	558	458	417	393	537	353	247	349	258	207	362	153	250	125	141	98	71	186	79	58	76	83	62	42	46	61	22	32	35	20	21	29	18	15	29	19	34	19	6	7	7	29	15	4	5	12	12	3	6	4	7	6	4	3	3	4	2	0	1	1	2	1	2	1	4	1	1	5	0	0	2	0	3	0	0	0	0	0	0	0	0	0	1	0	1	0	0	0	0	1	0	0	0	0	0	0	0	0	0	1	0	0	0	0
0.03	north16_active	80	46019	3924	6363	7195	2696	2436	5592	2811	849	715	456	378	1683	232	490	198	263	217	99	238	418	228	55	250	162	119	302	41	208	51	77	48	23	150	52	16	50	61	38	19	15	49	6	12	15	10	7	11	8	5	21	6	21	16	3	0	2	26	12	1	0	10	7	0	3	3	4	5	1	0	0	4	2	0	0	0	2	1	0	0	1	1	0	5	0	0	1	0	0	0	0	0	0	0	0	0	0	0	1	0	1	0	0	0	0	1	0	0	0	0	0	0	0	0	0	0	0	0	0	0
0.03	north17_all	80	56730	12798	10324	9324	4888	4065	6463	3787	1870	1568	1320	1095	2006	803	815	568	601	463	419	455	551	360	230	350	251	241	423	141	246	126	137	94	94	179	87	65	74	79	59	48	51	59	26	35	31	26	23	21	14	15	35	20	31	16	8	10	8	30	12	8	6	10	12	5	3	3	7	5	4	3	2	6	2	1	0	1	2	2	1	1	1	1	1	5	0	0	2	0	2	0	0	0	0	0	0	0	1	0	1	1	1	0	0	0	0	1	0	0	0	0	0	0	0	0	0	1	0	0	0	0
0.03	north17_active	80	47558	4097	6514	7243	2794	2512	5665	2967	864	724	485	389	1761	245	498	205	300	231	105	287	422	234	55	245	163	147	371	44	201	56	79	45	42	147	56	21	52	59	34	21	18	45	7	15	12	13	11	8	6	4	26	5	25	13	5	1	3	28	8	4	1	8	8	1	1	1	4	4	1	0	1	4	1	0	0	0	2	2	0	0	1	1	0	5	0	0	1	0	0	0	0	0	0	0	0	0	1	0	1	0	1	0	0	0	0	1	0	0	0	0	0	0	0	0	0	0	0	0	0	0
0.03	north18_all	80	56484	12828	10186	9341	4842	4068	6362	3743	1873	1565	1264	1088	1987	808	823	608	582	474	422	438	556	366	237	327	269	233	392	138	232	119	136	92	107	155	86	71	59	65	53	52	48	54	24	36	23	36	24	16	14	19	42	21	34	22	9	10	6	16	13	8	8	10	6	7	6	2	4	4	7	1	3	6	4	1	1	0	2	2	0	2	0	1	1	6	0	0	0	0	2	22	0	0	0	0	0	0	1	0	1	1	1	0	0	0	0	0	1	0	0	0	0	0	0	0	0	1	0	0	0	0
0.03	north18_active	80	47239	4004	6371	7240	2767	2521	5572	2942	870	717	478	363	1730	246	495	217	282	231	93	273	422	224	58	221	171	143	344	48	184	54	79	44	51	130	54	24	40	44	26	24	14	44	4	15	8	22	9	6	7	5	31	7	29	20	5	1	3	14	8	5	1	8	3	2	2	0	3	3	1	0	2	4	3	0	0	0	2	2	0	0	0	1	0	6	0	0	0	0	0	22	0	0	0	0	0	0	1	0	1	0	1	0	0	0	0	0	0	0	0	0	0	0	0	0	0	0	0	0	0	0
0.03	north19_all	80	53872	12616	10009	8953	4779	4010	5783	3512	1815	1519	1209	1104	1787	738	853	611	581	504	410	439	500	338	237	294	257	218	398	157	242	106	137	97	104	127	76	65	66	64	57	50	45	53	31	38	23	34	26	17	15	22	34	17	29	33	11	11	5	10	11	10	8	2	10	6	7	3	5	3	5	1	5	3	5	15	1	0	2	2	1	3	0	0	0	2	0	0	0	0	0	22	0	0	2	1	0	0	1	0	0	1	1	0	0	0	0	0	2	0	0	0	0	0	0	0	0	0	0	0	0	0
0.03	north19_active	80	44245	3630	5932	6740	2622	2356	5006	2691	819	673	431	361	1513	204	476	203	277	243	95	273	377	193	50	191	161	130	338	57	204	47	78	43	51	104	42	22	42	46	26	26	15	42	5	19	10	17	12	7	5	5	23	3	24	32	3	2	1	9	8	6	2	2	5	3	4	0	1	2	1	0	3	0	3	14	0	0	2	2	0	0	0	0	0	2	0	0	0	0	0	22	0	0	0	0	0	0	1	0	0	0	0	0	0	0	0	0	0	0	0	0	0	0	0	0	0	0	0	0	0	0
0.03	north20_all	80	52275	12582	9651	8810	4777	3931	5636	3290	1816	1501	1224	1080	1697	739	824	633	604	503	389	403	534	321	253	277	268	203	348	167	220	112	129	102	105	144	67	57	59	69	57	38	37	46	29	39	23	35	21	20	16	20	17	14	29	37	12	8	10	11	13	6	9	5	8	4	8	2	5	1	6	3	4	4	4	14	2	0	0	2	1	3	0	0	1	2	1	1	0	1	0	22	0	0	2	1	0	0	1	0	0	1	1	0	0	2	0	0	2	0	0	0	1	0	0	0	1	0	0	0	0	0
0.03	north20_active	80	42445	3504	5564	6515	2576	2258	4823	2461	814	616	428	338	1407	198	453	212	277	232	88	243	415	183	51	172	174	106	277	59	184	43	71	45	41	116	28	20	26	50	26	18	13	39	3	15	9	25	8	8	3	3	9	3	25	35	4	3	1	10	11	2	1	4	3	2	5	0	1	1	1	0	2	1	3	14	1	0	0	0	0	0	0	0	0	2	1	0	0	1	0	22	0	0	0	0	0	0	1	0	0	0	0	0	0	0	0	0	0	0	0	0	0	0	0	0	1	0	0	0	0	0
0.03	south21_all	80	29202	19354	9075	12806	4426	5594	2514	2060	1641	1937	1211	2115	881	816	715	767	726	440	707	351	452	383	228	266	187	197	156	150	121	271	109	116	168	144	69	57	51	103	62	56	55	32	35	28	31	16	29	29	22	12	20	24	14	17	12	22	13	9	4	5	6	4	1	10	6	5	13	3	5	2	2	2	8	3	0	3	8	1	2	2	0	4	4	2	2	1	1	1	7	0	0	0	0	0	0	0	1	0	0	1	0	0	2	0	0	0	0	0	0	0	0	0	0	0	0	0	0	0	0	0
0.03	south21_active	80	13797	13914	4692	11045	2030	4385	563	598	539	1290	265	1778	186	323	241	509	474	138	538	78	346	243	74	147	89	57	40	85	29	231	48	54	133	99	21	15	21	78	34	17	13	16	19	15	12	9	16	21	17	4	14	14	9	6	8	19	6	3	2	4	5	2	1	6	3	4	12	1	2	0	0	1	3	1	0	1	7	1	1	0	0	4	4	2	1	0	0	0	7	0	0	0	0	0	0	0	0	0	0	0	0	0	2	0	0	0	0	0	0	0	0	0	0	0	0	0	0	0	0	0
0.03	south22_all	80	29261	19228	9075	12934	4461	5619	2504	2095	1697	1901	1167	2165	868	842	720	754	705	443	714	342	485	408	236	254	200	183	176	168	125	253	120	117	147	166	64	60	57	81	74	44	50	36	44	30	30	14	27	29	33	12	22	20	15	19	13	25	7	8	3	4	4	5	1	9	6	4	5	3	4	4	3	3	7	3	2	5	7	1	1	2	0	1	5	2	2	1	1	0	5	0	0	3	1	0	0	0	1	0	0	0	0	0	0	0	0	0	0	0	0	0	0	0	0	0	0	0	0	0	0	0
0.03	south22_active	80	13865	13964	4682	11208	1989	4440	555	605	585	1276	247	1817	203	312	250	495	459	145	540	81	368	248	78	135	87	53	44	89	30	212	54	62	118	114	16	18	23	53	36	18	11	17	27	13	10	9	16	23	25	3	16	13	10	6	9	22	3	1	2	4	3	2	1	7	3	3	4	1	0	0	0	2	3	2	2	2	6	1	0	0	0	1	5	2	1	0	0	0	5	0	0	3	1	0	0	0	0	0	0	0	0	0	0	0	0	0	0	0	0	0	0	0	0	0	0	0	0	0	0	0
0.03	south23_all	80	29429	19273	9166	12988	4536	5729	2484	2114	1650	1903	1168	2140	849	833	725	750	666	461	665	323	500	393	244	238	214	173	173	169	127	287	117	112	151	146	66	54	67	84	76	41	43	49	53	26	35	19	30	35	43	12	19	23	15	23	24	20	8	6	3	6	5	9	3	7	5	3	6	3	4	3	3	2	4	5	2	5	7	1	0	0	0	1	2	2	1	1	2	0	0	0	0	3	1	0	0	0	1	0	0	0	1	0	0	0	1	0	0	0	0	0	0	0	0	0	0	0	0	0	0	0
0.03	south23_active	80	13885	13986	4773	11271	2051	4511	575	609	562	1295	254	1802	194	304	265	480	438	150	494	78	363	266	74	120	82	50	39	89	30	243	60	56	116	100	13	12	21	55	32	22	12	22	40	11	11	10	20	29	36	3	14	17	10	8	16	17	4	0	2	5	2	5	1	6	3	1	3	1	0	0	0	2	3	2	2	2	6	1	0	0	0	1	2	2	1	0	1	0	0	0	0	3	1	0	0	0	0	0	0	0	0	0	0	0	1	0	0	0	0	0	0	0	0	0	0	0	0	0	0	0
0.03	south24_all	80	29686	19369	9164	12826	4504	5701	2476	2059	1670	1936	1215	2327	861	834	694	760	693	465	637	345	465	394	248	220	227	165	173	172	125	290	123	116	143	126	71	52	72	70	62	49	45	45	52	29	28	17	30	33	39	12	23	21	16	16	21	19	13	8	5	14	8	10	5	6	4	2	5	3	3	3	4	1	1	3	2	4	1	0	0	0	0	1	3	2	1	2	1	0	0	0	1	4	1	0	0	0	0	1	0	0	1	0	0	0	1	0	0	0	0	0	0	0	0	0	0	0	0	0	0	0
0.03	south24_active	80	13891	14053	4752	11122	1999	4479	577	573	545	1326	281	2005	206	308	258	481	457	143	477	77	323	261	85	118	93	47	39	84	32	244	62	53	109	88	15	12	17	38	25	24	14	18	40	10	7	8	20	29	30	5	18	16	10	5	14	16	6	1	2	13	5	6	2	6	3	0	3	0	0	0	0	1	1	1	2	2	1	0	0	0	0	1	2	1	1	1	1	0	0	0	0	4	1	0	0	0	0	0	0	0	0	0	0	0	1	0	0	0	0	0	0	0	0	0	0	0	0	0	0	0
0.03	south25_all	80	29805	19577	9150	12624	4477	5650	2513	2043	1631	1978	1230	2304	867	810	689	783	690	435	644	340	449	389	273	207	215	156	165	168	139	291	119	107	123	109	69	44	79	70	61	60	50	44	50	29	26	17	27	34	36	10	21	20	12	15	17	9	11	8	9	15	7	13	4	6	5	2	7	3	1	1	3	0	2	3	0	3	2	0	1	0	0	5	1	3	1	2	1	0	0	0	1	1	0	0	0	0	0	1	0	0	1	0	0	0	1	0	0	0	0	0	0	0	0	0	0	0	0	0	0	0
0.03	south25_active	80	13801	14155	4747	10921	1987	4390	604	569	509	1350	300	1956	223	308	280	515	475	132	474	77	311	261	95	118	90	51	35	85	29	248	61	51	85	78	17	9	19	37	21	31	20	18	38	12	7	5	19	26	32	3	16	16	7	3	11	7	4	2	2	13	4	7	1	5	3	1	4	1	0	0	0	0	0	0	0	1	1	0	1	0	0	4	0	2	0	1	1	0	0	0	0	1	0	0	0	0	0	0	0	0	0	0	0	0	1	0	0	0	0	0	0	0	0	0	0	0	0	0	0	0
0.03	south26_all	80	29816	19651	9084	12418	4446	5640	2563	2001	1695	2102	1254	2317	887	812	662	792	717	467	691	339	430	377	279	233	222	158	145	179	133	275	133	103	162	96	68	45	76	65	56	60	49	39	48	31	23	16	28	33	35	15	19	23	10	10	5	10	11	9	8	11	7	10	3	2	5	5	6	6	2	2	2	1	2	2	0	2	2	1	1	0	0	4	1	2	2	2	0	1	0	0	1	1	1	0	0	0	0	1	2	0	0	0	0	0	0	0	0	0	0	0	0	0	0	0	0	0	0	0	0	0
0.03	south26_active	80	13774	14141	4763	10776	2022	4382	585	556	525	1456	303	1963	221	303	276	540	478	148	526	76	294	237	96	134	93	54	30	102	22	233	71	50	115	66	19	9	24	40	23	30	17	15	33	10	7	4	18	23	31	6	13	18	4	2	3	8	4	3	2	10	5	5	1	1	3	3	4	1	0	0	0	0	0	0	0	1	0	1	1	0	0	3	0	1	0	1	0	1	0	0	0	1	1	0	0	0	0	0	2	0	0	0	0	0	0	0	0	0	0	0	0	0	0	0	0	0	0	0	0	0
0.03	south27_all	80	29638	19810	9037	12751	4470	5585	2510	1997	1693	2106	1262	2155	889	821	675	792	667	441	678	349	502	366	284	251	198	188	134	180	129	274	139	112	174	97	62	57	59	83	53	66	40	45	45	35	22	22	27	44	22	17	21	24	8	8	6	6	14	7	10	14	5	8	3	1	4	4	6	6	2	3	3	1	2	2	2	0	2	1	1	0	0	4	1	2	2	1	0	2	0	0	0	0	1	1	0	1	0	0	2	0	0	0	0	1	0	0	0	0	0	0	0	0	0	0	0	0	0	0	0	0
0.03	south27_active	80	13700	14324	4788	11041	2040	4367	593	554	549	1469	286	1811	226	310	280	530	440	134	508	86	369	228	90	132	78	62	30	102	19	232	75	58	127	75	16	12	22	60	16	36	17	20	32	12	10	8	14	33	20	6	11	18	2	0	2	3	4	3	3	11	4	4	1	0	3	3	4	1	0	0	0	0	0	1	0	0	0	1	1	0	0	3	0	1	0	0	0	1	0	0	0	0	1	1	0	0	0	0	2	0	0	0	0	1	0	0	0	0	0	0	0	0	0	0	0	0	0	0	0	0
0.03	south28_all	80	29556	19936	8967	12775	4474	5561	2506	2003	1731	2091	1254	2070	886	809	684	769	711	456	744	358	538	360	281	258	212	196	140	174	124	331	140	106	158	103	63	60	48	76	40	54	34	47	41	28	25	27	27	48	19	21	20	18	11	10	17	8	12	7	10	15	6	3	9	5	0	5	3	5	2	4	3	2	2	2	3	3	1	3	0	1	0	2	1	3	2	2	1	2	0	1	0	0	2	1	0	1	0	0	2	0	0	1	0	1	0	2	0	0	0	0	0	0	0	0	0	0	0	0	1	0
0.03	south28_active	80	13769	14390	4729	11059	2069	4377	586	538	587	1440	283	1734	236	298	270	494	482	142	574	93	405	223	87	125	83	58	29	108	20	298	73	55	117	73	18	16	17	63	14	29	10	21	27	10	10	10	10	35	17	10	6	13	3	3	12	4	2	3	2	11	5	2	4	1	0	3	2	0	0	0	0	1	1	1	0	1	0	1	0	0	0	1	1	2	0	0	0	1	0	1	0	0	2	1	0	0	0	0	2	0	0	1	0	1	0	2	0	0	0	0	0	0	0	0	0	0	0	0	1	0
0.03	south29_all	80	29864	19724	9048	13276	4538	5514	2492	1995	1667	2003	1268	2134	888	792	690	732	701	429	646	366	545	363	261	267	224	201	139	166	126	298	122	107	141	112	62	65	54	85	41	49	32	44	44	28	24	25	26	38	17	24	21	20	10	11	15	8	13	6	12	18	4	1	12	7	3	10	4	4	2	5	3	3	1	2	3	3	1	2	0	1	2	1	2	2	1	1	5	1	0	2	0	0	2	1	0	1	0	0	2	0	0	1	0	1	0	2	0	0	0	0	0	0	1	0	0	1	0	0	1	0
0.03	south29_active	80	14056	14276	4697	11481	2041	4343	593	525	568	1332	273	1794	236	315	263	465	482	136	480	93	414	220	89	124	92	56	26	98	21	267	63	54	109	81	12	17	20	70	15	28	10	21	32	13	8	11	14	30	13	14	8	13	2	3	10	4	2	2	5	14	3	0	5	2	3	7	3	0	0	0	0	1	1	1	0	1	0	0	0	0	2	1	2	1	0	0	4	0	0	2	0	0	2	1	0	0	0	0	2	0	0	1	0	1	0	2	0	0	0	0	0	0	0	0	0	0	0	0	1	0
0.03	south30_all	80	29919	19320	9132	13255	4495	5520	2561	2013	1692	1982	1216	2184	853	800	680	741	782	432	673	369	526	402	278	269	236	201	145	156	116	324	125	107	114	132	59	58	63	79	41	54	33	44	50	27	17	22	18	35	21	22	21	18	12	11	18	6	10	6	10	39	3	2	9	8	4	9	5	3	3	5	4	4	2	2	1	4	1	3	1	1	2	1	3	4	1	1	5	1	1	2	5	0	1	2	0	1	0	0	0	0	0	1	0	0	0	2	0	0	0	0	0	0	1	0	0	1	0	0	1	0
0.03	south30_active	80	14231	13898	4752	11430	1999	4356	605	527	567	1320	270	1830	231	315	248	465	547	149	507	93	393	238	104	135	108	58	30	90	22	295	63	55	90	91	13	15	18	57	15	26	7	23	32	12	6	8	11	23	17	12	7	12	5	4	13	4	2	2	5	35	2	0	4	2	4	7	3	0	0	0	0	1	1	0	0	1	0	0	0	0	2	1	2	3	0	0	4	0	0	2	5	0	1	1	0	0	0	0	0	0	0	1	0	0	0	2	0	0	0	0	0	0	0	0	0	0	0	0	1	0
0.03	south31_all	80	29592	18768	9025	12690	4277	5674	2587	2085	1766	2026	1202	2231	931	803	638	768	677	467	649	331	536	388	262	271	208	192	170	162	115	304	124	88	132	114	92	69	65	73	44	47	46	45	36	53	35	20	35	15	43	22	13	13	24	14	24	8	9	12	5	19	7	6	14	9	9	6	1	3	5	6	4	2	1	7	2	1	1	1	1	2	2	6	1	1	0	1	0	1	3	0	0	1	1	0	0	0	0	0	0	0	0	0	1	1	0	0	0	0	0	0	0	0	0	0	0	0	0	0	0	0
0.03	south31_active	80	13993	13459	4761	10907	1868	4442	614	560	597	1363	281	1866	210	306	228	476	456	163	479	71	385	254	72	145	88	71	27	85	24	273	52	30	108	78	28	18	14	47	18	16	13	23	26	23	8	5	19	10	30	11	5	8	13	5	16	6	3	4	1	15	6	2	8	9	6	6	1	3	3	2	2	1	0	4	0	0	0	1	0	1	1	6	0	0	0	1	0	1	3	0	0	0	0	0	0	0	0	0	0	0	0	0	1	0	0	0	0	0	0	0	0	0	0	0	0	0	0	0	0	0
0.03	south32_all	80	29739	18940	9058	12686	4269	5613	2547	2154	1798	2062	1193	2288	921	753	614	737	672	476	640	325	502	386	252	268	220	200	171	159	112	254	132	90	125	104	90	63	69	66	44	49	41	39	39	50	29	27	42	24	39	19	15	15	23	16	15	10	9	9	8	19	9	5	12	5	8	5	2	3	3	4	3	1	0	5	1	1	9	1	1	2	1	5	2	1	0	2	1	1	1	0	0	1	0	0	0	0	0	0	0	0	0	0	1	2	0	0	0	0	0	0	0	0	0	0	0	0	0	0	0	0
0.03	south32_active	80	14096	13673	4784	10915	1832	4399	612	569	590	1411	286	1941	217	303	225	466	454	165	488	67	358	254	73	154	95	71	24	87	26	220	55	25	98	65	23	15	15	34	20	12	14	16	26	19	10	6	23	17	27	9	7	7	14	4	8	7	3	4	1	14	8	1	8	4	6	4	2	3	2	1	2	1	0	3	0	0	8	1	1	1	1	5	2	0	0	1	1	1	1	0	0	0	0	0	0	0	0	0	0	0	0	0	1	2	0	0	0	0	0	0	0	0	0	0	0	0	0	0	0	0
0.03	south33_all	80	29788	19092	9244	12730	4299	5487	2544	2115	1809	2008	1206	2308	913	771	645	788	709	459	619	331	472	387	267	259	222	215	176	156	111	256	123	107	105	111	83	62	59	67	50	40	39	33	42	45	31	25	37	34	25	22	12	11	22	17	11	12	9	9	9	11	3	9	8	5	10	7	8	1	3	3	2	1	0	5	1	1	12	0	1	0	1	5	3	1	0	1	1	2	1	0	1	1	1	0	0	0	0	0	0	0	0	1	0	2	0	0	0	0	0	0	0	0	0	0	0	0	0	0	0	1
0.03	south33_active	80	14038	13753	4907	10997	1886	4283	604	574	592	1363	281	1957	214	317	252	501	496	134	470	60	349	246	88	140	95	78	30	85	28	217	48	42	71	71	23	14	13	40	23	8	12	15	25	16	12	3	22	25	15	7	7	6	15	4	7	9	3	4	2	8	3	4	6	4	7	6	7	1	2	2	1	1	0	4	0	0	8	0	1	0	1	5	2	0	0	0	1	2	1	0	1	0	1	0	0	0	0	0	0	0	0	1	0	2	0	0	0	0	0	0	0	0	0	0	0	0	0	0	0	1
0.03	south34_all	80	29881	19472	9175	12694	4371	5474	2553	2097	1819	1993	1174	2335	903	773	632	768	748	435	612	326	464	372	242	250	209	206	162	151	100	302	130	113	123	99	76	73	57	92	53	42	38	34	48	32	30	26	32	39	29	20	14	10	15	18	16	22	9	10	10	6	8	8	7	5	4	14	14	0	5	4	2	2	0	3	1	3	11	0	1	0	0	1	3	0	0	1	3	1	1	0	1	1	1	0	0	3	0	0	0	0	1	1	0	2	0	0	0	0	0	0	0	0	0	0	0	0	0	0	0	1
0.03	south34_active	80	14137	14046	4803	10965	1964	4264	573	587	589	1364	280	2010	209	319	255	471	522	127	467	60	346	236	81	137	90	75	32	82	23	263	54	58	90	64	23	15	15	65	26	14	15	15	29	8	12	3	19	29	20	5	8	3	8	3	12	15	3	5	4	4	7	4	6	2	2	12	11	0	2	3	1	2	0	2	0	1	8	0	1	0	0	1	2	0	0	0	2	1	1	0	1	1	1	0	0	2	0	0	0	0	0	1	0	2	0	0	0	0	0	0	0	0	0	0	0	0	0	0	0	1
0.03	south35_all	80	29908	19100	9153	12716	4383	5582	2549	2119	1805	2012	1194	2309	900	795	681	785	770	425	629	335	471	345	238	272	204	190	161	154	117	306	118	125	141	100	68	69	60	83	44	43	38	34	52	30	28	25	28	49	26	27	16	12	15	19	14	18	7	8	8	11	8	6	6	5	3	14	14	1	4	5	5	3	0	2	1	3	10	0	1	0	0	0	3	0	0	0	2	1	0	0	1	1	1	0	0	3	0	2	0	1	1	2	0	1	0	0	0	0	0	0	0	0	0	0	0	0	0	1	0	1
0.03	south35_active	80	14060	13654	4723	10923	1985	4336	551	593	619	1388	276	1968	212	313	279	496	524	127	476	60	345	217	86	136	84	59	33	82	26	266	51	74	104	62	23	14	19	62	19	22	17	20	32	9	10	4	15	41	18	11	7	7	8	4	11	12	3	3	3	9	6	4	2	1	1	12	10	0	1	4	2	2	0	1	0	1	7	0	1	0	0	0	2	0	0	0	1	1	0	0	1	1	1	0	0	2	0	0	0	1	0	2	0	0	0	0	0	0	0	0	0	0	0	0	0	0	0	0	0	1
0.03	south36_all	80	29881	18731	8866	12622	4358	5670	2449	2106	1785	2029	1212	2342	896	803	677	828	768	446	630	339	491	364	236	245	215	197	184	152	108	312	108	110	137	84	69	70	65	80	44	47	51	34	47	30	33	21	24	41	30	23	21	11	15	16	19	23	4	9	6	10	10	4	8	5	2	12	9	1	6	6	4	3	0	2	0	4	2	1	2	1	0	0	0	2	0	0	2	1	1	0	0	1	0	1	1	4	0	2	0	1	1	1	0	2	0	0	0	0	0	0	0	0	0	0	0	0	0	1	0	1
0.03	south36_active	80	14086	13409	4587	10870	1927	4450	512	578	646	1395	279	2002	215	312	278	521	515	128	464	62	352	239	89	119	91	61	34	82	26	270	49	63	101	51	26	10	23	52	24	25	21	20	29	14	14	4	14	34	23	12	11	7	6	3	12	11	3	3	3	9	7	0	4	2	1	10	5	0	1	3	1	2	0	0	0	1	1	0	0	0	0	0	0	1	0	0	1	1	0	0	0	1	0	1	0	2	0	0	0	1	0	1	0	0	0	0	0	0	0	0	0	0	0	0	0	0	0	0	0	1
0.03	south37_all	80	29772	18848	8878	12645	4271	5626	2445	2116	1767	1994	1182	2187	874	797	686	798	768	451	628	357	504	361	225	268	224	182	176	162	121	319	112	93	135	101	61	58	66	69	48	44	50	35	41	30	27	22	21	51	34	23	17	16	12	14	17	15	8	11	8	11	7	5	11	6	1	7	7	2	5	5	5	2	0	2	0	3	2	1	4	1	0	0	1	2	0	0	0	0	1	0	0	0	0	1	1	1	0	2	0	1	0	1	0	2	0	0	0	0	0	1	0	0	0	0	0	0	0	1	0	0
0.03	south37_active	80	13936	13465	4669	10893	1868	4417	528	593	666	1382	271	1817	196	310	274	516	499	137	456	71	367	234	85	128	103	60	34	82	28	275	45	46	93	68	19	11	24	48	26	24	15	20	29	14	11	2	10	44	30	12	10	9	5	4	12	7	6	2	2	10	4	0	6	2	1	6	3	0	1	3	3	0	0	0	0	1	2	0	0	0	0	0	1	1	0	0	0	0	0	0	0	0	0	1	0	0	0	0	0	1	0	1	0	0	0	0	0	0	0	1	0	0	0	0	0	0	0	0	0	0
0.03	south38_all	80	29530	18854	8872	12608	4377	5512	2468	2070	1714	2037	1187	2238	855	777	690	827	760	452	598	347	497	389	240	234	249	176	174	169	121	292	114	82	117	102	70	66	57	82	65	34	52	34	46	25	29	30	17	42	27	17	17	16	10	16	18	16	11	10	9	8	9	7	8	4	1	9	4	3	4	4	6	2	2	2	0	1	2	1	5	1	0	0	2	2	0	0	0	2	1	0	1	0	0	1	1	1	0	0	0	0	1	0	0	2	0	0	0	0	0	1	0	0	0	0	0	0	0	0	0	0
0.03	south38_active	80	13823	13480	4776	10851	1945	4313	577	599	621	1379	265	1881	191	305	264	533	492	140	432	73	354	247	90	104	120	63	46	82	27	253	47	40	78	75	22	15	19	57	30	15	17	15	30	14	14	3	7	34	26	8	13	9	5	4	13	6	8	2	1	6	6	2	5	1	1	8	2	0	0	1	2	0	1	0	0	0	2	0	0	0	0	0	1	1	0	0	0	1	0	0	0	0	0	1	0	0	0	0	0	0	1	0	0	0	0	0	0	0	0	1	0	0	0	0	0	0	0	0	0	0
0.03	south39_all	80	29265	19115	8978	12648	4271	5502	2562	2122	1723	2032	1219	2209	860	789	727	761	711	449	604	358	509	386	250	228	273	177	158	168	121	256	131	79	139	108	69	86	54	77	69	39	54	33	47	25	26	32	26	33	43	12	24	18	14	13	20	17	14	14	8	12	14	5	8	4	5	11	5	3	2	4	5	2	4	1	1	1	6	2	4	1	0	0	2	0	0	0	0	2	1	1	1	0	0	0	1	1	0	0	0	0	1	0	0	0	0	0	1	0	0	1	0	0	0	0	0	0	0	0	0	0
0.03	south39_active	80	13694	13696	4839	10907	1938	4310	618	598	612	1387	285	1846	198	317	279	479	475	150	432	79	365	232	78	109	132	65	45	76	30	228	73	41	95	81	24	21	14	58	30	11	15	14	28	12	10	6	14	22	40	4	14	8	11	3	15	13	7	3	1	10	11	2	6	0	3	9	3	1	0	1	2	0	2	0	0	0	6	0	1	0	0	0	1	0	0	0	0	1	0	0	0	0	0	0	0	1	0	0	0	0	1	0	0	0	0	0	1	0	0	1	0	0	0	0	0	0	0	0	0	0
0.03	south40_all	80	29214	19158	9011	12755	4333	5534	2596	2116	1741	2105	1239	2104	865	822	729	785	716	466	654	368	529	341	236	232	247	165	154	168	128	249	140	81	157	129	77	87	51	73	73	38	48	40	57	24	24	26	28	28	28	10	21	14	15	14	21	17	11	9	9	13	13	7	9	7	5	11	4	3	1	5	5	2	4	1	1	1	5	2	2	1	1	0	2	1	0	0	0	3	0	1	1	0	0	0	0	1	0	1	0	0	1	0	0	0	0	0	1	0	0	1	0	0	0	0	0	0	0	0	0	0
0.03	south40_active	80	13703	13832	4783	11022	1920	4314	621	575	618	1450	302	1765	210	335	270	500	483	173	480	78	372	202	70	112	116	65	52	76	27	215	79	43	121	94	25	17	14	52	32	8	13	23	29	13	9	6	16	19	20	4	12	8	12	2	17	13	4	3	1	9	10	3	8	2	2	9	2	1	0	1	1	0	2	0	0	0	5	0	1	0	1	0	1	0	0	0	0	2	0	0	0	0	0	0	0	1	0	0	0	0	1	0	0	0	0	0	1	0	0	1	0	0	0	0	0	0	0	0	0	0
