label	Group	numOtus	Otu0	Otu1	Otu2	Otu3	Otu4	Otu5	Otu6	Otu7	Otu8	Otu9	Otu10	Otu11	Otu12	Otu13	Otu14	Otu15	Otu16	Otu17	Otu18	Otu19	Otu20	Otu21	Otu22	Otu23	Otu24	Otu25	Otu26	Otu27	Otu28	Otu29	Otu30	Otu31	Otu32	Otu33	Otu34	Otu35	Otu36	Otu37	Otu38	Otu39	Otu40	Otu41	Otu42	Otu43	Otu44	Otu45	Otu46	Otu47	Otu48	Otu49	Otu50	Otu51	Otu52	Otu53	Otu54	Otu55	Otu56	Otu57	Otu58	Otu59	Otu60	Otu61	Otu62	Otu63	Otu64	Otu65	Otu66	Otu67	Otu68	Otu69	Otu70	Otu71	Otu72	Otu73	Otu74	Otu75	Otu76	Otu77	Otu78	Otu79	Otu80	Otu81	Otu82	Otu83	Otu84	Otu85	Otu86	Otu87	Otu88	Otu89	Otu90	Otu91	Otu92	Otu93	Otu94	Otu95	Otu96	Otu97	Otu98	Otu99	Otu100	Otu101	Otu102	Otu103	Otu104	Otu105	Otu106	Otu107	Otu108	Otu109	Otu110	Otu111	Otu112	Otu113	Otu114	Otu115	Otu116	Otu117	Otu118	Otu119	Otu120	Otu121	Otu122	Otu123	Otu124	Otu125	Otu126	Otu127	Otu128	Otu129	Otu130	Otu131	Otu132	Otu133	Otu134	Otu135	Otu136	Otu137	Otu138	Otu139	Otu140	Otu141	Otu142
0.03	north1_all	80	44599	12935	8913	9081	4739	2748	4246	1861	2036	1474	1314	1098	1502	1041	662	671	582	805	521	404	600	500	306	293	429	191	371	183	207	106	106	144	110	104	115	129	85	84	79	60	65	43	52	55	36	43	35	60	25	33	33	43	23	25	26	17	25	18	18	23	15	12	21	12	13	8	5	5	13	14	2	4	8	2	2	4	4	7	3	1	1	2	4	6	1	3	0	0	2	0	6	2	0	1	0	0	3	0	0	2	1	0	0	2	0	0	0	0	1	0	1	1	0	0	0	0	0	1	0	0	0	0	0	0	0	0	0	0	1	4	0	1	0	0	0	0	0	0	0	0	0	0	0
0.03	north1_active	80	27186	6772	4924	5633	2636	1253	2627	843	1079	728	715	567	895	595	304	350	313	485	269	200	376	319	137	170	232	87	240	89	121	44	41	88	51	50	67	69	55	51	40	30	36	18	30	22	19	26	19	40	11	19	18	30	9	10	13	9	18	8	13	10	6	11	14	8	3	4	2	3	4	11	0	3	5	0	2	2	0	1	1	0	1	0	3	3	0	1	0	0	1	0	3	0	0	0	0	0	2	0	0	2	0	0	0	1	0	0	0	0	0	0	0	0	0	0	0	0	0	0	0	0	0	0	0	0	0	0	0	0	0	0	0	0	0	0	0	0	0	0	0	0	0	0	0
0.03	north2_all	80	42655	12597	8607	8809	4607	2800	4059	1884	1906	1496	1319	1069	1457	1024	659	637	583	776	509	408	560	480	271	302	372	186	315	165	208	126	117	149	86	104	96	116	85	76	62	61	62	44	50	50	42	45	35	60	22	23	26	37	25	21	28	16	29	19	20	20	13	9	32	11	11	6	4	5	6	10	2	3	2	2	2	4	4	5	0	1	1	3	4	5	1	3	1	0	1	0	4	2	0	2	0	0	2	0	0	2	1	0	0	1	0	0	0	0	1	0	1	1	0	0	0	0	0	1	0	0	0	1	0	0	0	0	0	0	1	4	0	1	0	0	0	3	0	0	0	0	0	0	0
0.03	north2_active	80	25811	6533	4627	5468	2456	1271	2478	858	974	718	711	532	872	601	311	309	315	471	256	206	336	294	118	166	187	79	203	78	121	54	43	77	37	49	58	64	54	46	31	29	35	20	25	20	20	22	21	39	12	15	14	22	12	8	19	6	23	8	13	8	2	7	12	6	4	2	2	3	3	8	0	3	2	0	2	2	2	1	0	0	1	1	3	2	0	1	0	0	0	0	3	0	0	0	0	0	1	0	0	2	0	0	0	0	0	0	0	0	0	0	0	0	0	0	0	0	0	0	0	0	0	0	0	0	0	0	0	0	0	0	0	0	0	0	0	0	0	0	0	0	0	0	0
0.03	north3_all	80	41484	12283	8441	8540	4418	2853	3946	1929	1858	1514	1307	1032	1394	1016	644	602	606	763	492	433	507	478	259	310	354	183	288	172	194	144	112	144	90	104	98	92	82	72	61	59	73	36	48	46	53	44	36	67	26	20	25	35	23	28	41	14	29	10	19	20	13	8	27	9	10	6	4	8	4	7	4	5	1	1	4	3	5	6	1	0	0	4	3	1	1	3	2	0	1	1	4	0	0	1	1	0	2	1	0	0	2	0	0	1	0	0	0	1	0	0	1	1	0	0	0	0	0	1	0	1	0	1	0	0	0	0	0	0	0	0	0	1	0	0	0	3	0	0	0	0	0	0	0
0.03	north3_active	80	25111	6253	4454	5243	2321	1327	2401	886	950	730	681	513	830	608	303	296	322	462	253	201	302	292	117	176	177	70	188	92	104	60	39	73	39	45	56	48	43	38	32	28	47	17	24	20	28	15	19	46	17	12	11	20	13	11	28	5	27	5	7	6	3	4	7	4	4	2	1	4	3	6	3	4	0	1	2	1	3	3	1	0	0	1	3	1	0	1	0	0	0	0	4	0	0	0	1	0	1	1	0	0	1	0	0	0	0	0	0	0	0	0	0	0	0	0	0	0	0	0	0	1	0	0	0	0	0	0	0	0	0	0	0	0	0	0	0	0	0	0	0	0	0	0	0
0.03	north4_all	80	41553	12206	8362	8568	4467	2829	3790	1925	1874	1505	1347	1053	1394	1039	669	581	620	709	489	414	494	468	266	309	337	181	282	181	164	159	113	137	86	113	81	83	85	73	69	51	89	36	46	39	53	38	50	65	26	20	24	21	19	29	57	14	28	11	26	15	16	5	26	14	8	6	4	9	3	9	4	2	3	5	5	5	6	5	2	2	1	4	3	6	1	2	2	0	3	3	2	1	1	1	1	0	1	1	0	1	1	0	0	1	0	1	2	1	0	0	0	2	0	0	1	0	0	0	0	1	0	1	0	0	0	0	0	1	0	0	0	1	0	0	0	3	0	0	0	0	0	0	0
0.03	north4_active	80	25282	6227	4431	5180	2338	1305	2286	874	982	720	696	500	860	610	312	276	315	445	269	187	305	270	126	164	164	66	187	96	85	71	44	65	40	53	45	45	42	42	31	22	58	17	25	19	26	13	27	39	15	8	11	10	12	14	37	5	24	3	12	10	6	1	11	7	5	3	2	4	2	8	3	1	0	2	2	2	4	3	1	2	0	1	2	5	0	1	0	0	0	0	2	0	1	0	1	0	1	1	0	0	1	0	0	0	0	1	0	0	0	0	0	1	0	0	1	0	0	0	0	1	0	0	0	0	0	0	0	1	0	0	0	0	0	0	0	0	0	0	0	0	0	0	0
0.03	north5_all	80	41292	12234	8318	8526	4461	2797	3841	1856	1909	1469	1291	1018	1375	1032	659	634	624	693	506	396	491	482	278	281	349	185	294	160	167	139	106	137	94	119	89	79	73	76	75	54	90	37	53	50	45	42	57	55	20	27	22	28	15	28	50	17	28	11	23	27	17	10	13	17	10	9	7	8	4	11	3	4	6	6	7	3	5	4	3	3	2	3	2	7	1	2	2	1	2	3	2	2	1	3	2	0	0	1	0	1	1	0	0	1	0	1	2	1	0	0	0	1	0	0	1	0	0	0	0	1	0	1	0	0	0	0	0	1	0	0	0	0	0	0	0	0	0	0	0	0	0	0	0
0.03	north5_active	80	25036	6198	4392	5087	2353	1310	2295	852	1004	702	642	473	857	606	294	307	314	398	286	169	292	280	131	151	175	73	184	73	87	66	42	62	43	57	51	38	39	40	35	21	56	17	29	31	26	16	36	31	10	11	10	14	10	15	30	7	23	4	11	18	6	1	9	7	5	5	4	5	2	9	3	3	1	2	2	1	2	3	1	3	1	0	1	5	0	0	0	0	0	0	2	0	1	0	2	0	0	1	0	0	1	0	0	0	0	1	0	0	0	0	0	1	0	0	1	0	0	0	0	1	0	0	0	0	0	0	0	1	0	0	0	0	0	0	0	0	0	0	0	0	0	0	0
0.03	north6_all	80	41620	12241	8441	8542	4506	2764	3890	1797	1921	1483	1347	1014	1347	1062	676	617	620	695	509	395	500	463	254	292	344	183	328	177	164	140	123	139	95	112	90	87	65	82	78	53	81	45	44	53	42	39	51	63	15	30	23	35	16	26	36	17	28	13	28	35	21	10	18	13	9	8	7	4	3	13	2	4	8	7	7	4	4	2	3	3	2	2	4	8	3	3	3	2	2	3	1	2	2	3	1	0	0	1	0	2	0	0	0	0	0	1	2	0	0	0	0	1	0	0	1	0	0	0	0	1	1	0	0	0	0	0	0	1	0	0	0	0	0	0	0	0	0	0	0	0	0	0	0
0.03	north6_active	80	25314	6261	4452	5143	2378	1282	2381	796	1017	758	689	467	826	604	312	303	331	418	276	177	307	251	120	149	182	70	217	77	87	70	55	62	41	63	54	40	40	43	37	18	46	24	26	34	23	17	30	35	7	12	12	17	8	12	19	7	21	4	15	25	11	3	14	7	6	5	5	3	1	7	0	2	2	2	3	2	1	1	1	3	1	0	1	4	2	0	1	1	0	0	1	0	1	0	1	0	0	1	0	1	0	0	0	0	0	1	0	0	0	0	0	1	0	0	1	0	0	0	0	1	0	0	0	0	0	0	0	1	0	0	0	0	0	0	0	0	0	0	0	0	0	0	0
0.03	north7_all	80	42756	12251	8783	8860	4639	2743	3968	1874	1948	1445	1336	1023	1397	1038	639	644	635	746	503	364	521	495	249	295	354	207	356	179	183	137	127	160	101	107	95	86	75	72	80	58	92	47	46	54	46	51	46	65	10	29	24	37	19	24	23	17	25	18	19	40	17	15	22	11	9	9	7	6	3	10	2	5	6	4	5	3	3	1	1	2	2	1	5	7	5	2	2	2	2	2	0	1	2	3	2	0	0	0	0	2	2	0	0	0	0	0	2	0	0	0	0	1	1	2	1	0	0	1	0	0	1	1	0	0	0	0	0	1	0	0	0	0	0	0	0	0	0	0	0	0	0	0	0
0.03	north7_active	80	26039	6357	4693	5407	2472	1274	2416	843	1013	736	699	497	850	581	282	307	349	421	256	157	317	270	118	173	206	77	222	79	108	66	49	80	37	63	53	39	50	32	45	23	45	27	25	34	24	25	24	39	5	14	12	17	11	14	14	7	19	6	12	31	10	8	13	5	5	5	5	3	2	1	0	3	2	1	2	2	0	0	0	1	2	0	1	4	3	0	1	1	1	0	0	0	0	0	1	0	0	0	0	2	1	0	0	0	0	0	0	0	0	0	0	1	1	0	1	0	0	0	0	0	0	1	0	0	0	0	0	1	0	0	0	0	0	0	0	0	0	0	0	0	0	0	0
0.03	north8_all	80	44273	12607	8788	9042	4748	2776	4158	1928	1933	1500	1375	1079	1426	1074	640	644	634	769	505	376	562	491	265	306	352	217	352	201	197	129	124	159	103	117	111	88	91	83	73	56	89	56	48	51	50	47	42	69	16	36	18	42	24	20	21	14	21	16	22	35	19	15	22	16	15	9	5	4	6	9	5	5	5	3	5	4	2	3	3	4	3	3	4	5	6	2	2	2	1	0	0	2	2	1	1	0	0	2	0	3	2	0	0	0	0	0	0	0	0	0	0	0	1	2	0	0	0	1	0	0	1	1	0	0	0	0	0	0	0	0	0	0	0	0	0	0	0	0	0	0	0	0	0
0.03	north8_active	80	27310	6576	4781	5609	2620	1264	2571	898	1010	747	726	533	837	605	293	304	340	465	263	172	348	285	129	179	226	83	223	91	124	67	54	75	34	67	64	37	56	33	43	18	46	30	25	24	22	22	21	41	9	20	7	24	13	10	15	6	14	6	12	28	10	10	15	9	10	6	3	1	5	0	0	3	3	0	2	1	0	0	1	2	2	2	1	1	4	0	2	1	1	0	0	0	0	0	0	0	0	0	0	2	1	0	0	0	0	0	0	0	0	0	0	0	1	0	0	0	0	0	0	0	0	1	0	0	0	0	0	0	0	0	0	0	0	0	0	0	0	0	0	0	0	0	0
0.03	north9_all	80	45458	13015	8933	9423	4852	2718	4276	1971	1976	1466	1387	1117	1469	1063	622	657	646	767	493	347	594	545	280	318	369	219	326	195	186	122	103	163	99	121	111	95	95	90	74	59	100	57	48	40	46	42	47	64	19	36	14	49	27	20	25	14	21	17	18	22	20	12	20	18	15	11	6	9	8	9	8	5	3	1	2	4	2	2	4	3	5	2	3	3	4	1	2	0	1	0	0	2	1	1	2	1	0	2	0	2	3	0	0	0	0	0	0	0	0	0	0	0	1	2	0	0	0	1	0	0	0	1	0	0	0	0	0	0	0	0	0	0	0	0	0	0	0	0	0	0	0	0	0
0.03	north9_active	80	27890	6804	4921	5892	2697	1234	2696	938	1075	703	724	570	891	593	284	319	339	451	267	167	379	341	146	188	242	86	205	91	108	56	43	85	39	72	57	43	59	44	45	21	53	28	24	23	19	20	25	40	9	21	4	32	10	9	19	8	12	9	9	18	12	9	14	11	12	5	3	4	5	2	3	4	3	0	0	1	1	0	3	1	2	2	0	1	2	0	2	0	1	0	0	1	0	0	1	0	0	0	0	1	1	0	0	0	0	0	0	0	0	0	0	0	1	0	0	0	0	0	0	0	0	1	0	0	0	0	0	0	0	0	0	0	0	0	0	0	0	0	0	0	0	0	0
0.03	north10_all	80	46092	13384	8992	9432	4969	2728	4583	1903	1951	1486	1411	1134	1585	1092	651	635	675	746	507	373	639	538	305	325	392	191	299	208	185	103	114	157	96	137	120	98	94	103	70	63	99	52	51	53	48	28	43	64	21	38	22	47	24	17	29	16	21	16	15	18	15	11	18	18	15	12	8	11	11	11	8	5	2	1	2	5	5	4	4	3	5	2	2	6	2	1	1	0	1	0	0	2	1	0	3	2	0	2	1	1	3	0	0	0	0	0	0	0	0	0	0	1	1	0	0	0	0	1	0	0	0	0	0	0	0	0	0	0	0	0	0	0	0	0	0	0	0	0	0	0	0	0	0
0.03	north10_active	80	28289	7034	5013	5888	2770	1204	2903	892	1083	723	747	577	952	617	296	315	364	443	292	199	391	361	162	189	248	81	198	96	101	46	47	79	39	80	67	47	48	54	44	26	58	22	26	30	20	14	28	41	10	21	8	35	11	8	23	11	10	9	7	14	9	8	12	10	12	4	5	5	5	5	4	3	2	0	0	3	3	0	3	1	2	2	0	0	1	1	1	0	0	0	0	1	1	0	2	1	0	0	0	0	1	0	0	0	0	0	0	0	0	0	0	0	1	0	0	0	0	0	0	0	0	0	0	0	0	0	0	0	0	0	0	0	0	0	0	0	0	0	0	0	0	0	0
0.03	north11_all	80	43539	12649	8561	8923	4593	2731	4200	1866	1841	1483	1410	1037	1460	1095	675	711	594	726	542	411	600	471	312	298	411	185	309	139	152	123	108	169	98	112	101	98	74	72	60	55	69	61	43	68	63	48	42	47	20	24	21	29	17	14	35	14	19	13	20	32	13	16	15	8	11	6	10	9	6	6	7	4	1	4	2	2	2	3	5	0	6	0	2	2	2	1	4	3	0	0	1	0	1	1	0	4	0	0	1	0	0	0	1	0	2	0	2	1	1	0	0	5	0	0	1	1	0	0	0	0	0	0	0	0	1	0	1	0	0	0	0	0	0	0	0	0	0	0	0	0	0	0	0
0.03	north11_active	80	26797	6406	4647	5505	2533	1196	2494	878	969	735	727	524	871	614	295	341	299	393	296	202	379	294	165	175	254	77	167	62	76	51	44	89	50	69	57	48	42	51	36	22	43	31	24	39	19	27	20	23	10	16	10	20	7	5	29	7	9	6	10	12	11	6	12	1	6	4	4	7	4	4	5	3	1	2	1	0	2	0	1	0	4	0	1	1	0	0	2	3	0	0	0	0	1	1	0	0	0	0	0	0	0	0	1	0	2	0	1	0	0	0	0	4	0	0	0	1	0	0	0	0	0	0	0	0	1	0	0	0	0	0	0	0	0	0	0	0	0	0	0	0	0	0	0
0.03	north12_all	80	42564	12583	8491	8780	4597	2755	4163	1865	1813	1484	1394	1006	1384	1089	686	669	593	692	539	394	541	452	321	305	357	173	276	149	167	137	117	163	95	100	106	90	71	68	57	59	79	45	44	57	51	39	34	60	16	24	27	24	18	16	28	13	23	14	23	21	15	23	19	7	11	6	14	11	4	7	5	5	2	4	3	0	2	4	4	1	5	2	2	4	3	1	1	2	0	0	5	0	1	1	0	3	0	1	2	0	1	0	1	0	2	0	2	0	1	0	0	4	0	0	1	1	0	0	0	0	0	0	0	0	0	0	1	0	0	0	0	0	0	0	0	0	0	0	0	0	0	0	0
0.03	north12_active	80	26062	6338	4563	5334	2580	1236	2488	865	948	735	752	508	804	624	309	325	295	368	291	192	336	276	165	175	208	74	149	71	77	65	53	90	47	49	60	46	30	41	23	25	39	22	28	29	22	25	13	31	9	13	14	16	9	8	16	6	10	6	15	11	10	17	15	0	6	5	8	7	3	3	4	3	1	2	2	0	2	1	1	0	3	1	1	1	0	0	1	1	0	0	5	0	1	1	0	0	0	0	1	0	1	0	1	0	2	0	1	0	0	0	0	4	0	0	0	1	0	0	0	0	0	0	0	0	0	0	0	0	0	0	0	0	0	0	0	0	0	0	0	0	0	0	0
0.03	north13_all	80	43887	12646	8752	9037	4675	2739	4227	1902	1904	1502	1452	1078	1425	1124	684	666	617	744	517	383	556	496	316	321	340	172	300	182	156	142	118	161	95	109	96	84	84	69	62	53	76	41	44	55	53	38	48	55	19	32	28	15	18	20	41	15	20	14	22	23	14	20	11	6	13	5	15	9	4	9	5	6	8	1	3	6	3	3	2	2	2	2	3	3	3	1	3	2	0	0	5	0	1	0	1	2	1	1	2	0	1	1	1	1	3	0	1	0	1	0	0	2	0	0	1	1	0	0	0	0	0	0	1	1	0	0	1	0	0	0	0	0	0	0	0	0	0	0	0	0	0	0	1
0.03	north13_active	80	27039	6461	4702	5507	2614	1216	2526	881	1017	784	789	523	856	675	316	356	312	372	270	184	340	296	164	188	213	77	164	80	73	64	56	82	49	61	54	46	37	37	28	20	36	24	28	34	30	26	20	32	12	15	13	6	8	11	16	9	7	3	16	15	8	14	6	0	7	4	9	3	2	4	2	4	4	0	2	3	2	2	1	0	0	1	1	0	0	0	1	1	0	0	5	0	1	0	0	1	0	0	1	0	1	0	1	0	3	0	0	0	0	0	0	2	0	0	0	1	0	0	0	0	0	0	0	1	0	0	0	0	0	0	0	0	0	0	0	0	0	0	0	0	0	0	0
0.03	north14_all	80	44370	12729	8824	8998	4820	2832	4218	1866	1918	1535	1429	1083	1467	1136	685	640	617	779	548	368	553	479	300	316	323	176	313	193	174	133	124	160	82	100	107	83	90	84	65	54	74	32	44	47	47	38	45	54	22	33	24	16	17	18	52	12	22	11	25	28	12	25	12	5	11	10	10	14	2	13	5	7	7	1	5	7	4	3	2	3	5	3	1	3	3	1	4	2	0	1	5	3	0	0	1	2	1	3	1	0	2	1	0	2	3	0	0	1	0	0	0	0	0	0	0	0	0	0	0	0	0	0	1	1	0	0	0	0	0	0	0	0	0	0	0	0	0	0	0	0	0	0	1
0.03	north14_active	80	27571	6523	4805	5458	2704	1294	2529	883	1024	806	766	527	923	702	322	333	312	413	286	176	355	283	165	179	203	82	170	84	86	56	57	88	40	46	59	50	42	39	33	23	39	21	24	30	29	26	20	28	12	17	11	6	9	10	19	7	14	2	17	19	7	19	6	1	6	6	6	6	0	10	1	4	3	1	2	4	3	2	0	0	4	1	0	0	0	0	1	1	0	0	5	1	0	0	0	1	0	2	1	0	2	0	0	0	3	0	0	0	0	0	0	0	0	0	0	0	0	0	0	0	0	0	0	1	0	0	0	0	0	0	0	0	0	0	0	0	0	0	0	0	0	0	0
0.03	north15_all	80	44125	12691	8899	8958	4764	2879	4179	1832	1996	1506	1447	1070	1452	1138	674	614	622	839	539	360	549	506	306	317	321	178	330	203	188	132	113	185	73	121	105	99	90	82	66	54	82	37	41	44	50	32	38	44	28	31	20	21	17	20	53	15	20	12	19	34	11	35	8	11	11	12	9	15	4	10	5	9	6	1	4	7	2	3	2	2	7	3	2	1	0	1	5	0	0	1	0	4	0	0	1	3	3	3	0	3	1	1	0	2	1	0	0	1	0	0	0	0	0	0	0	0	0	0	0	0	0	0	1	1	1	0	0	0	0	0	0	0	0	0	0	0	0	0	0	0	0	0	1
0.03	north15_active	80	27267	6433	4794	5410	2600	1313	2472	855	1048	774	773	529	918	694	320	321	321	443	295	160	357	291	172	189	207	83	183	91	109	55	52	105	36	62	69	55	45	41	35	17	49	19	20	28	25	19	22	21	12	12	7	8	7	11	24	10	13	5	14	21	8	26	4	6	5	6	5	7	0	9	1	5	3	1	2	4	1	2	0	0	4	1	1	0	0	1	1	0	0	0	0	2	0	0	0	1	0	2	0	1	1	0	0	0	1	0	0	0	0	0	0	0	0	0	0	0	0	0	0	0	0	0	0	1	1	0	0	0	0	0	0	0	0	0	0	0	0	0	0	0	0	0	0
0.03	north16_all	80	42345	12446	8676	8563	4637	2881	4090	1779	1937	1427	1451	1015	1424	1095	671	624	606	780	520	359	550	493	288	325	359	174	308	191	184	137	109	166	83	121	113	85	83	86	76	60	87	43	43	46	48	27	28	48	25	26	13	28	19	17	49	10	26	8	11	29	13	29	6	13	10	13	9	11	5	9	5	7	1	3	6	4	1	1	3	4	7	2	1	0	0	3	5	0	0	1	1	4	0	0	1	2	2	2	0	4	1	0	0	1	1	0	0	1	0	0	0	0	0	0	2	0	0	0	0	0	0	0	1	0	1	0	0	0	0	0	0	0	1	0	0	0	0	0	0	0	0	0	0
0.03	north16_active	80	25846	6284	4633	5154	2473	1327	2451	813	1011	709	777	506	875	645	323	301	322	434	284	157	346	291	160	195	209	83	165	89	107	58	45	97	37	61	71	45	42	43	36	19	51	20	19	29	23	15	15	27	10	8	4	14	9	9	26	5	20	5	3	15	8	18	3	8	3	6	4	6	3	8	1	3	0	2	2	3	1	0	1	1	4	0	1	0	0	2	1	0	0	0	1	2	0	0	0	0	0	2	0	2	1	0	0	0	1	0	0	0	0	0	0	0	0	0	2	0	0	0	0	0	0	0	0	0	1	0	0	0	0	0	0	0	0	0	0	0	0	0	0	0	0	0	0
0.03	north17_all	80	41553	12228	8568	8449	4470	2828	3961	1766	1885	1399	1423	1013	1469	1086	674	636	571	768	507	375	538	493	292	302	340	171	319	195	176	140	107	169	85	123	113	86	75	77	68	69	83	41	45	47	46	31	24	43	27	26	19	28	18	13	46	15	24	11	12	28	13	23	9	14	11	11	7	7	6	6	3	6	5	2	6	1	1	2	2	3	8	1	1	2	1	3	4	0	0	1	2	2	0	1	0	1	2	0	0	7	0	0	0	0	0	0	0	1	0	0	0	0	0	0	2	0	0	0	0	0	0	0	0	0	1	0	0	0	0	0	0	0	1	0	0	0	0	0	0	0	0	0	0
0.03	north17_active	80	25390	6195	4519	5022	2380	1325	2414	789	950	669	756	523	869	629	322	317	292	428	289	167	338	291	152	189	177	77	189	98	100	57	47	97	37	65	67	38	37	42	31	26	48	16	19	28	24	17	13	27	11	6	8	17	10	9	26	6	18	5	5	15	9	15	6	10	5	5	3	5	4	3	1	3	4	1	4	0	1	1	1	1	4	0	1	0	1	2	0	0	0	1	2	2	0	1	0	0	0	0	0	5	0	0	0	0	0	0	0	0	0	0	0	0	0	0	2	0	0	0	0	0	0	0	0	0	1	0	0	0	0	0	0	0	0	0	0	0	0	0	0	0	0	0	0
0.03	north18_all	80	42463	12534	8673	8718	4469	2775	4024	1824	1879	1459	1417	1052	1486	1158	678	650	582	675	534	382	563	552	295	329	349	175	343	197	176	146	107	176	92	131	109	87	81	68	79	59	93	44	46	56	41	36	39	46	23	36	20	34	16	16	44	13	28	13	17	23	12	15	10	17	10	9	11	5	7	7	2	6	6	4	5	2	2	2	2	7	4	1	1	2	2	5	2	1	0	2	2	1	0	1	1	1	1	0	0	4	1	0	0	1	0	0	0	0	0	0	0	1	0	1	2	0	1	0	0	0	0	0	0	0	0	0	0	0	0	0	0	0	1	0	0	0	0	0	0	0	0	0	0
0.03	north18_active	80	25774	6479	4656	5295	2429	1284	2425	850	965	706	767	522	866	690	324	322	291	373	299	184	338	339	143	201	182	78	221	101	89	64	51	88	42	71	54	48	38	34	40	22	59	20	18	39	21	19	20	28	11	13	9	20	11	13	22	4	23	5	5	16	9	4	5	9	4	5	5	3	5	3	1	1	5	1	3	1	1	1	1	3	1	0	1	0	2	4	0	0	0	1	2	1	0	1	0	0	0	0	0	4	0	0	0	0	0	0	0	0	0	0	0	1	0	0	2	0	0	0	0	0	0	0	0	0	0	0	0	0	0	0	0	0	0	0	0	0	0	0	0	0	0	0	0
0.03	north19_all	80	44603	12828	8765	9128	4620	2712	4211	1865	1932	1488	1411	1092	1535	1156	689	651	592	649	584	417	607	537	302	309	375	179	342	207	185	139	107	182	95	125	115	79	79	83	76	62	108	38	42	55	36	44	45	43	24	34	31	33	22	13	50	14	25	16	23	23	12	11	14	18	12	7	7	3	7	8	3	8	6	3	7	2	3	2	1	7	2	1	2	3	2	5	1	1	0	2	2	0	0	1	1	1	1	3	0	3	1	0	0	1	0	0	0	0	0	0	0	1	0	1	0	0	1	0	0	0	0	0	0	0	0	7	0	0	0	0	0	0	1	0	0	0	0	0	0	0	0	0	0
0.03	north19_active	80	27245	6681	4824	5496	2548	1231	2536	887	984	730	768	538	909	676	319	327	287	363	325	196	381	335	141	195	198	79	233	99	100	64	50	90	42	69	62	47	39	42	43	26	68	21	21	39	17	17	26	27	13	16	14	20	15	9	19	5	19	8	6	16	10	4	5	9	4	2	2	3	5	5	2	2	6	0	5	1	2	1	1	2	1	0	0	0	2	4	0	0	0	1	1	0	0	1	0	0	0	2	0	3	0	0	0	0	0	0	0	0	0	0	0	1	0	0	0	0	0	0	0	0	0	0	0	0	0	7	0	0	0	0	0	0	0	0	0	0	0	0	0	0	0	0	0
0.03	north20_all	80	46741	13213	9078	9436	4650	2707	4445	1857	1974	1554	1406	1150	1561	1184	713	639	612	682	575	411	628	546	309	311	373	205	330	204	195	141	108	213	88	134	118	99	76	77	80	59	106	35	46	48	38	41	45	46	26	32	25	33	21	18	49	12	20	22	20	29	13	9	13	15	10	7	7	4	4	10	3	8	4	3	7	3	4	5	0	7	2	1	3	2	2	4	1	2	0	1	1	0	0	4	2	1	1	3	2	3	1	0	1	1	0	0	0	0	1	1	0	1	0	1	0	0	2	1	0	0	0	0	0	1	0	7	0	0	0	0	0	0	0	0	0	0	0	0	0	0	0	0	0
0.03	north20_active	80	28809	6922	5049	5788	2550	1206	2682	883	1027	808	778	566	952	719	315	313	298	383	298	181	409	344	142	183	214	88	219	106	109	63	50	114	44	73	65	62	37	36	50	26	68	19	26	35	22	16	27	23	11	17	10	19	15	10	18	6	15	14	5	22	8	3	5	7	4	2	2	2	1	6	3	4	4	0	4	1	2	2	0	2	1	0	0	0	2	4	0	1	0	0	0	0	0	3	0	0	0	2	0	3	0	0	1	0	0	0	0	0	1	0	0	1	0	0	0	0	0	1	0	0	0	0	0	1	0	7	0	0	0	0	0	0	0	0	0	0	0	0	0	0	0	0	0
0.03	south21_all	80	48819	16173	6648	5996	6296	5134	2066	2566	2329	1997	1306	922	1529	1349	714	623	726	592	749	328	351	322	387	289	352	283	252	328	226	194	113	101	122	123	157	181	66	73	67	99	101	64	69	113	47	38	71	38	49	36	25	14	15	30	22	19	22	30	13	21	11	7	12	10	5	5	13	9	6	6	3	10	4	7	8	4	2	4	4	5	2	0	1	1	2	3	1	0	2	2	1	3	0	0	0	4	1	0	1	0	0	3	0	2	0	0	0	1	0	2	1	0	0	0	0	0	0	0	0	0	0	0	3	0	0	0	0	1	0	0	0	0	2	0	1	0	0	0	0	0	0	0	0
0.03	south21_active	80	30669	9155	3121	3176	3644	3076	898	1452	1317	1203	675	412	958	820	366	301	421	285	459	156	158	148	229	151	219	169	137	192	126	122	46	48	67	59	107	94	28	38	41	57	49	34	35	70	19	17	46	11	23	18	13	5	7	18	13	11	12	23	9	9	4	4	9	6	3	5	11	3	5	4	1	5	1	4	4	1	1	4	0	3	1	0	0	0	2	3	1	0	2	2	0	1	0	0	0	4	1	0	0	0	0	2	0	2	0	0	0	0	0	0	0	0	0	0	0	0	0	0	0	0	0	0	3	0	0	0	0	0	0	0	0	0	2	0	1	0	0	0	0	0	0	0	0
0.03	south22_all	80	49588	16166	6545	5968	6448	5098	2137	2614	2305	1961	1310	940	1483	1334	710	618	758	616	769	329	330	308	406	291	357	274	244	362	211	179	115	112	119	129	156	161	67	69	68	101	115	82	67	104	44	37	73	29	51	35	26	14	14	29	18	21	24	30	14	21	12	5	11	12	5	8	14	7	4	6	3	5	5	9	7	5	10	3	2	4	3	3	4	2	3	3	4	0	2	0	0	2	1	0	0	3	1	1	1	0	0	0	0	2	0	0	0	0	1	3	1	0	0	0	0	0	0	0	0	0	0	0	0	0	0	0	0	1	0	0	0	0	0	0	1	0	0	0	0	0	0	0	0
0.03	south22_active	80	31031	9220	3013	3198	3758	3035	936	1489	1342	1136	646	418	916	792	352	312	429	313	483	158	147	146	244	146	219	155	131	238	123	108	46	50	61	66	101	74	33	30	43	64	56	49	36	61	16	14	43	10	24	21	11	7	8	20	8	12	14	24	8	12	6	2	6	6	1	6	11	2	3	3	1	3	1	5	3	1	7	3	0	3	2	3	0	1	2	3	3	0	2	0	0	0	1	0	0	3	1	0	1	0	0	0	0	2	0	0	0	0	1	1	0	0	0	0	0	0	0	0	0	0	0	0	0	0	0	0	0	0	0	0	0	0	0	0	1	0	0	0	0	0	0	0	0
0.03	south23_all	80	49840	16222	6573	6009	6443	5114	2174	2682	2282	1994	1334	1038	1479	1274	756	630	816	587	793	326	307	276	398	283	391	288	259	353	203	172	135	110	130	162	133	161	68	72	67	96	104	88	73	110	52	39	76	35	55	46	22	18	18	15	17	17	31	43	12	18	9	10	11	15	21	4	13	10	2	6	4	6	5	7	5	6	9	3	2	0	4	4	4	2	3	2	3	0	2	2	0	1	1	0	0	0	1	2	1	0	0	0	0	5	0	0	2	0	1	3	1	0	0	1	0	0	0	0	0	0	0	0	0	0	0	0	0	0	0	0	0	0	0	0	1	0	0	0	0	0	0	0	0
0.03	south23_active	80	31178	9282	3086	3244	3831	3065	954	1530	1319	1184	676	469	912	774	386	307	476	301	483	140	128	133	232	146	237	154	130	213	115	107	57	45	74	74	77	81	37	35	41	60	49	57	44	64	18	10	42	10	35	31	7	7	11	11	8	11	17	34	3	9	5	5	5	7	3	2	11	3	0	3	2	3	1	3	2	2	6	3	1	0	2	3	0	1	2	2	2	0	2	2	0	0	1	0	0	0	1	0	1	0	0	0	0	5	0	0	1	0	1	1	0	0	0	0	0	0	0	0	0	0	0	0	0	0	0	0	0	0	0	0	0	0	0	0	1	0	0	0	0	0	0	0	0
0.03	south24_all	80	49832	16480	6522	6121	6335	5180	2260	2676	2254	1967	1331	1043	1469	1286	781	622	808	570	784	342	318	292	367	274	432	278	262	358	194	155	136	113	131	187	130	176	69	75	69	68	107	90	65	85	46	35	58	37	33	39	15	21	21	18	19	18	20	45	14	13	11	9	13	17	21	7	7	12	5	6	4	5	5	5	3	2	9	2	3	1	3	6	4	1	7	1	5	1	1	2	1	0	2	0	0	1	1	3	1	0	1	0	0	4	0	1	2	0	1	3	0	0	0	1	0	0	1	0	0	0	1	0	0	0	0	0	1	1	0	0	0	0	0	0	0	0	0	0	0	0	0	0	0
0.03	south24_active	80	31309	9417	3021	3313	3796	3135	978	1523	1324	1169	694	473	890	774	413	282	470	301	462	135	139	144	216	136	249	138	131	220	108	92	49	47	77	98	78	106	31	35	41	33	55	55	39	41	19	11	25	11	27	26	5	8	11	14	7	11	9	33	2	7	5	4	7	8	3	3	5	6	0	2	2	3	1	2	2	1	7	1	1	1	2	5	0	1	6	1	4	1	0	2	1	0	1	0	0	0	1	1	1	0	0	0	0	4	0	1	1	0	1	1	0	0	0	0	0	0	0	0	0	0	1	0	0	0	0	0	1	0	0	0	0	0	0	0	0	0	0	0	0	0	0	0	0
0.03	south25_all	80	49395	16384	6577	6153	6308	5126	2226	2661	2321	1961	1344	1066	1403	1364	752	651	839	579	765	351	313	332	366	262	462	271	262	325	200	164	129	112	139	234	134	192	68	74	78	65	121	66	67	82	45	37	49	33	47	41	22	23	21	18	19	17	15	55	18	7	10	12	11	16	24	7	8	10	7	9	4	4	3	9	1	2	4	2	3	1	1	4	2	0	5	0	4	2	4	2	1	0	2	0	0	1	0	2	0	0	1	1	0	4	0	1	2	0	0	0	0	0	0	1	0	0	1	0	0	0	1	0	0	0	0	0	1	1	0	0	0	0	0	2	0	0	0	0	1	0	0	0	0
0.03	south25_active	80	31151	9345	3014	3328	3767	3133	974	1510	1349	1177	698	503	830	830	401	285	482	311	442	131	135	159	206	131	268	144	125	188	120	86	48	48	73	135	82	109	29	40	47	37	71	37	41	50	15	16	24	11	29	25	7	10	9	12	10	8	6	33	4	3	4	4	7	8	7	4	7	7	0	4	2	2	3	5	1	1	1	1	1	1	0	3	0	0	5	0	2	2	3	2	1	0	1	0	0	0	0	1	0	0	0	0	0	4	0	1	1	0	0	0	0	0	0	0	0	0	0	0	0	0	1	0	0	0	0	0	1	0	0	0	0	0	0	2	0	0	0	0	1	0	0	0	0
0.03	south26_all	80	49155	16245	6626	6111	6117	5188	2206	2677	2279	1967	1343	1057	1457	1398	767	659	806	574	760	342	315	349	358	261	490	291	242	288	221	186	128	96	131	247	151	192	68	69	85	76	117	54	66	77	41	38	50	41	39	25	28	26	19	22	14	19	8	34	23	11	11	12	6	13	22	9	6	10	8	10	3	4	3	8	2	2	12	2	3	2	1	3	1	1	5	1	3	2	4	1	1	0	1	0	0	1	0	2	0	0	2	1	5	1	0	1	1	0	0	0	0	0	0	0	0	0	1	1	0	0	1	0	0	0	0	0	1	1	0	0	0	0	0	2	0	0	0	0	1	1	0	0	0
0.03	south26_active	80	31083	9285	3042	3245	3632	3212	966	1513	1306	1161	697	483	887	871	395	287	481	306	451	133	144	171	196	126	290	167	117	166	134	90	53	42	66	140	101	114	26	32	48	45	76	28	33	57	19	21	30	21	23	14	8	7	7	12	8	6	3	17	12	7	6	4	6	4	5	4	6	7	0	4	2	1	3	5	1	1	9	1	1	2	0	3	0	1	5	0	2	2	3	1	1	0	0	0	0	0	0	1	0	0	0	0	5	1	0	1	1	0	0	0	0	0	0	0	0	0	0	0	0	0	1	0	0	0	0	0	1	0	0	0	0	0	0	2	0	0	0	0	1	0	0	0	0
0.03	south27_all	80	49319	16155	6699	6050	6143	5285	2127	2651	2283	1924	1280	1051	1440	1402	760	646	805	589	798	345	290	337	382	234	469	274	206	274	243	175	125	92	122	250	152	196	72	72	87	98	105	43	67	79	40	38	60	36	48	24	36	26	15	38	23	22	7	32	26	10	9	11	5	9	8	10	6	5	5	12	5	1	4	10	1	2	14	2	4	2	1	2	2	1	1	1	1	1	5	0	1	0	1	0	0	2	0	0	0	0	2	1	5	0	1	0	0	0	0	0	0	0	0	0	0	0	1	1	0	0	0	0	0	0	0	0	1	1	0	0	0	0	0	2	0	0	0	0	1	1	0	0	0
0.03	south27_active	80	31184	9241	3063	3201	3692	3238	913	1490	1282	1107	651	491	877	858	394	307	452	327	483	143	132	169	224	107	301	161	110	166	148	84	56	38	55	148	94	121	30	39	47	57	68	19	37	57	24	18	38	24	27	11	11	13	6	25	14	10	2	15	17	7	6	4	3	3	6	7	5	3	0	4	4	0	3	8	0	1	9	0	1	2	1	2	1	1	1	0	0	1	3	0	1	0	0	0	0	1	0	0	0	0	0	0	5	0	0	0	0	0	0	0	0	0	0	0	0	0	0	0	0	0	0	0	0	0	0	0	1	0	0	0	0	0	0	2	0	0	0	0	1	0	0	0	0
0.03	south28_all	80	49297	16308	6729	6174	6106	5279	2159	2665	2284	1990	1263	1060	1436	1410	757	607	830	591	835	361	287	306	413	248	500	287	201	253	247	200	123	107	121	213	140	201	72	74	75	103	101	48	65	87	39	33	60	39	46	38	36	25	13	42	29	18	9	21	27	15	7	10	7	9	5	12	6	4	4	9	4	1	5	9	2	3	13	9	5	1	4	1	2	1	0	5	2	1	2	0	2	0	1	0	0	1	0	0	1	0	2	1	6	0	1	0	0	0	0	0	0	0	0	1	0	0	0	1	0	0	0	0	0	0	0	0	0	0	0	0	0	0	0	1	0	0	0	0	0	1	0	1	0
0.03	south28_active	80	30953	9357	3133	3315	3663	3227	945	1468	1305	1143	637	505	914	863	372	299	479	317	487	164	130	156	257	119	317	182	111	158	147	108	58	40	62	115	84	140	34	43	35	60	61	28	30	57	24	13	36	27	35	28	13	14	4	22	20	10	4	13	18	11	6	5	4	2	2	6	3	2	0	2	4	0	4	8	0	2	9	7	1	1	4	1	2	1	0	0	0	1	0	0	2	0	0	0	0	1	0	0	1	0	0	1	5	0	0	0	0	0	0	0	0	0	0	0	0	0	0	0	0	0	0	0	0	0	0	0	0	0	0	0	0	0	0	1	0	0	0	0	0	0	0	1	0
0.03	south29_all	80	49377	16218	6730	6080	6166	5224	2195	2641	2226	1949	1248	1072	1434	1346	728	581	792	574	868	346	289	307	413	254	467	265	212	285	217	176	117	116	122	220	118	216	64	77	86	97	94	53	68	90	41	29	53	51	45	39	28	21	10	36	42	12	20	24	17	19	7	12	10	12	7	13	11	7	4	7	5	2	6	6	1	4	5	9	7	2	4	0	3	2	0	5	1	3	3	1	2	0	1	1	0	1	1	0	2	0	1	1	3	0	1	0	0	0	0	0	0	0	0	1	0	0	0	1	0	0	0	0	0	0	0	0	0	0	0	0	1	0	0	0	0	0	0	0	0	0	1	1	0
0.03	south29_active	80	31159	9317	3101	3243	3663	3180	989	1476	1267	1103	633	503	912	824	348	276	462	313	514	178	121	146	250	126	293	166	111	180	120	98	58	45	66	115	70	153	28	42	41	59	54	32	34	56	21	11	30	32	31	25	15	13	3	21	32	7	13	15	12	13	4	7	6	2	3	8	4	3	1	2	3	0	5	4	0	3	2	7	2	1	4	0	2	2	0	0	0	1	0	0	2	0	0	0	0	1	0	0	1	0	0	1	2	0	0	0	0	0	0	0	0	0	0	0	0	0	0	0	0	0	0	0	0	0	0	0	0	0	0	0	1	0	0	0	0	0	0	0	0	0	1	1	0
0.03	south30_all	80	49236	16183	6653	6102	6241	5275	2224	2689	2283	1925	1257	1067	1413	1306	709	574	823	602	839	371	312	325	401	278	418	274	221	284	196	188	120	130	114	199	126	209	61	86	67	87	91	62	69	74	51	28	47	45	40	45	23	14	8	24	38	13	27	30	13	17	9	11	11	11	6	13	12	4	5	5	8	2	8	8	1	4	4	17	6	1	4	1	4	1	0	4	1	3	4	3	2	0	2	3	0	0	3	0	2	0	0	1	1	0	0	0	0	0	0	0	0	0	0	1	0	0	0	1	0	0	1	0	0	0	0	0	0	0	0	0	1	0	0	0	0	0	0	0	0	0	1	1	0
0.03	south30_active	80	30827	9282	3013	3253	3726	3209	976	1514	1313	1109	651	519	898	754	344	263	508	321	499	192	131	152	229	139	234	173	107	172	106	111	62	47	68	121	82	148	30	50	32	52	51	41	33	46	18	14	25	26	27	27	15	8	1	8	30	8	19	19	9	10	4	6	8	1	2	6	6	1	3	2	4	1	7	6	0	3	0	9	2	0	3	0	2	1	0	0	0	1	1	1	2	0	1	2	0	0	2	0	1	0	0	1	0	0	0	0	0	0	0	0	0	0	0	0	0	0	0	0	0	0	0	0	0	0	0	0	0	0	0	0	1	0	0	0	0	0	0	0	0	0	1	1	0
0.03	south31_all	80	49356	16271	6664	6046	6511	5330	2222	2666	2279	1974	1334	959	1504	1386	770	618	795	618	788	358	293	297	403	262	428	266	240	321	214	187	98	101	161	173	120	146	60	88	67	77	72	48	46	85	48	33	62	29	35	24	18	20	15	43	14	7	16	32	26	18	9	13	9	6	11	12	18	14	4	10	6	5	9	2	8	6	6	4	5	2	3	1	4	2	6	2	2	2	3	1	5	3	0	3	1	1	0	0	1	0	0	2	0	0	0	0	0	0	0	0	0	0	1	0	1	2	1	0	0	1	0	0	0	0	0	0	0	0	0	0	0	0	0	0	0	0	0	0	0	0	0	0	0
0.03	south31_active	80	30987	9302	2963	3223	3889	3227	959	1510	1318	1135	661	456	947	879	412	309	470	340	482	165	137	146	227	129	279	152	114	221	125	110	41	38	95	100	77	88	27	48	39	45	36	20	26	46	27	16	40	15	19	9	7	11	6	28	9	4	9	13	16	12	3	8	3	2	7	6	9	6	1	2	2	2	4	0	1	3	4	1	1	1	1	0	3	2	2	2	0	2	2	1	3	0	0	2	1	0	0	0	1	0	0	0	0	0	0	0	0	0	0	0	0	0	0	0	1	1	0	0	0	1	0	0	0	0	0	0	0	0	0	0	0	0	0	0	0	0	0	0	0	0	0	0	0
0.03	south32_all	80	49613	16259	6623	6031	6483	5363	2251	2631	2304	1899	1312	973	1546	1371	767	606	773	622	742	351	319	288	396	240	361	264	249	338	218	189	97	117	144	169	122	166	58	79	73	69	95	55	47	113	42	37	78	26	39	19	22	14	15	37	11	16	14	39	27	22	6	10	10	9	6	10	26	12	5	12	6	4	8	4	6	5	3	3	2	0	4	0	5	0	4	1	2	3	1	1	4	0	0	3	1	4	0	0	0	0	0	2	0	1	0	0	0	0	0	0	0	0	1	0	0	2	1	0	0	2	0	0	0	0	0	0	0	0	0	0	0	0	0	0	0	0	0	1	0	0	0	0	0
0.03	south32_active	80	31127	9337	2965	3206	3855	3238	1001	1434	1327	1095	618	475	968	867	396	298	444	335	427	154	160	147	233	116	222	146	111	222	131	118	48	48	78	101	69	101	25	56	41	39	47	28	26	76	21	19	44	15	22	6	9	10	5	21	8	10	8	23	15	16	3	6	1	4	2	7	17	7	1	4	2	1	4	0	0	3	2	0	0	0	2	0	5	0	0	1	0	3	0	1	3	0	0	2	1	0	0	0	0	0	0	0	0	0	0	0	0	0	0	0	0	0	0	0	0	1	0	0	0	1	0	0	0	0	0	0	0	0	0	0	0	0	0	0	0	0	0	0	0	0	0	0	0
0.03	south33_all	80	48882	16140	6568	5939	6456	5218	2197	2666	2260	1876	1303	981	1604	1324	742	605	820	610	780	377	290	307	409	251	396	282	258	299	210	185	97	121	124	139	117	177	64	84	74	70	101	63	55	114	43	37	69	22	50	32	15	15	15	32	15	15	11	38	17	17	6	5	10	7	5	7	23	9	3	7	1	3	7	2	3	4	5	3	1	0	5	1	4	1	2	1	2	3	2	2	3	0	0	2	0	4	0	0	0	0	0	0	0	1	0	0	0	0	0	0	0	0	0	0	0	4	1	0	0	1	0	0	0	0	0	0	0	0	0	0	0	0	0	0	0	0	0	1	0	0	0	0	0
0.03	south33_active	80	30599	9242	2933	3135	3834	3094	973	1461	1262	1059	642	474	977	839	384	300	483	335	469	163	140	158	238	114	246	148	125	201	137	116	43	49	64	88	63	113	29	56	38	38	47	31	33	75	20	19	44	12	26	16	5	9	4	18	10	8	7	24	10	11	2	4	3	2	1	6	15	6	1	2	1	2	2	0	0	3	3	2	0	0	5	0	4	1	0	1	1	3	0	2	3	0	0	1	0	0	0	0	0	0	0	0	0	0	0	0	0	0	0	0	0	0	0	0	0	3	0	0	0	0	0	0	0	0	0	0	0	0	0	0	0	0	0	0	0	0	0	0	0	0	0	0	0
0.03	south34_all	80	49290	16041	6509	5903	6598	5287	2133	2670	2348	1885	1304	971	1596	1325	761	594	809	593	782	356	319	324	392	251	400	279	241	284	222	180	106	114	114	164	141	175	54	84	80	81	106	56	56	114	41	38	62	28	60	45	15	13	14	25	14	19	21	26	15	20	7	3	11	9	7	11	13	5	4	7	0	3	3	5	2	4	4	5	0	2	5	2	4	1	1	2	2	2	1	1	4	1	0	1	2	3	1	0	0	0	4	0	0	2	0	1	0	0	0	0	0	0	0	0	0	3	1	0	0	2	0	0	0	0	0	0	0	0	0	0	0	0	0	0	0	0	0	1	0	0	0	0	0
0.03	south34_active	80	30949	9282	2973	3118	3997	3152	958	1488	1317	1086	649	465	964	874	380	305	460	321	464	158	149	163	227	116	253	144	126	174	127	103	44	50	61	102	89	110	25	55	44	50	61	24	29	84	23	20	36	17	29	24	6	5	4	10	6	13	12	20	6	12	3	2	3	4	3	9	9	5	2	4	0	2	0	2	2	3	2	3	0	2	5	1	4	1	0	1	2	2	0	1	4	1	0	0	1	0	1	0	0	0	3	0	0	0	0	1	0	0	0	0	0	0	0	0	0	3	0	0	0	1	0	0	0	0	0	0	0	0	0	0	0	0	0	0	0	0	0	0	0	0	0	0	0
0.03	south35_all	80	48865	15839	6586	5890	6530	5323	2165	2694	2358	1886	1315	982	1513	1329	765	583	840	611	809	350	325	348	403	260	438	272	220	268	231	171	111	104	100	147	164	179	67	92	71	82	99	60	73	94	49	31	55	29	71	47	17	15	13	16	14	20	20	23	16	21	7	4	10	6	10	12	10	3	4	7	2	5	3	6	2	3	4	5	0	3	4	2	7	1	2	2	2	3	1	1	2	3	0	0	2	1	2	1	0	0	5	1	0	1	0	1	0	0	3	0	0	0	0	0	0	3	1	0	0	1	0	0	0	0	0	0	0	0	0	0	0	0	0	0	0	0	0	0	0	0	0	0	0
0.03	south35_active	80	30468	9104	3027	3135	3972	3115	958	1519	1352	1083	679	460	893	848	382	300	469	352	490	162	140	174	233	120	290	155	123	152	126	94	43	44	55	97	109	99	30	53	36	48	66	28	43	61	28	18	32	17	41	28	8	7	6	6	4	11	11	17	7	12	2	2	5	3	7	8	4	3	2	6	0	3	1	2	2	3	2	3	0	2	4	1	2	1	2	0	2	3	0	1	2	3	0	0	1	0	1	1	0	0	4	0	0	0	0	1	0	0	3	0	0	0	0	0	0	3	1	0	0	1	0	0	0	0	0	0	0	0	0	0	0	0	0	0	0	0	0	0	0	0	0	0	0
0.03	south36_all	80	49230	15907	6538	5956	6489	5424	2153	2657	2351	1934	1347	936	1579	1326	782	620	807	637	805	336	320	330	390	261	471	281	227	264	226	167	113	88	118	175	182	191	60	86	63	75	92	59	81	95	44	32	52	36	57	39	24	21	15	17	16	23	18	22	13	16	9	6	9	6	13	21	8	6	7	8	2	6	5	5	4	4	4	2	1	3	2	2	8	1	3	2	1	2	1	1	2	3	1	0	2	1	3	3	0	0	5	1	0	1	0	2	0	0	3	0	0	0	0	0	1	0	1	0	0	2	0	0	0	0	0	0	0	0	0	0	0	0	0	0	0	0	1	0	0	0	0	0	0
0.03	south36_active	80	30816	9023	2956	3214	3895	3178	977	1515	1391	1092	702	439	979	854	390	316	433	344	481	154	142	155	242	130	302	164	121	134	117	90	38	34	66	112	128	102	27	49	31	47	66	27	46	61	28	18	23	19	41	24	15	11	8	8	7	12	9	15	5	9	5	2	4	3	9	11	2	4	6	7	0	4	1	3	4	3	2	1	0	2	2	1	2	0	2	0	1	1	1	1	2	3	1	0	1	0	2	2	0	0	4	0	0	0	0	1	0	0	3	0	0	0	0	0	0	0	1	0	0	2	0	0	0	0	0	0	0	0	0	0	0	0	0	0	0	0	1	0	0	0	0	0	0
0.03	south37_all	80	49005	15905	6514	5987	6394	5357	2158	2668	2329	1891	1343	926	1583	1286	779	626	862	670	812	352	336	353	392	263	445	285	223	302	225	158	111	92	130	164	164	189	66	77	65	100	102	63	81	101	43	27	60	37	51	40	23	16	15	21	19	22	16	35	14	17	13	8	9	5	12	21	12	5	8	8	3	4	7	4	3	4	6	0	3	3	0	0	9	1	4	3	0	3	1	0	0	2	1	0	2	1	2	3	1	0	1	1	0	0	0	2	0	0	4	0	0	0	0	0	1	0	1	0	0	1	0	0	0	0	0	0	0	0	0	0	0	0	0	0	0	0	1	0	0	0	0	0	0
0.03	south37_active	80	30631	8931	2904	3259	3865	3210	958	1491	1364	1083	715	430	984	818	398	307	504	349	513	164	148	160	245	131	292	164	125	158	123	87	46	35	71	108	107	93	28	41	28	57	69	29	40	64	21	14	33	22	34	21	13	8	7	10	10	11	6	27	7	9	6	2	5	2	9	10	4	2	5	7	0	3	2	2	3	1	3	0	1	2	0	0	3	0	2	0	0	1	1	0	0	2	1	0	1	0	1	2	0	0	1	0	0	0	0	1	0	0	3	0	0	0	0	0	0	0	1	0	0	1	0	0	0	0	0	0	0	0	0	0	0	0	0	0	0	0	1	0	0	0	0	0	0
0.03	south38_all	80	49291	16219	6559	6043	6283	5302	2132	2619	2263	1917	1340	956	1598	1320	778	617	861	649	845	378	336	363	407	287	453	283	236	284	213	153	114	91	127	186	157	194	68	66	65	91	114	63	70	91	39	30	88	31	41	40	24	18	20	22	27	16	11	27	18	15	13	6	10	6	12	17	13	8	8	6	3	3	8	5	6	3	8	0	6	2	0	2	2	1	3	2	1	3	1	0	0	0	1	0	2	2	2	4	3	0	0	1	0	1	0	2	0	0	1	0	0	0	0	0	1	0	0	0	1	1	0	0	0	2	0	0	0	0	0	0	0	0	0	0	0	0	1	0	0	0	0	0	0
0.03	south38_active	80	30954	9213	2910	3308	3774	3244	946	1465	1281	1098	705	450	991	845	390	299	512	337	540	176	153	169	261	148	288	154	135	155	124	72	51	37	68	117	99	104	33	42	33	53	65	33	32	61	19	15	66	17	26	21	14	9	9	12	17	5	4	22	7	10	6	0	4	3	6	8	6	4	5	6	2	3	3	3	3	0	2	0	3	1	0	2	1	0	0	1	0	1	1	0	0	0	1	0	1	0	1	3	0	0	0	0	0	1	0	1	0	0	0	0	0	0	0	0	0	0	0	0	0	1	0	0	0	2	0	0	0	0	0	0	0	0	0	0	0	0	1	0	0	0	0	0	0
0.03	south39_all	80	48904	16319	6541	6015	6287	5188	2145	2613	2286	1825	1357	969	1570	1292	771	616	860	595	850	374	344	366	431	294	463	249	238	318	198	153	121	108	104	213	139	177	64	67	73	102	135	66	58	89	47	30	79	24	32	40	26	15	19	21	29	17	15	29	20	17	14	8	8	7	12	11	13	6	9	5	6	3	6	4	6	5	11	1	8	2	0	4	2	1	4	2	1	2	1	0	0	0	0	0	2	3	0	1	4	0	0	0	1	2	0	2	0	0	1	0	0	0	0	0	0	0	0	0	1	0	0	0	0	2	0	0	0	0	0	0	0	0	0	0	0	0	1	0	0	0	0	0	0
0.03	south39_active	80	30837	9335	2945	3229	3781	3247	940	1457	1267	1059	717	446	963	836	401	315	515	297	524	181	152	184	271	147	304	134	139	203	112	76	61	49	54	136	87	103	32	42	35	62	72	27	19	62	28	15	69	15	9	18	14	7	7	13	17	6	7	24	5	11	5	2	3	3	5	6	5	2	5	3	5	2	2	2	2	2	2	0	4	1	0	3	1	0	1	1	0	1	1	0	0	0	0	0	1	2	0	1	0	0	0	0	0	2	0	1	0	0	0	0	0	0	0	0	0	0	0	0	0	0	0	0	0	2	0	0	0	0	0	0	0	0	0	0	0	0	1	0	0	0	0	0	0
0.03	south40_all	80	49102	16227	6524	6063	6296	5157	2175	2553	2242	1874	1347	1036	1510	1283	782	648	832	578	843	382	334	341	415	293	476	254	241	312	181	167	121	110	109	211	144	177	61	73	70	95	144	74	38	88	41	30	89	21	33	33	22	18	17	27	24	16	17	28	21	10	12	9	10	8	12	10	9	6	10	7	6	4	3	4	12	4	8	4	7	2	0	4	2	1	3	1	3	2	0	0	0	1	0	0	6	3	0	1	4	0	0	0	1	2	0	0	0	0	0	0	2	0	0	0	0	1	0	0	1	0	0	0	0	2	0	0	0	0	0	0	0	0	2	0	0	0	1	0	0	0	0	0	0
0.03	south40_active	80	30885	9394	2945	3195	3822	3193	956	1438	1247	1102	712	480	910	816	408	338	483	307	536	186	147	170	258	149	295	153	131	195	96	89	60	50	55	137	84	102	34	51	36	58	75	36	12	55	27	18	77	12	12	14	14	8	5	20	17	7	7	21	6	5	5	3	3	4	5	5	5	2	7	3	5	2	2	3	5	2	0	3	5	1	0	3	2	0	2	1	0	1	0	0	0	1	0	0	6	2	0	1	0	0	0	0	0	2	0	0	0	0	0	0	2	0	0	0	0	1	0	0	0	0	0	0	0	2	0	0	0	0	0	0	0	0	2	0	0	0	1	0	0	0	0	0	0
