label	Group	numOtus	Otu0	Otu1	Otu2	Otu3	Otu4	Otu5	Otu6	Otu7	Otu8	Otu9	Otu10	Otu11	Otu12	Otu13	Otu14	Otu15	Otu16	Otu17	Otu18	Otu19	Otu20	Otu21	Otu22	Otu23	Otu24	Otu25	Otu26	Otu27	Otu28	Otu29	Otu30	Otu31	Otu32	Otu33	Otu34	Otu35	Otu36	Otu37	Otu38	Otu39	Otu40	Otu41	Otu42	Otu43	Otu44	Otu45	Otu46	Otu47	Otu48	Otu49	Otu50	Otu51	Otu52	Otu53	Otu54	Otu55	Otu56	Otu57	Otu58	Otu59	Otu60	Otu61	Otu62	Otu63	Otu64	Otu65	Otu66	Otu67	Otu68	Otu69	Otu70	Otu71	Otu72	Otu73	Otu74	Otu75	Otu76	Otu77	Otu78	Otu79	Otu80	Otu81	Otu82	Otu83	Otu84	Otu85	Otu86	Otu87	Otu88	Otu89	Otu90	Otu91	Otu92	Otu93	Otu94	Otu95	Otu96	Otu97	Otu98	Otu99	Otu100	Otu101	Otu102	Otu103	Otu104	Otu105	Otu106	Otu107	Otu108	Otu109	Otu110	Otu111	Otu112	Otu113	Otu114	Otu115	Otu116	Otu117	Otu118	Otu119	Otu120	Otu121	Otu122	Otu123	Otu124	Otu125	Otu126	Otu127	Otu128	Otu129	Otu130	Otu131	Otu132	Otu133	Otu134	Otu135	Otu136	Otu137	Otu138	Otu139	Otu140	Otu141	Otu142	Otu143
0.03	north1_all	80	48523	11637	8581	7634	4314	3770	3011	3763	2082	1532	1302	1940	967	1705	776	774	722	487	485	450	481	332	410	273	268	229	239	149	196	241	266	125	102	121	91	103	100	155	141	78	62	115	53	49	54	93	33	47	64	74	85	17	23	33	23	17	31	17	27	13	13	25	28	6	15	13	8	7	6	17	5	1	4	0	1	7	8	2	7	2	7	3	1	2	4	0	5	0	0	2	2	1	5	0	0	2	1	0	1	0	0	0	1	0	0	1	1	0	0	0	0	0	0	0	0	0	0	2	1	0	0	0	0	1	0	2	0	0	0	0	0	0	0	0	0	1	0	0	0	0	0	0	0	0
0.03	north1_active	80	39303	2611	4270	5187	1998	2082	1656	2920	1122	573	464	1534	345	1425	344	478	407	176	150	205	277	144	276	90	112	59	123	71	116	148	211	36	20	58	14	41	67	136	116	29	21	101	24	37	9	83	14	31	53	65	78	1	6	30	5	8	29	11	23	4	5	13	20	3	3	5	7	4	2	14	0	1	1	0	0	5	6	2	0	0	6	1	0	0	4	0	1	0	0	1	1	1	4	0	0	2	0	0	0	0	0	0	0	0	0	1	0	0	0	0	0	0	0	0	0	0	0	0	1	0	0	0	0	1	0	2	0	0	0	0	0	0	0	0	0	0	0	0	0	0	0	0	0	0
0.03	north2_all	80	48612	11753	8522	7626	4378	3782	3040	3700	2026	1583	1300	1956	941	1681	757	789	704	509	481	424	439	342	396	247	262	220	206	153	176	223	208	118	112	129	94	100	107	206	138	76	62	97	53	43	48	109	26	49	73	78	66	21	22	33	26	18	27	15	31	10	12	17	34	7	14	10	10	8	8	16	3	3	3	2	1	7	7	2	5	2	3	3	2	2	3	0	4	0	1	0	4	2	5	0	0	2	0	1	0	0	0	0	1	2	0	1	1	0	0	0	0	0	1	0	0	0	0	2	1	0	0	0	0	1	0	2	0	0	0	0	0	0	0	0	0	0	0	0	0	0	0	0	0	0
0.03	north2_active	80	39436	2623	4192	5162	1988	2110	1649	2886	1087	588	459	1562	352	1413	335	507	369	174	140	183	241	131	257	77	105	50	103	74	115	134	153	36	22	70	19	47	68	181	113	32	22	81	23	29	8	96	8	31	62	68	59	3	8	30	8	7	23	9	29	2	5	11	29	2	3	4	9	6	3	12	0	2	2	1	0	5	6	2	0	0	1	1	0	0	3	0	1	0	0	0	3	2	4	0	0	2	0	1	0	0	0	0	0	2	0	1	1	0	0	0	0	0	1	0	0	0	0	0	1	0	0	0	0	1	0	2	0	0	0	0	0	0	0	0	0	0	0	0	0	0	0	0	0	0
0.03	north3_all	80	48553	11795	8488	7588	4318	3771	3104	3750	2036	1569	1311	1966	956	1602	735	812	669	525	466	442	398	350	411	261	256	213	198	167	201	188	208	130	108	130	92	100	108	218	147	77	60	99	66	54	41	92	31	42	65	90	72	21	21	60	19	23	31	16	31	9	13	14	27	10	8	12	12	10	4	7	1	5	3	2	2	8	7	4	4	2	2	2	3	2	2	0	4	0	1	0	2	2	4	0	0	1	0	1	2	0	0	0	1	2	0	1	2	0	0	2	0	0	1	0	0	0	0	1	1	0	0	0	0	1	0	0	0	0	0	0	0	0	0	0	0	0	0	0	0	0	1	0	0	0
0.03	north3_active	80	39437	2581	4158	5116	1961	2099	1671	2938	1107	574	465	1575	351	1323	330	520	372	181	135	197	242	151	269	85	105	43	92	79	125	117	158	39	18	72	22	43	72	195	121	29	24	83	21	36	9	81	11	27	58	73	67	5	8	57	8	11	26	10	30	1	5	9	23	3	0	5	10	8	1	4	1	4	2	1	0	6	7	3	0	0	0	0	0	0	1	0	1	0	0	0	2	1	3	0	0	1	0	1	1	0	0	0	0	2	0	1	2	0	0	1	0	0	1	0	0	0	0	0	1	0	0	0	0	1	0	0	0	0	0	0	0	0	0	0	0	0	0	0	0	0	0	0	0	0
0.03	north4_all	80	47612	11775	8449	7303	4232	3754	3003	3514	2008	1551	1294	1930	1015	1561	743	793	674	537	471	423	375	358	391	256	257	220	209	177	197	190	234	138	100	120	89	102	108	230	152	62	57	142	63	63	47	95	31	41	40	79	85	18	17	57	20	26	20	13	37	7	12	11	16	15	6	8	14	12	3	5	5	6	4	4	2	2	6	2	4	2	5	3	3	5	2	1	5	0	3	0	2	3	1	0	0	0	0	1	3	0	0	1	0	2	0	0	3	0	0	2	1	0	1	0	1	0	0	1	0	0	0	0	0	0	0	0	0	0	0	0	0	0	0	0	0	0	0	0	0	0	1	0	0	0
0.03	north4_active	80	38145	2575	4062	4739	1873	2069	1574	2729	1100	568	452	1534	368	1269	324	502	368	183	133	174	215	161	255	69	106	44	105	75	117	113	163	43	16	65	20	40	76	206	122	23	21	128	22	40	12	82	10	26	34	65	79	6	4	54	10	10	15	8	35	0	2	4	13	3	1	4	11	8	1	3	1	3	1	1	0	2	6	1	0	1	3	0	0	3	1	1	1	0	0	0	2	1	1	0	0	0	0	1	2	0	0	0	0	2	0	0	2	0	0	1	1	0	1	0	1	0	0	0	0	0	0	0	0	0	0	0	0	0	0	0	0	0	0	0	0	0	0	0	0	0	0	0	0	0
0.03	north5_all	80	45636	11801	8371	6983	4241	3720	2930	3397	1924	1468	1282	1855	1024	1559	717	762	661	541	439	428	401	345	387	286	249	204	216	188	236	159	225	141	95	102	89	99	100	241	133	65	54	147	60	60	45	80	33	50	44	79	73	22	17	68	23	27	22	16	29	10	15	19	7	16	9	9	9	14	3	9	6	13	4	6	2	2	4	3	5	2	4	3	3	5	2	1	3	0	2	1	2	2	1	0	0	0	0	0	8	0	0	1	0	0	0	0	3	0	0	2	1	0	0	0	1	0	0	1	0	0	0	0	0	0	0	0	0	0	0	0	0	0	0	0	0	0	0	0	0	0	1	0	0	0
0.03	north5_active	80	35819	2630	3913	4389	1781	2016	1483	2554	1013	515	444	1428	352	1205	287	449	366	179	118	177	232	154	249	71	100	35	105	76	127	91	145	43	14	52	16	40	75	216	106	21	16	133	16	36	13	66	10	32	37	67	65	6	4	63	10	13	16	8	26	0	2	12	4	2	1	3	7	5	1	6	2	9	0	1	1	2	1	1	1	1	3	0	1	3	0	1	1	0	0	0	2	0	1	0	0	0	0	0	7	0	0	0	0	0	0	0	2	0	0	1	1	0	0	0	1	0	0	0	0	0	0	0	0	0	0	0	0	0	0	0	0	0	0	0	0	0	0	0	0	0	0	0	0	0
0.03	north6_all	80	43254	11866	8138	6831	4267	3543	2844	3317	1928	1477	1282	1757	993	1490	694	739	624	503	454	401	439	339	384	267	265	198	226	190	203	164	249	120	97	96	83	90	102	186	125	61	56	132	45	52	45	82	33	44	44	59	77	19	21	44	23	26	17	14	29	15	19	16	15	19	7	5	12	12	3	7	8	19	5	6	1	2	5	2	4	5	3	1	2	3	3	2	2	0	3	1	1	1	2	0	0	1	0	1	7	0	0	1	0	0	0	0	2	0	0	1	1	0	0	0	2	0	0	1	0	1	6	0	0	0	0	0	0	0	0	0	0	0	0	1	0	0	0	0	1	0	0	0	0	0
0.03	north6_active	80	33147	2721	3661	4083	1697	1793	1403	2451	990	513	410	1307	320	1122	271	415	330	165	124	153	229	147	240	62	104	40	110	65	104	89	165	34	15	49	15	39	74	159	95	17	16	121	16	29	10	70	9	26	34	51	69	4	5	37	10	10	10	6	21	0	3	9	10	3	1	1	8	4	1	4	3	12	0	0	1	1	2	1	2	1	3	0	1	3	1	1	1	0	0	0	1	0	1	0	0	0	0	0	6	0	0	0	0	0	0	0	1	0	0	0	1	0	0	0	2	0	0	0	0	0	6	0	0	0	0	0	0	0	0	0	0	0	0	1	0	0	0	0	1	0	0	0	0	0
0.03	north7_all	80	41348	11960	7945	6561	4347	3514	2846	3148	1891	1451	1328	1670	965	1463	725	738	657	473	440	398	433	319	341	274	277	203	215	185	212	144	241	112	108	97	82	78	102	168	106	59	57	101	52	41	39	68	32	45	62	46	46	23	22	52	18	19	16	20	23	15	19	16	19	16	10	5	10	11	3	13	5	17	3	4	1	3	6	2	3	4	2	0	1	0	4	2	1	0	3	1	2	1	1	0	1	1	0	1	5	0	0	0	0	0	0	0	0	0	0	0	1	0	0	0	1	0	0	1	0	1	6	0	0	0	0	0	0	0	1	0	0	0	0	1	0	0	0	0	1	0	0	0	0	0
0.03	north7_active	80	31110	2871	3452	3834	1693	1755	1355	2227	912	470	415	1219	306	1118	259	391	333	144	106	145	223	132	201	59	107	49	98	64	111	68	169	32	16	48	18	34	67	145	81	18	17	92	14	19	7	51	10	27	47	41	39	4	6	43	7	6	11	8	14	0	3	10	13	5	3	0	5	5	1	7	4	12	1	0	1	2	3	1	2	0	0	0	1	0	2	1	0	0	0	0	2	0	0	0	0	0	0	0	5	0	0	0	0	0	0	0	0	0	0	0	1	0	0	0	1	0	0	0	0	0	6	0	0	0	0	0	0	0	1	0	0	0	0	1	0	0	0	0	1	0	0	0	0	0
0.03	north8_all	80	43429	11902	8102	6861	4345	3608	2974	3332	1910	1472	1361	1789	984	1463	728	735	679	512	467	398	455	336	328	261	255	195	228	183	214	156	238	103	116	96	80	75	103	155	104	61	58	92	44	54	36	92	36	41	63	50	42	20	26	57	19	10	15	17	27	17	17	12	20	16	11	3	8	8	1	12	5	14	5	2	1	5	5	2	1	3	2	2	0	1	3	1	1	0	3	0	2	0	1	0	2	7	0	1	0	0	0	0	0	0	0	0	0	0	0	0	2	0	0	0	1	0	0	0	0	2	6	0	0	0	0	0	0	0	1	0	0	0	0	1	0	0	0	0	1	0	0	0	0	0
0.03	north8_active	80	33495	2777	3731	4209	1759	1853	1483	2443	917	505	463	1372	311	1135	295	415	340	168	110	155	263	148	195	62	99	50	98	63	128	72	179	28	22	48	16	30	71	133	75	23	26	88	12	29	7	73	12	26	46	47	34	5	7	49	7	2	10	7	20	1	3	5	14	7	2	0	4	5	0	6	4	8	1	0	0	1	4	1	1	0	0	0	0	1	2	0	0	0	0	0	2	0	0	0	0	6	0	0	0	0	0	0	0	0	0	0	0	0	0	0	2	0	0	0	1	0	0	0	0	0	6	0	0	0	0	0	0	0	1	0	0	0	0	1	0	0	0	0	1	0	0	0	0	0
0.03	north9_all	80	45670	11877	8167	7125	4333	3629	3068	3419	1964	1467	1332	1871	1004	1423	770	773	664	502	459	402	436	322	332	259	267	205	210	179	212	152	225	105	114	99	98	80	132	137	113	62	57	110	39	68	38	100	39	42	67	41	64	17	25	43	18	9	15	14	27	17	12	14	16	11	11	4	6	6	3	13	10	8	4	3	3	5	5	1	0	2	5	3	0	1	2	0	2	0	4	0	1	7	0	2	2	7	1	1	0	1	2	0	0	0	0	0	0	1	0	0	2	0	0	0	1	0	0	0	0	1	0	0	0	0	0	0	0	0	1	0	0	0	0	0	0	0	0	0	1	0	0	0	0	0
0.03	north9_active	80	36201	2736	3962	4557	1850	1923	1600	2573	982	499	464	1456	344	1101	319	446	338	172	119	169	267	144	211	58	97	55	95	74	118	74	167	33	24	52	18	32	94	109	84	28	24	104	13	40	8	84	17	26	55	39	58	4	6	39	6	5	14	6	25	2	1	7	11	6	2	0	3	2	2	7	10	1	1	1	1	1	4	0	0	1	0	1	0	1	1	0	0	0	1	0	1	7	0	1	0	7	0	0	0	0	0	0	0	0	0	0	0	0	0	0	2	0	0	0	1	0	0	0	0	0	0	0	0	0	0	0	0	0	1	0	0	0	0	0	0	0	0	0	1	0	0	0	0	0
0.03	north10_all	80	47746	11841	8375	7318	4310	3737	3160	3683	2046	1513	1276	1914	995	1410	798	806	607	550	460	399	422	361	341	272	258	219	218	181	201	150	206	106	106	99	106	71	141	161	153	73	51	130	39	68	36	90	40	45	67	45	75	14	15	42	22	16	19	11	25	14	9	14	11	14	12	7	6	6	5	12	12	7	5	2	4	4	2	1	1	1	3	4	1	1	2	0	2	1	2	0	1	7	0	2	2	17	1	2	0	1	2	1	0	0	0	1	1	1	0	0	2	0	0	0	0	0	0	0	0	1	0	0	0	0	0	0	0	0	0	0	0	0	0	0	1	0	0	0	0	0	0	0	0	0
0.03	north10_active	80	38579	2659	4203	4867	1936	2023	1716	2897	1054	549	460	1514	355	1104	336	503	324	211	135	178	249	150	226	71	112	55	103	76	113	82	155	39	19	56	25	23	114	136	126	31	19	118	15	44	7	78	18	32	58	40	67	3	3	37	7	8	18	7	23	3	0	7	8	6	1	2	4	2	3	9	10	1	1	1	1	0	1	0	1	1	0	1	0	1	2	0	1	0	1	0	1	7	0	1	0	17	0	0	0	0	0	1	0	0	0	0	1	0	0	0	2	0	0	0	0	0	0	0	0	0	0	0	0	0	0	0	0	0	0	0	0	0	0	0	0	0	0	0	0	0	0	0	0	0
0.03	north11_all	80	48708	11840	8500	7475	4363	3737	3133	3582	1979	1551	1293	1996	1003	1712	762	812	627	576	430	462	432	337	389	235	260	209	206	186	195	212	247	120	116	93	108	85	105	162	181	64	75	95	45	55	45	122	42	26	82	69	50	24	18	22	12	13	29	12	28	23	7	29	35	6	8	7	10	6	6	19	6	3	5	5	4	5	5	4	4	0	3	3	1	5	2	3	3	3	0	2	4	3	1	5	2	4	1	0	0	2	0	0	0	1	0	6	0	0	0	0	2	1	0	0	0	1	0	1	0	0	0	0	0	0	0	0	0	3	0	1	0	0	0	0	0	0	0	0	0	0	0	0	0	0
0.03	north11_active	80	39509	2514	4297	5031	1988	2074	1729	2832	1042	605	469	1547	359	1444	341	478	364	197	142	196	249	126	254	57	106	43	107	88	134	133	204	37	23	52	32	34	75	145	154	28	34	76	15	31	11	113	20	17	70	64	44	4	6	17	5	3	25	7	21	5	2	25	23	2	2	4	9	0	1	18	4	1	1	1	1	2	5	0	2	0	3	3	0	2	1	2	0	2	0	2	4	3	1	5	0	4	0	0	0	2	0	0	0	1	0	6	0	0	0	0	2	1	0	0	0	1	0	0	0	0	0	0	0	0	0	0	0	3	0	1	0	0	0	0	0	0	0	0	0	0	0	0	0	0
0.03	north12_all	80	48654	11821	8481	7738	4331	3683	3111	3639	2009	1504	1348	1984	1041	1742	796	892	647	553	437	463	473	327	384	238	259	210	195	200	209	181	218	135	119	85	114	91	117	178	180	64	73	106	43	44	44	124	40	25	102	41	57	28	21	35	13	14	24	13	22	22	9	34	23	10	7	8	8	8	8	26	8	6	5	4	2	2	6	3	3	1	7	4	3	3	2	2	2	3	0	1	8	5	2	4	2	4	1	0	0	2	0	0	0	1	0	6	0	0	0	0	2	1	0	0	0	0	0	1	0	0	3	0	0	0	0	0	0	3	0	1	0	0	0	0	1	0	0	0	0	0	0	0	0	0
0.03	north12_active	80	39389	2545	4296	5266	1956	2024	1691	2914	1095	599	497	1538	383	1468	353	547	391	210	142	200	280	138	253	56	108	46	103	95	145	100	170	43	30	40	34	43	75	159	160	26	35	82	18	24	9	113	21	15	90	34	51	8	8	28	6	4	20	7	17	4	2	31	11	3	1	3	7	1	4	25	6	2	1	1	0	0	6	0	2	0	6	2	0	2	1	1	0	2	0	1	8	5	1	4	0	4	0	0	0	2	0	0	0	1	0	6	0	0	0	0	2	1	0	0	0	0	0	0	0	0	3	0	0	0	0	0	0	3	0	1	0	0	0	0	1	0	0	0	0	0	0	0	0	0
0.03	north13_all	80	48242	11787	8516	7595	4348	3736	3004	3528	1999	1464	1343	2021	1009	1686	758	846	660	527	437	442	484	331	407	241	259	203	203	198	213	185	213	125	124	93	110	96	124	184	201	59	64	92	46	40	38	106	33	27	96	52	52	24	20	50	16	17	25	16	19	21	10	31	29	10	11	9	3	12	9	13	6	8	6	8	0	1	8	2	3	1	7	3	4	1	1	4	2	2	0	3	10	5	1	2	1	5	1	0	3	0	0	0	0	2	0	3	0	0	0	2	3	2	1	0	0	0	0	1	0	0	3	1	0	0	0	0	0	3	0	1	0	0	0	0	1	0	0	0	0	0	0	0	0	0
0.03	north13_active	80	38987	2551	4347	5175	1978	2031	1654	2834	1096	605	509	1573	361	1405	328	532	392	214	141	200	279	138	274	48	106	49	112	92	150	97	157	38	29	40	35	45	77	162	178	24	28	70	19	22	7	97	16	16	84	43	45	8	6	42	8	5	21	9	17	2	2	26	18	3	3	5	3	4	4	12	4	3	1	4	0	1	8	0	1	0	5	0	1	1	1	1	0	2	0	3	10	5	0	2	0	5	0	0	3	0	0	0	0	1	0	3	0	0	0	2	2	2	0	0	0	0	0	0	0	0	3	0	0	0	0	0	0	3	0	1	0	0	0	0	1	0	0	0	0	0	0	0	0	0
0.03	north14_all	80	47364	11806	8362	7426	4336	3707	2930	3470	2020	1482	1311	2002	969	1615	781	819	664	501	462	433	471	329	387	229	259	222	215	197	224	186	213	127	125	101	98	105	134	172	184	53	56	97	57	61	34	95	39	35	87	47	60	25	24	68	17	21	29	20	16	16	14	23	31	8	15	11	3	10	8	13	8	11	7	8	3	2	5	2	1	1	5	5	4	4	1	3	1	0	0	3	11	2	2	1	1	1	0	0	3	0	0	0	1	2	0	0	0	0	1	6	1	2	1	0	0	0	0	0	0	0	3	1	1	0	0	0	0	0	0	0	0	0	0	0	1	0	0	0	0	0	0	0	0	0
0.03	north14_active	80	37960	2663	4131	4965	1900	2046	1548	2731	1063	565	484	1585	340	1327	330	517	367	206	136	178	255	135	243	50	119	61	101	85	144	101	153	35	28	45	31	47	87	150	156	19	17	80	20	34	7	83	22	23	76	35	52	9	6	62	9	5	24	9	15	3	4	18	22	4	4	5	3	4	4	12	6	6	4	3	0	1	5	0	0	0	3	1	1	2	0	0	0	0	0	3	10	2	1	1	0	1	0	0	3	0	0	0	0	1	0	0	0	0	1	6	0	2	0	0	0	0	0	0	0	0	3	0	0	0	0	0	0	0	0	0	0	0	0	0	1	0	0	0	0	0	0	0	0	0
0.03	north15_all	80	45424	11782	8213	7252	4186	3591	2824	3369	2003	1484	1247	2021	916	1514	761	766	617	485	437	439	446	325	419	221	262	218	204	185	232	165	209	108	116	118	95	99	127	112	161	45	54	84	58	66	38	70	41	32	81	45	50	29	17	87	18	24	26	16	14	14	14	25	26	3	17	14	7	8	6	13	7	8	6	9	3	2	8	1	2	0	3	3	2	7	2	5	2	0	0	3	4	2	1	2	1	1	0	3	3	0	0	1	2	1	0	0	0	0	1	6	3	1	1	0	0	0	1	0	0	0	3	1	1	0	0	0	0	0	0	0	0	0	0	0	0	0	0	0	0	0	0	0	0	0
0.03	north15_active	80	35767	2727	3874	4625	1755	1923	1417	2561	991	524	452	1605	319	1217	322	471	324	182	124	182	238	131	257	49	108	56	92	75	139	92	154	31	24	55	25	42	79	91	131	15	16	69	18	42	10	60	22	18	73	34	43	9	2	78	9	5	22	6	10	2	4	16	25	3	6	7	4	4	2	11	5	6	3	3	0	1	7	0	0	0	0	1	1	2	0	0	0	0	0	2	2	2	1	2	1	1	0	2	3	0	0	0	0	0	0	0	0	0	1	6	2	1	0	0	0	0	1	0	0	0	3	0	0	0	0	0	0	0	0	0	0	0	0	0	0	0	0	0	0	0	0	0	0	0
0.03	north16_all	80	43461	11952	8090	6781	4128	3555	2746	3196	1994	1471	1236	1915	921	1482	759	719	631	501	435	444	428	335	412	233	248	219	186	196	236	162	192	118	115	122	100	85	118	109	159	56	57	83	61	81	35	84	45	27	64	41	54	29	15	79	22	25	25	17	21	18	15	25	23	6	13	13	13	5	6	10	7	8	4	6	4	3	5	1	3	0	3	4	2	11	3	6	2	0	1	3	2	0	2	7	1	0	0	3	0	3	1	1	2	0	0	0	0	0	1	4	2	1	0	0	0	1	1	0	0	0	1	0	1	1	1	0	0	0	0	0	0	0	0	0	0	0	0	0	0	0	0	0	0	0
0.03	north16_active	80	33438	2865	3692	4140	1661	1835	1318	2352	953	501	421	1508	295	1155	313	398	321	185	113	177	235	127	248	52	98	54	77	78	138	89	143	32	29	59	25	32	81	91	130	21	19	65	17	52	10	72	23	15	56	33	47	7	4	69	10	6	22	7	15	2	4	15	20	4	6	7	9	4	2	8	4	7	3	1	0	1	4	0	0	0	1	1	2	6	0	0	0	0	1	2	0	0	1	7	1	0	0	2	0	2	0	0	0	0	0	0	0	0	1	4	2	1	0	0	0	1	1	0	0	0	0	0	0	0	0	0	0	0	0	0	0	0	0	0	0	0	0	0	0	0	0	0	0	0
0.03	north17_all	80	43187	11848	8171	6592	4134	3563	2740	3235	1980	1473	1273	1905	950	1490	728	720	658	526	419	462	412	344	368	248	273	209	170	198	230	159	198	105	121	122	96	84	116	105	129	64	52	79	58	66	38	98	45	24	82	62	63	31	13	59	22	29	30	15	20	18	13	26	18	9	7	7	15	6	10	6	4	9	3	6	4	2	7	1	5	0	6	3	3	12	2	4	2	0	1	1	1	1	1	6	1	0	0	3	0	3	1	1	1	0	0	2	0	0	0	4	2	0	0	0	0	1	1	0	0	0	1	0	1	1	1	0	0	0	0	0	0	0	0	0	0	0	0	0	0	0	0	0	0	0
0.03	north17_active	80	33074	2764	3698	3998	1658	1812	1312	2328	951	488	409	1466	329	1160	289	396	323	191	97	184	217	128	200	64	104	53	71	75	136	94	147	31	28	63	23	31	75	83	98	20	18	61	16	41	11	88	23	11	67	53	54	8	4	47	8	10	26	12	13	2	4	17	15	5	5	2	10	4	6	5	2	7	1	0	0	0	5	0	1	0	2	1	1	8	0	0	1	0	1	0	0	0	0	6	1	0	0	2	0	2	0	0	0	0	0	2	0	0	0	4	2	0	0	0	0	1	1	0	0	0	0	0	0	0	0	0	0	0	0	0	0	0	0	0	0	0	0	0	0	0	0	0	0	0
0.03	north18_all	80	45793	11850	8355	6772	4216	3674	2864	3412	2037	1471	1285	1881	943	1477	740	782	684	553	433	468	409	344	393	274	299	206	184	203	220	161	214	106	111	128	96	91	116	125	139	60	55	122	58	50	35	96	51	36	79	54	71	27	9	43	22	24	43	16	23	16	12	17	13	13	14	6	11	8	8	6	5	9	4	7	2	2	4	4	6	0	8	3	4	7	3	3	3	0	2	0	2	1	1	5	0	0	1	0	0	3	1	1	1	0	0	2	0	0	0	0	0	0	0	0	0	1	1	0	0	0	1	0	0	1	1	0	1	0	0	0	0	0	0	0	0	0	0	0	0	0	0	0	0	0
0.03	north18_active	80	35898	2681	3971	4284	1762	1944	1427	2532	1046	532	439	1478	331	1195	317	439	356	196	112	196	207	139	231	79	118	50	83	94	132	99	172	29	30	69	27	41	83	102	112	21	27	106	23	30	6	89	22	25	64	45	61	7	2	33	7	11	33	12	20	1	2	13	10	6	10	2	7	4	4	4	4	4	2	1	0	0	3	1	1	0	3	1	1	6	1	0	1	0	1	0	0	0	0	5	0	0	1	0	0	2	0	0	0	0	0	2	0	0	0	0	0	0	0	0	0	1	1	0	0	0	0	0	0	0	0	0	1	0	0	0	0	0	0	0	0	0	0	0	0	0	0	0	0	0
0.03	north19_all	80	47992	11780	8435	7056	4221	3691	2919	3646	1973	1482	1334	1966	928	1484	755	802	680	543	457	453	449	357	384	287	291	202	205	202	204	167	254	100	110	116	92	91	124	155	138	59	58	132	51	39	44	82	49	37	92	67	76	28	16	26	21	19	36	19	21	13	14	14	13	10	15	6	8	7	7	6	4	18	4	4	4	4	7	4	7	1	8	4	6	6	2	1	2	0	2	0	1	9	1	0	3	0	1	0	0	1	0	1	0	0	0	2	2	0	0	0	0	0	0	0	0	0	0	0	0	0	1	0	0	0	0	0	1	0	0	0	0	0	0	0	0	0	0	0	0	0	1	0	0	0
0.03	north19_active	80	38455	2543	4134	4660	1816	1993	1518	2780	1062	549	490	1568	339	1228	334	478	362	187	121	189	238	140	226	82	124	52	94	96	112	102	201	28	27	62	28	39	87	123	112	25	29	115	21	23	9	77	22	26	78	56	62	12	3	19	6	9	25	13	17	1	2	10	12	4	8	2	6	3	5	5	3	13	2	1	0	0	6	1	1	0	5	1	3	4	1	0	1	0	1	0	0	8	1	0	2	0	1	0	0	0	0	0	0	0	0	2	0	0	0	0	0	0	0	0	0	0	0	0	0	0	0	0	0	0	0	0	1	0	0	0	0	0	0	0	0	0	0	0	0	0	1	0	0	0
0.03	north20_all	80	48874	11864	8450	7375	4286	3800	2985	3807	2043	1499	1381	1958	901	1599	787	814	657	540	454	460	472	363	406	279	281	212	235	200	208	180	285	112	110	116	85	84	149	195	128	45	54	125	53	40	37	95	49	33	106	56	84	30	19	26	20	16	48	18	12	16	15	20	9	13	16	11	7	7	6	8	3	18	4	5	4	3	7	5	5	2	7	2	4	4	2	1	2	0	1	0	1	8	1	1	3	0	1	0	0	0	0	1	0	1	0	2	2	0	0	0	0	0	0	0	0	0	0	0	0	0	0	0	0	0	0	0	1	0	0	0	0	0	0	0	1	0	0	0	0	0	1	1	0	0
0.03	north20_active	80	39729	2528	4189	4951	1875	2089	1612	2994	1131	563	530	1575	336	1357	354	487	367	188	127	198	259	145	248	72	126	53	108	96	118	106	239	39	30	56	28	33	115	164	103	22	28	103	23	21	7	90	20	26	97	42	73	12	5	23	8	5	38	11	11	4	3	16	7	3	7	5	5	3	4	7	2	12	2	2	0	1	6	1	0	0	4	1	2	1	1	0	0	0	0	0	0	8	1	0	2	0	1	0	0	0	0	0	0	0	0	2	0	0	0	0	0	0	0	0	0	0	0	0	0	0	0	0	0	0	0	0	1	0	0	0	0	0	0	0	0	0	0	0	0	0	1	0	0	0
0.03	south21_all	80	48093	11882	8424	7123	4242	3765	3013	3624	2087	1551	1327	2037	919	1554	802	785	712	530	462	438	403	364	405	285	282	227	225	180	215	180	209	101	109	119	94	61	129	145	146	56	72	109	38	45	48	85	34	53	58	59	71	27	16	51	14	9	28	29	27	15	15	40	15	8	9	10	14	8	11	13	10	5	5	5	6	2	9	2	2	4	2	3	2	4	4	2	1	1	1	7	0	1	0	1	4	1	0	0	3	1	1	1	0	0	0	0	1	0	6	0	0	0	1	0	0	0	0	0	0	0	0	0	0	0	0	0	1	4	0	0	0	0	0	0	0	0	0	0	0	0	0	0	0	0
0.03	south21_active	80	38830	2625	4321	4763	1827	2111	1665	2815	1109	592	472	1613	319	1272	380	462	411	209	130	184	228	159	230	72	115	44	104	72	126	116	170	25	26	64	25	28	97	130	131	20	27	95	15	25	11	78	9	33	53	49	64	8	2	43	5	3	27	21	23	2	4	28	10	2	4	6	12	5	4	8	5	2	3	3	0	0	7	0	0	2	0	1	1	2	2	0	0	1	0	6	0	1	0	1	2	1	0	0	2	0	0	0	0	0	0	0	0	0	6	0	0	0	0	0	0	0	0	0	0	0	0	0	0	0	0	0	0	4	0	0	0	0	0	0	0	0	0	0	0	0	0	0	0	0
0.03	south22_all	80	48384	11886	8490	7225	4274	3758	2927	3622	2139	1563	1308	2000	911	1614	806	813	735	522	466	444	434	356	388	283	275	220	227	191	200	200	211	93	111	124	103	70	126	223	162	61	76	102	39	44	42	78	40	47	58	63	59	25	18	70	13	11	27	28	22	14	15	29	14	8	11	7	7	7	10	17	12	7	4	4	6	2	9	1	2	2	2	2	3	2	4	2	1	0	2	2	1	1	0	1	4	2	0	1	3	0	2	1	0	1	0	0	1	0	1	0	0	1	1	0	0	0	0	0	0	0	0	0	0	0	0	0	1	4	0	0	0	0	0	0	0	0	0	0	0	0	0	0	0	0
0.03	south22_active	80	39197	2656	4435	4858	1885	2134	1617	2832	1182	608	461	1609	348	1331	371	487	421	196	131	188	255	158	230	77	127	42	105	75	119	128	161	27	23	62	22	28	90	208	138	22	28	83	14	24	8	72	10	29	51	49	48	8	2	62	5	5	22	20	17	4	6	25	9	1	6	5	7	4	3	12	6	4	1	1	0	0	8	0	0	0	0	1	1	1	2	0	0	0	2	2	1	1	0	1	2	1	0	1	3	0	1	0	0	1	0	0	0	0	1	0	0	0	0	0	0	0	0	0	0	0	0	0	0	0	0	0	0	4	0	0	0	0	0	0	0	0	0	0	0	0	0	0	0	0
0.03	south23_all	80	48605	12061	8530	7268	4375	3751	2972	3643	2113	1526	1302	2081	912	1603	795	859	688	497	451	459	465	330	379	258	276	216	226	202	201	195	229	98	101	124	100	81	139	263	160	57	74	98	42	46	44	61	42	50	51	38	58	25	21	55	13	13	33	29	28	22	15	22	16	7	10	4	8	6	10	23	6	5	4	6	6	2	15	1	5	3	4	4	3	2	3	2	1	1	2	2	1	1	0	0	2	1	0	1	5	4	1	2	0	1	0	0	1	0	0	0	0	1	1	0	0	0	0	0	0	0	0	0	0	0	0	0	1	4	4	0	0	0	0	0	0	0	0	6	0	0	0	0	0	0
0.03	south23_active	80	39503	2682	4460	4931	1942	2145	1606	2833	1148	592	455	1713	351	1335	370	514	391	188	120	209	278	151	228	69	117	47	110	77	118	128	183	29	21	60	18	28	103	247	138	21	26	81	16	25	8	54	14	32	43	28	47	8	4	49	5	5	28	19	23	8	4	20	11	1	6	1	8	5	2	20	4	3	0	0	0	0	14	0	1	0	3	1	1	1	3	0	0	1	2	2	1	1	0	0	1	0	0	1	4	4	1	0	0	1	0	0	0	0	0	0	0	0	0	0	0	0	0	0	0	0	0	0	0	0	0	0	0	4	4	0	0	0	0	0	0	0	0	6	0	0	0	0	0	0
0.03	south24_all	80	47917	11945	8384	7359	4344	3833	3007	3591	2098	1508	1317	2095	928	1585	802	843	699	465	434	446	495	324	368	276	287	189	209	183	177	192	237	112	104	120	102	84	133	244	148	55	66	97	51	53	34	54	41	37	51	46	65	26	17	55	14	14	34	21	27	17	9	3	16	8	9	3	7	10	8	17	5	7	3	6	4	1	13	1	7	5	5	7	2	1	2	2	4	1	2	2	1	0	0	0	1	1	0	1	3	4	1	1	0	1	1	1	0	0	1	0	0	1	0	0	0	0	0	0	0	0	0	0	0	0	0	0	0	4	4	0	0	0	0	0	0	0	0	6	0	0	0	0	0	0
0.03	south24_active	80	38979	2624	4318	4991	1910	2159	1612	2770	1143	603	470	1699	357	1320	358	527	388	179	118	200	294	149	227	67	117	47	110	67	105	117	196	36	23	61	23	26	97	222	124	21	25	69	20	28	8	43	20	21	42	38	53	8	3	50	2	7	27	10	23	7	2	2	12	1	6	0	5	8	2	14	3	3	0	0	0	0	13	0	1	0	4	1	1	0	2	0	2	1	2	1	1	0	0	0	1	0	0	1	2	4	1	0	0	1	1	0	0	0	1	0	0	0	0	0	0	0	0	0	0	0	0	0	0	0	0	0	0	4	4	0	0	0	0	0	0	0	0	6	0	0	0	0	0	0
0.03	south25_all	80	48014	11789	8356	7456	4314	3809	2976	3507	2058	1507	1312	2123	931	1562	809	843	702	491	427	441	483	324	386	276	280	201	205	194	186	204	244	127	93	120	101	91	125	228	140	54	56	115	58	55	36	81	30	37	43	41	47	26	16	47	17	15	20	18	22	16	10	4	29	7	10	10	7	9	9	16	4	5	3	6	2	2	21	1	6	3	6	6	0	0	2	2	4	1	2	2	0	0	0	0	0	2	0	1	2	4	2	1	0	0	1	1	0	0	1	0	0	1	0	0	0	0	0	0	0	0	0	0	0	0	0	0	0	0	4	0	0	0	0	0	0	0	0	6	0	0	0	0	0	0
0.03	south25_active	80	39020	2580	4192	5047	1941	2132	1591	2671	1134	591	457	1704	353	1286	354	546	396	196	126	208	293	163	235	68	120	51	108	72	112	125	204	39	23	60	20	27	92	203	111	21	22	82	23	30	9	67	17	24	34	30	37	10	3	41	3	7	17	10	18	6	4	3	26	2	5	3	5	6	5	13	2	2	1	1	1	1	21	0	1	0	5	0	0	0	2	0	2	1	1	1	0	0	0	0	0	1	0	0	1	4	1	0	0	0	1	0	0	0	1	0	0	0	0	0	0	0	0	0	0	0	0	0	0	0	0	0	0	0	4	0	0	0	0	0	0	0	0	6	0	0	0	0	0	0
0.03	south26_all	80	48142	11792	8179	7428	4248	3802	3012	3494	2076	1544	1317	1984	925	1530	837	854	731	502	440	467	476	338	375	282	270	202	199	199	187	194	246	132	122	121	95	79	117	186	131	57	65	124	53	62	40	107	34	37	40	61	64	23	14	34	20	13	23	13	17	8	9	9	22	7	10	12	11	12	8	7	6	5	3	4	1	3	15	3	3	2	3	3	0	0	1	2	4	1	2	2	1	0	0	0	0	1	0	2	1	4	2	0	1	0	1	1	0	1	1	0	0	0	0	0	0	0	0	0	0	0	0	0	0	0	0	0	0	0	4	0	0	0	0	0	0	0	0	0	0	0	0	0	0	0
0.03	south26_active	80	39151	2588	4064	4990	1951	2114	1634	2678	1136	622	472	1558	341	1232	357	561	428	194	140	207	298	176	223	71	115	48	103	86	106	112	214	37	27	67	20	24	89	157	103	26	27	93	24	39	10	89	16	28	28	52	55	8	1	27	3	4	19	7	12	2	3	7	21	2	5	3	7	9	5	6	2	3	1	1	1	2	15	1	0	0	2	0	0	0	1	0	2	1	1	1	1	0	0	0	0	1	0	0	1	4	1	0	0	0	1	0	0	1	1	0	0	0	0	0	0	0	0	0	0	0	0	0	0	0	0	0	0	0	4	0	0	0	0	0	0	0	0	0	0	0	0	0	0	0
0.03	south27_all	80	48217	11672	8370	7483	4233	3837	3027	3542	2060	1491	1332	2076	939	1554	821	825	732	539	464	496	438	332	383	288	250	219	217	203	207	187	221	109	122	128	92	75	124	160	145	68	67	122	44	64	36	100	41	32	54	55	54	20	20	38	17	14	25	13	31	11	11	12	31	10	9	13	9	11	7	8	8	4	4	4	3	4	15	2	2	1	1	1	1	1	1	0	1	0	2	1	4	2	0	1	1	1	0	3	0	1	2	0	2	0	1	0	0	2	0	0	0	0	0	1	0	0	0	0	0	0	0	0	0	0	0	0	0	0	0	0	0	0	0	0	0	0	0	0	0	0	0	0	0	0
0.03	south27_active	80	39163	2553	4189	5009	1904	2178	1702	2714	1139	587	478	1660	315	1252	350	525	406	195	159	220	280	167	239	78	112	54	115	98	125	118	183	27	33	70	21	25	83	132	120	27	26	95	19	40	10	84	17	25	39	44	48	7	4	33	4	3	22	7	24	3	3	10	28	4	5	5	5	7	4	6	3	3	1	1	1	2	15	1	0	0	1	0	1	0	1	0	0	0	1	1	4	0	0	0	0	1	0	0	0	0	1	0	0	0	1	0	0	2	0	0	0	0	0	1	0	0	0	0	0	0	0	0	0	0	0	0	0	0	0	0	0	0	0	0	0	0	0	0	0	0	0	0	0	0
0.03	south28_all	80	48044	11684	8494	7475	4304	3893	3048	3510	2052	1574	1313	2092	966	1664	837	878	750	529	460	499	454	328	379	283	240	216	214	202	206	187	228	102	131	128	90	87	137	165	150	61	60	173	56	53	39	80	39	31	52	57	54	26	23	44	12	13	22	9	33	10	9	25	28	10	9	9	11	9	5	6	9	8	4	4	3	4	8	3	1	1	1	0	2	1	1	1	3	0	2	1	7	3	1	1	5	0	0	2	0	1	2	0	2	0	1	0	0	2	0	5	0	0	0	1	1	0	0	0	0	0	0	0	0	0	0	0	0	0	0	0	1	0	0	0	0	0	0	0	0	0	0	0	0	0
0.03	south28_active	80	38889	2546	4306	4997	1926	2207	1708	2680	1120	623	486	1692	319	1345	374	560	418	190	159	219	297	160	245	69	110	49	104	91	127	119	194	27	29	70	25	36	88	139	136	25	18	152	23	32	11	65	16	25	38	51	48	7	5	38	3	3	18	4	27	1	2	11	24	6	3	2	7	5	1	5	3	5	1	0	1	2	8	1	0	0	1	0	1	0	1	0	0	0	1	1	7	0	1	0	4	0	0	0	0	0	1	0	0	0	0	0	0	2	0	5	0	0	0	1	0	0	0	0	0	0	0	0	0	0	0	0	0	0	0	0	1	0	0	0	0	0	0	0	0	0	0	0	0	0
0.03	south29_all	80	48252	11753	8606	7451	4333	3843	3005	3524	1989	1586	1327	2060	953	1548	814	843	729	498	466	522	418	324	386	255	246	215	204	196	213	185	242	112	124	141	92	90	133	178	215	58	56	168	53	57	37	79	41	36	46	49	62	30	27	41	10	16	18	6	26	9	8	24	25	7	6	7	11	10	6	9	9	6	2	3	4	5	11	2	1	2	8	0	2	1	3	2	2	0	0	0	7	3	1	1	5	2	0	1	0	1	1	0	2	0	1	7	0	1	0	5	1	0	0	1	1	0	0	0	0	0	0	0	0	0	0	0	0	0	0	0	1	1	0	0	0	0	0	0	0	0	0	0	0	0
0.03	south29_active	80	39017	2541	4382	4972	1902	2109	1689	2689	1056	591	498	1670	311	1269	372	529	405	170	150	243	260	147	256	68	100	43	99	85	132	117	195	34	35	78	28	39	80	152	196	23	20	149	19	35	14	68	18	26	35	44	53	9	6	37	3	7	13	3	23	1	0	10	21	5	2	2	7	5	0	7	3	2	0	1	0	2	11	0	0	0	8	0	1	0	2	0	0	0	0	0	7	0	1	0	4	1	0	0	0	0	1	0	0	0	0	7	0	1	0	5	0	0	0	1	0	0	0	0	0	0	0	0	0	0	0	0	0	0	0	0	1	0	0	0	0	0	0	0	0	0	0	0	0	0
0.03	south30_all	80	48812	11901	8463	7382	4329	3721	3027	3548	2028	1572	1335	2004	959	1544	801	845	682	482	432	477	456	319	366	247	230	201	215	189	209	202	238	124	111	130	93	101	116	198	203	55	47	180	55	43	36	78	47	39	81	44	42	24	27	42	12	14	25	11	25	10	6	24	26	6	8	5	17	8	10	5	10	5	1	5	5	4	7	3	3	2	8	0	3	1	2	3	2	0	0	3	4	1	1	0	5	2	0	1	2	2	0	0	0	0	1	7	0	0	0	5	1	0	0	0	1	0	0	0	0	0	0	0	0	0	0	0	0	0	0	0	1	1	0	0	0	0	0	0	0	0	0	0	0	0
0.03	south30_active	80	39458	2563	4313	4870	1906	2005	1693	2694	1053	590	493	1631	334	1271	367	532	389	164	123	225	287	140	241	64	84	37	108	80	128	128	198	42	30	66	31	39	75	172	189	24	18	160	17	23	11	67	26	27	72	40	31	7	5	37	5	7	16	5	21	1	0	9	22	4	3	0	13	3	2	4	7	2	0	1	0	2	7	0	2	0	8	0	1	0	1	0	0	0	0	3	3	0	1	0	5	1	0	0	2	0	0	0	0	0	0	7	0	0	0	5	0	0	0	0	0	0	0	0	0	0	0	0	0	0	0	0	0	0	0	0	1	0	0	0	0	0	0	0	0	0	0	0	0	0
0.03	south31_all	80	48306	11864	8569	7514	4396	3730	3027	3647	2092	1544	1302	2063	972	1743	843	806	660	496	497	419	437	339	409	254	241	199	236	207	204	206	232	122	105	123	102	87	134	154	116	66	64	99	42	66	38	82	35	36	54	59	66	29	27	15	27	21	17	20	38	9	12	18	11	7	14	7	6	10	6	8	9	10	3	6	4	5	10	8	1	1	4	2	3	2	3	2	1	4	0	5	2	1	1	4	2	1	1	1	1	0	0	1	0	0	0	0	0	2	0	0	0	0	0	0	0	4	0	0	1	0	0	0	0	0	0	0	0	0	0	0	0	0	1	0	1	0	0	0	0	1	0	0	0	0
0.03	south31_active	80	39199	2546	4315	5042	1980	2066	1674	2840	1131	578	460	1660	370	1462	384	496	377	181	153	160	267	164	258	70	100	49	118	96	130	135	170	38	21	60	24	29	114	136	97	31	23	84	12	52	9	78	13	24	48	46	61	5	8	13	13	8	15	7	36	1	4	16	10	6	6	0	4	5	3	6	8	6	0	0	1	3	7	4	0	0	2	2	0	2	1	0	0	4	0	2	1	0	1	4	2	1	1	1	1	0	0	1	0	0	0	0	0	1	0	0	0	0	0	0	0	4	0	0	1	0	0	0	0	0	0	0	0	0	0	0	0	0	1	0	1	0	0	0	0	1	0	0	0	0
0.03	south32_all	80	48701	11818	8510	7559	4323	3797	2969	3643	2073	1521	1342	2014	975	1827	811	813	668	504	460	437	445	341	416	241	222	215	236	192	243	202	218	119	119	117	106	82	113	150	135	54	52	124	46	56	35	89	38	37	34	61	56	30	19	31	28	20	16	19	41	13	10	21	13	6	10	3	10	9	7	20	6	10	4	6	4	5	12	3	2	1	4	1	2	3	3	1	0	1	1	4	1	1	2	4	2	1	1	1	13	0	0	1	0	0	0	0	0	3	0	0	0	2	0	0	0	4	0	1	1	0	0	0	0	0	0	0	0	0	0	0	0	0	0	0	1	0	0	0	0	1	0	0	0	0
0.03	south32_active	80	39606	2533	4275	5090	1875	2091	1619	2821	1118	554	501	1629	347	1522	376	514	388	185	156	199	274	164	263	63	96	47	129	86	165	128	158	42	24	56	25	29	91	127	118	20	23	105	14	38	7	83	13	24	32	52	50	7	4	30	11	6	12	5	38	1	2	19	11	4	4	0	6	4	4	19	4	7	0	0	1	1	10	1	1	0	2	1	0	3	1	0	0	1	0	2	0	0	2	4	2	1	1	1	13	0	0	1	0	0	0	0	0	1	0	0	0	0	0	0	0	4	0	0	1	0	0	0	0	0	0	0	0	0	0	0	0	0	0	0	1	0	0	0	0	1	0	0	0	0
0.03	south33_all	80	48183	11878	8483	7570	4313	3831	2943	3601	2195	1476	1302	2134	971	1687	792	821	672	503	439	432	437	330	426	244	238	210	232	183	262	193	236	116	111	92	99	97	109	157	137	51	61	129	45	52	43	81	43	34	45	45	38	32	18	50	25	17	14	18	33	16	13	19	10	7	7	5	11	10	6	24	5	6	4	4	6	5	10	3	5	1	1	0	2	2	1	2	0	1	2	3	0	1	2	0	1	1	0	1	12	0	0	1	0	0	0	0	0	2	0	0	0	2	0	0	1	4	0	2	1	0	0	1	1	0	0	0	2	0	0	0	0	0	0	0	0	0	0	0	0	1	0	0	0	0
0.03	south33_active	80	38951	2563	4262	5118	1906	2104	1615	2767	1187	550	488	1739	347	1390	369	514	383	178	146	187	261	153	271	68	105	41	126	80	183	121	183	41	27	41	21	33	97	136	122	18	22	113	14	32	8	75	20	22	41	37	31	7	6	46	10	9	10	7	29	2	3	15	9	2	3	1	8	4	3	22	4	3	0	0	1	0	9	1	3	0	1	0	0	2	0	0	0	1	0	2	0	0	2	0	0	1	0	1	12	0	0	1	0	0	0	0	0	1	0	0	0	0	0	0	1	4	0	0	1	0	0	0	0	0	0	0	2	0	0	0	0	0	0	0	0	0	0	0	0	1	0	0	0	0
0.03	south34_all	80	48037	11866	8583	7410	4390	3850	3007	3521	2104	1500	1313	2074	996	1632	777	843	670	478	439	440	442	341	415	263	239	215	266	175	241	217	241	124	94	100	83	89	119	158	175	49	66	118	52	51	40	128	43	46	42	38	70	23	18	61	18	10	18	13	20	16	15	19	20	8	7	9	14	7	3	33	3	9	4	4	7	5	6	3	5	1	2	4	4	3	3	3	1	3	2	1	1	0	3	1	1	0	0	0	12	6	1	0	0	0	1	0	0	1	0	0	0	2	0	0	1	4	0	2	1	0	0	1	1	0	0	0	2	0	0	0	0	0	0	0	0	0	0	0	0	0	0	0	0	0
0.03	south34_active	80	38852	2515	4234	4962	1941	2152	1677	2721	1126	562	499	1672	338	1335	348	526	379	166	140	211	273	153	270	77	106	44	147	80	168	146	191	40	22	43	17	33	94	133	154	17	26	97	20	29	6	117	20	33	36	32	63	9	5	57	7	5	13	6	17	2	3	15	18	2	3	3	11	4	1	29	1	7	0	0	0	0	4	3	4	0	2	0	1	1	2	0	0	3	0	0	0	0	1	0	0	0	0	0	12	6	0	0	0	0	1	0	0	0	0	0	0	0	0	0	1	4	0	0	1	0	0	0	0	0	0	0	2	0	0	0	0	0	0	0	0	0	0	0	0	0	0	0	0	0
0.03	south35_all	80	49154	11810	8525	7593	4427	3791	3051	3591	2157	1520	1288	2085	1000	1719	786	864	652	501	458	435	447	363	390	289	256	232	261	186	200	242	258	128	94	113	75	85	131	186	175	56	78	119	52	54	37	103	39	58	56	49	80	21	21	63	20	18	15	12	17	12	17	9	26	8	9	11	13	8	6	17	3	11	6	2	4	6	6	2	5	2	1	5	3	3	4	4	3	6	1	1	1	0	3	1	2	0	0	0	0	6	1	1	0	0	1	0	0	0	0	0	0	1	0	0	1	0	0	1	0	0	0	1	1	0	0	0	2	0	0	0	0	0	0	0	0	0	0	0	0	0	0	0	0	0
0.03	south35_active	80	39878	2526	4198	5071	2012	2133	1729	2782	1138	581	485	1670	338	1413	353	547	362	171	145	203	281	163	261	74	118	51	140	82	134	162	208	43	24	46	17	31	102	161	154	25	30	96	18	32	5	91	20	43	45	39	74	6	7	59	9	5	11	8	13	2	4	5	23	2	3	3	12	4	2	14	0	10	2	0	0	0	4	2	3	0	1	1	1	0	2	1	0	5	0	0	0	0	1	0	0	0	0	0	0	6	0	1	0	0	1	0	0	0	0	0	0	0	0	0	1	0	0	0	0	0	0	0	0	0	0	0	2	0	0	0	0	0	0	0	0	0	0	0	0	0	0	0	0	0
0.03	south36_all	80	49333	11702	8611	7508	4497	3802	3184	3579	2071	1527	1269	2002	989	1687	824	837	693	494	452	402	448	378	369	319	247	242	243	190	199	226	243	144	97	115	72	78	139	188	217	55	64	139	53	42	32	102	43	58	90	54	87	18	20	59	20	19	23	12	23	9	15	7	26	6	12	10	9	9	8	33	3	11	6	3	3	4	10	4	5	2	2	5	3	4	11	3	3	6	1	2	2	0	4	1	1	10	0	0	0	6	1	1	1	0	1	0	0	0	1	0	0	0	1	0	1	0	1	1	0	0	0	1	1	2	0	0	2	0	0	0	0	0	0	0	0	0	0	0	0	0	0	0	0	0
0.03	south36_active	80	40237	2559	4282	4989	2053	2133	1776	2743	1099	566	468	1583	345	1388	377	523	385	179	139	204	290	171	246	78	120	50	120	90	138	152	193	48	25	50	16	30	102	158	203	25	24	116	20	27	4	88	19	44	80	45	84	5	4	55	8	6	19	6	19	1	4	4	24	2	8	3	8	5	2	30	0	11	2	1	0	0	9	4	3	1	2	1	1	0	9	1	0	5	0	0	1	0	0	0	0	10	0	0	0	6	0	1	1	0	1	0	0	0	0	0	0	0	1	0	1	0	1	0	0	0	0	0	0	1	0	0	2	0	0	0	0	0	0	0	0	0	0	0	0	0	0	0	0	0
0.03	south37_all	80	49424	11745	8562	7487	4361	3857	3028	3736	2070	1532	1255	2008	975	1717	813	839	710	517	462	415	417	395	379	286	262	247	227	187	194	207	242	132	105	126	73	74	139	198	183	62	58	137	54	41	37	87	39	53	107	59	102	19	13	49	20	18	40	13	33	11	17	6	34	8	12	8	8	9	10	21	4	8	4	5	3	2	13	4	4	2	3	5	1	3	9	2	2	6	0	1	1	1	3	0	1	10	0	0	0	6	1	1	1	0	0	0	0	0	1	0	0	0	1	0	0	0	1	0	0	0	0	0	0	4	0	0	0	0	0	0	0	0	0	0	0	0	0	0	0	0	0	0	0	0
0.03	south37_active	80	40254	2547	4294	5041	1965	2138	1651	2898	1108	568	462	1580	354	1418	379	526	393	185	144	209	269	187	261	59	126	49	104	87	128	131	191	41	27	67	20	29	109	175	170	27	21	116	19	26	6	72	15	40	97	47	100	5	2	43	6	5	37	6	29	0	5	4	32	3	7	2	6	6	3	20	1	8	2	1	0	0	13	4	2	1	2	2	0	0	7	2	0	5	0	0	1	0	0	0	0	10	0	0	0	6	0	1	1	0	0	0	0	0	0	0	0	0	1	0	0	0	1	0	0	0	0	0	0	1	0	0	0	0	0	0	0	0	0	0	0	0	0	0	0	0	0	0	0	0
0.03	south38_all	80	48719	11712	8623	7449	4353	3824	3156	3770	2110	1533	1234	2109	938	1662	794	841	738	516	452	429	406	368	363	257	257	239	223	198	196	182	241	142	105	142	74	82	151	191	149	58	52	133	46	39	40	65	40	50	117	52	71	22	14	51	20	11	42	17	32	12	20	10	18	9	13	7	9	6	7	24	7	6	3	5	3	4	12	3	5	3	2	2	1	4	11	2	0	2	0	1	2	1	3	0	0	14	0	1	0	0	0	0	1	1	0	0	0	1	1	0	3	0	1	0	0	0	1	0	0	0	0	0	0	4	0	0	0	0	0	0	0	1	0	0	0	0	0	0	0	0	0	0	0	1
0.03	south38_active	80	39598	2526	4338	5043	1961	2128	1740	2933	1180	587	447	1679	352	1347	389	515	416	177	137	215	242	174	243	61	115	42	91	91	117	108	190	46	27	83	20	34	116	168	133	22	20	109	17	24	8	51	12	36	110	42	67	6	2	45	7	4	36	12	27	0	4	8	17	5	7	3	5	5	2	23	5	6	0	1	0	1	12	3	3	3	1	2	0	0	9	2	0	1	0	0	2	0	0	0	0	14	0	0	0	0	0	0	1	0	0	0	0	0	0	0	3	0	1	0	0	0	1	0	0	0	0	0	0	1	0	0	0	0	0	0	0	1	0	0	0	0	0	0	0	0	0	0	0	0
0.03	south39_all	80	48104	11853	8529	7389	4353	3949	3045	3807	2052	1583	1276	2027	920	1533	791	829	712	523	431	433	406	356	371	253	240	231	241	208	177	159	283	119	115	146	72	89	128	195	88	73	50	82	46	40	37	88	37	47	85	48	89	28	15	34	15	6	47	16	30	16	15	12	17	10	9	8	7	8	7	19	8	4	3	5	3	2	8	2	3	4	1	4	2	3	4	2	1	2	1	0	1	3	1	0	0	14	1	1	0	0	0	0	0	1	0	0	0	1	1	0	3	0	0	0	0	0	0	0	0	0	0	0	0	3	0	0	0	0	0	0	1	1	0	0	0	0	1	0	0	1	0	0	1	1
0.03	south39_active	80	38947	2547	4219	5036	1959	2221	1698	2968	1136	609	446	1631	342	1248	386	517	426	175	135	215	239	162	246	64	97	44	113	99	98	91	228	36	35	87	15	35	98	174	70	30	21	61	14	24	10	78	16	33	78	41	80	7	3	26	5	1	37	11	27	2	3	11	16	6	3	3	3	5	1	19	7	3	0	1	0	1	8	1	2	3	0	3	1	0	4	2	1	1	0	0	1	2	0	0	0	14	0	0	0	0	0	0	0	0	0	0	0	0	1	0	3	0	0	0	0	0	0	0	0	0	0	0	0	1	0	0	0	0	0	0	1	1	0	0	0	0	1	0	0	0	0	0	0	0
0.03	south40_all	80	48315	11751	8564	7480	4347	3855	2990	3853	2053	1561	1296	2003	985	1510	797	854	672	526	401	427	444	348	328	238	251	211	225	205	161	154	306	129	123	152	80	110	129	185	115	69	53	83	46	43	39	77	38	51	67	43	84	29	24	68	16	10	37	19	28	12	10	19	19	6	15	8	9	6	5	8	11	13	3	4	5	3	4	3	3	6	4	4	2	2	2	1	1	2	1	5	1	3	0	0	0	11	1	1	0	0	0	0	0	1	0	0	0	1	1	0	3	0	0	0	0	0	0	0	0	0	0	0	0	0	0	0	0	0	0	0	1	1	0	0	0	0	1	0	0	1	0	0	1	1
0.03	south40_active	80	39187	2503	4246	5015	1952	2181	1677	3020	1127	583	444	1629	361	1216	380	542	398	190	130	178	246	173	210	51	100	41	111	103	93	88	255	39	31	99	16	36	100	162	100	29	22	64	14	22	10	71	14	33	59	36	75	9	6	62	6	1	26	12	25	2	2	17	18	3	4	3	5	3	1	8	9	11	0	0	1	2	4	1	1	4	3	3	1	0	2	1	1	1	0	5	1	2	0	0	0	11	0	0	0	0	0	0	0	0	0	0	0	0	1	0	3	0	0	0	0	0	0	0	0	0	0	0	0	0	0	0	0	0	0	0	1	1	0	0	0	0	1	0	0	0	0	0	0	0
