label	Group	numOtus	Otu0	Otu1	Otu2	Otu3	Otu4	Otu5	Otu6	Otu7	Otu8	Otu9	Otu10	Otu11	Otu12	Otu13	Otu14	Otu15	Otu16	Otu17	Otu18	Otu19	Otu20	Otu21	Otu22	Otu23	Otu24	Otu25	Otu26	Otu27	Otu28	Otu29	Otu30	Otu31	Otu32	Otu33	Otu34	Otu35	Otu36	Otu37	Otu38	Otu39	Otu40	Otu41	Otu42	Otu43	Otu44	Otu45	Otu46	Otu47	Otu48	Otu49	Otu50	Otu51	Otu52	Otu53	Otu54	Otu55	Otu56	Otu57	Otu58	Otu59	Otu60	Otu61	Otu62	Otu63	Otu64	Otu65	Otu66	Otu67	Otu68	Otu69	Otu70	Otu71	Otu72	Otu73	Otu74	Otu75	Otu76	Otu77	Otu78	Otu79	Otu80	Otu81	Otu82	Otu83	Otu84	Otu85	Otu86	Otu87	Otu88	Otu89	Otu90	Otu91	Otu92	Otu93	Otu94	Otu95	Otu96	Otu97	Otu98	Otu99	Otu100	Otu101	Otu102	Otu103	Otu104	Otu105	Otu106	Otu107	Otu108	Otu109	Otu110	Otu111	Otu112	Otu113	Otu114	Otu115	Otu116	Otu117	Otu118	Otu119	Otu120	Otu121	Otu122	Otu123	Otu124	Otu125	Otu126	Otu127	Otu128	Otu129	Otu130	Otu131	Otu132	Otu133	Otu134	Otu135	Otu136	Otu137	Otu138	Otu139	Otu140	Otu141	Otu142	Otu143	Otu144	Otu145	Otu146	Otu147	Otu148	Otu149	Otu150	Otu151	Otu152	Otu153	Otu154	Otu155	Otu156	Otu157	Otu158	Otu159	Otu160	Otu161	Otu162	Otu163	Otu164	Otu165	Otu166	Otu167	Otu168	Otu169	Otu170	Otu171	Otu172	Otu173	Otu174	Otu175	Otu176	Otu177	Otu178
0.03	north1_all	80	26107	17270	9148	6854	4139	4663	2466	2142	1900	3232	1385	1118	1069	1190	836	737	1610	621	564	1410	497	438	742	336	833	375	456	654	317	357	161	203	151	139	138	330	109	289	95	118	97	87	86	175	73	111	65	46	86	45	103	30	27	46	51	54	90	30	34	24	22	37	34	24	22	80	16	19	13	15	24	10	14	12	6	5	19	7	9	6	11	8	5	4	23	11	2	2	1	1	2	5	4	1	5	6	4	2	2	4	6	2	1	1	3	0	1	0	11	1	0	1	1	0	8	3	1	0	2	3	1	0	1	0	1	0	0	1	0	0	2	2	1	0	0	0	1	0	0	1	0	0	0	0	0	0	1	0	1	0	0	0	0	0	0	0	0	0	0	0	0	0	0	0	0	0	0	0	0	0	0	0	1	0	0	0	1	0	1
0.03	north1_active	80	12508	12631	5510	4336	1606	3381	541	574	839	2644	322	299	227	763	174	176	1392	164	186	1280	248	180	601	90	741	252	337	570	207	281	48	76	51	24	32	302	25	250	35	37	24	32	38	156	27	66	41	24	74	10	82	4	10	32	38	39	79	10	22	13	7	29	19	13	17	72	12	6	3	6	21	3	6	7	3	3	15	0	4	4	7	4	3	0	20	6	1	2	0	0	0	2	1	0	3	6	2	2	2	1	5	2	0	1	0	0	1	0	11	1	0	0	0	0	8	1	1	0	2	3	1	0	1	0	0	0	0	1	0	0	1	2	0	0	0	0	1	0	0	0	0	0	0	0	0	0	0	0	1	0	0	0	0	0	0	0	0	0	0	0	0	0	0	0	0	0	0	0	0	0	0	0	0	0	0	0	0	0	0
0.03	north2_all	80	26138	17258	9013	6818	4056	4785	2497	2057	1978	3174	1336	1140	1056	1219	835	724	1717	624	535	1366	497	460	784	318	888	366	439	652	296	383	168	179	151	137	139	326	105	248	91	117	96	95	93	226	71	123	67	61	90	40	95	31	34	47	59	56	55	28	25	33	27	28	28	21	18	78	13	18	13	18	32	12	14	12	6	8	13	9	9	9	8	6	5	9	23	6	3	3	4	7	3	6	4	2	4	6	4	0	2	4	9	3	1	2	1	0	0	0	11	1	1	4	0	0	0	1	1	0	1	2	1	0	2	0	1	0	0	0	0	0	2	2	0	1	13	0	1	0	0	1	0	0	0	0	0	0	0	0	1	0	0	0	0	0	0	0	0	0	0	0	6	0	0	0	0	0	0	0	0	0	2	0	1	0	0	0	1	0	1
0.03	north2_active	80	12561	12573	5428	4280	1602	3434	528	558	890	2633	308	300	209	774	181	174	1512	161	185	1227	254	189	639	93	793	246	327	573	194	308	53	70	56	26	32	295	27	209	36	30	26	34	46	205	31	77	41	29	68	10	74	3	11	35	44	45	47	6	14	17	9	20	15	11	16	68	9	5	4	10	29	3	4	5	3	3	9	1	5	6	5	2	4	1	21	4	1	2	0	2	1	3	1	0	1	6	2	0	2	1	8	2	0	1	0	0	0	0	11	0	0	3	0	0	0	0	1	0	1	2	1	0	2	0	0	0	0	0	0	0	1	2	0	0	12	0	1	0	0	0	0	0	0	0	0	0	0	0	1	0	0	0	0	0	0	0	0	0	0	0	6	0	0	0	0	0	0	0	0	0	2	0	0	0	0	0	0	0	0
0.03	north3_all	80	26002	17425	9121	6929	4059	4702	2541	2052	2011	3073	1338	1144	1073	1234	824	720	1654	598	501	1209	487	446	828	321	887	379	451	641	328	383	189	191	145	127	139	330	113	206	95	109	102	87	83	235	75	100	70	56	100	38	86	33	40	44	52	56	40	24	25	30	29	24	35	21	21	76	12	18	12	14	31	14	12	13	9	8	24	10	16	11	9	4	5	8	25	3	3	8	5	8	5	4	4	2	5	0	7	2	5	3	9	2	3	2	1	0	2	2	16	2	1	4	0	0	0	3	0	0	3	1	1	0	1	0	1	0	1	1	0	0	1	4	0	1	13	0	0	0	0	0	0	0	1	1	0	0	0	0	0	0	0	0	0	0	0	0	0	0	1	0	6	0	0	0	0	0	0	0	0	0	2	0	1	0	0	0	0	1	1
0.03	north3_active	80	12543	12570	5615	4405	1590	3300	548	562	909	2536	296	315	216	792	158	178	1442	159	160	1072	242	188	698	94	793	242	342	560	226	311	59	71	56	25	32	298	40	171	31	27	26	27	39	209	37	67	39	28	71	10	67	6	12	36	39	45	33	5	15	14	12	14	22	8	18	68	9	7	3	7	25	3	2	7	4	2	23	2	9	7	7	1	2	2	24	2	0	3	0	3	2	1	3	0	1	0	6	1	5	0	8	1	2	1	0	0	2	2	15	0	0	3	0	0	0	0	0	0	3	1	1	0	1	0	0	0	1	1	0	0	1	4	0	0	12	0	0	0	0	0	0	0	0	0	0	0	0	0	0	0	0	0	0	0	0	0	0	0	1	0	6	0	0	0	0	0	0	0	0	0	2	0	0	0	0	0	0	0	0
0.03	north4_all	80	25963	17321	9039	6849	4057	4626	2507	2050	2040	3151	1324	1144	1047	1186	835	743	1803	590	519	1348	491	447	769	310	864	373	429	693	316	389	200	185	147	133	149	300	131	242	107	101	102	83	73	239	70	102	78	58	100	40	81	39	45	52	64	59	60	23	37	30	27	22	26	19	33	58	21	16	13	13	38	19	17	12	11	14	28	11	16	11	9	4	6	9	19	2	3	8	7	10	4	9	3	3	4	2	8	3	5	2	8	3	7	1	2	1	3	4	14	2	2	17	0	0	0	3	0	0	2	1	0	0	3	1	0	1	1	1	0	0	1	3	0	1	15	0	4	0	0	2	0	0	1	1	0	0	0	0	0	0	0	0	0	1	0	0	0	0	1	0	6	0	0	0	0	0	0	0	0	0	2	0	1	0	0	0	0	1	0
0.03	north4_active	80	12545	12486	5508	4318	1595	3229	593	554	909	2634	284	308	206	773	180	174	1592	156	152	1199	241	184	635	94	774	233	326	610	212	316	58	60	68	34	31	263	40	204	35	23	23	28	35	202	34	73	40	26	67	8	64	8	13	37	54	47	51	6	19	14	10	15	14	5	25	51	14	5	3	9	31	3	2	8	4	6	24	2	10	9	9	1	2	2	18	1	0	3	0	5	2	9	3	1	0	1	6	1	5	0	7	1	5	0	2	0	3	4	13	0	0	17	0	0	0	0	0	0	2	1	0	0	2	1	0	1	1	1	0	0	0	3	0	0	14	0	4	0	0	2	0	0	0	0	0	0	0	0	0	0	0	0	0	1	0	0	0	0	1	0	6	0	0	0	0	0	0	0	0	0	2	0	0	0	0	0	0	0	0
0.03	north5_all	80	25920	17369	9134	6811	4019	4630	2522	2092	2008	3303	1311	1122	1046	1294	799	746	1792	617	517	1404	482	458	714	325	849	352	394	671	326	326	193	191	150	123	151	271	133	234	106	94	118	82	72	213	64	105	93	60	94	44	74	44	43	47	73	46	76	25	43	28	24	23	31	21	40	53	23	17	15	14	34	21	20	13	12	10	27	9	15	8	17	2	4	6	6	2	4	7	7	8	4	22	3	4	3	3	9	4	3	1	8	2	7	1	2	1	5	5	13	2	1	15	0	0	0	3	0	0	2	1	1	0	2	1	0	1	1	1	0	0	2	3	0	0	14	0	4	0	0	3	0	0	1	5	0	1	0	1	0	0	0	0	0	1	0	0	0	0	1	0	0	1	0	0	0	0	0	0	0	0	2	0	0	0	0	0	0	1	0
0.03	north5_active	80	12568	12464	5569	4356	1581	3256	608	548	893	2767	285	321	202	864	171	174	1579	154	153	1254	221	187	583	101	765	209	305	593	219	248	61	59	69	32	33	235	44	200	33	20	26	26	29	176	30	78	51	22	66	8	53	12	14	33	51	32	66	4	24	17	10	16	13	6	25	48	15	4	3	8	28	2	3	8	3	5	23	2	8	5	16	1	1	1	5	1	0	3	1	7	1	22	3	2	0	1	7	1	3	0	7	1	5	0	2	0	4	5	12	0	0	15	0	0	0	0	0	0	2	1	0	0	1	1	0	1	1	1	0	0	0	3	0	0	14	0	4	0	0	3	0	0	0	0	0	1	0	0	0	0	0	0	0	1	0	0	0	0	1	0	0	0	0	0	0	0	0	0	0	0	2	0	0	0	0	0	0	0	0
0.03	north6_all	80	26010	17286	9182	6912	4042	4717	2512	2123	1944	3296	1268	1139	1010	1285	783	733	1755	631	514	1509	486	454	715	333	830	352	389	684	333	308	199	198	168	138	165	235	140	220	118	102	117	80	82	196	67	96	83	56	97	51	83	44	44	41	80	45	108	27	46	24	24	22	22	19	47	51	27	14	15	18	28	19	16	9	10	9	29	9	9	9	17	3	6	5	21	3	4	2	7	6	4	22	4	4	4	8	10	5	1	1	6	2	5	3	3	1	3	5	8	1	1	39	0	2	0	1	2	0	0	0	1	0	2	2	0	1	0	0	0	1	2	3	0	0	2	0	4	0	0	3	0	0	1	4	0	2	0	1	0	0	0	0	0	1	0	0	0	0	0	0	0	1	0	0	0	0	0	0	0	0	0	0	0	0	0	0	0	0	0
0.03	north6_active	80	12561	12437	5599	4454	1626	3335	642	546	859	2770	257	301	207	840	175	171	1549	166	157	1345	233	188	567	99	750	229	290	615	213	232	60	61	73	29	35	198	33	192	33	24	21	30	31	168	26	66	44	22	66	13	64	14	14	27	59	31	100	6	24	15	10	20	9	6	33	43	16	2	3	8	19	1	3	5	3	5	25	2	5	7	16	0	3	1	19	1	0	1	2	6	1	22	3	4	0	5	8	1	0	0	6	1	3	2	2	0	2	5	8	0	0	39	0	0	0	0	2	0	0	0	0	0	1	2	0	1	0	0	0	0	0	3	0	0	2	0	4	0	0	3	0	0	0	0	0	2	0	0	0	0	0	0	0	1	0	0	0	0	0	0	0	0	0	0	0	0	0	0	0	0	0	0	0	0	0	0	0	0	0
0.03	north7_all	80	26140	17235	9138	6887	3968	4695	2517	2134	1900	3354	1263	1139	964	1273	758	757	1641	629	545	1447	504	467	750	337	803	360	395	624	349	294	183	179	156	129	143	266	139	222	110	106	104	80	86	193	65	98	80	54	115	48	75	42	48	28	73	42	107	30	47	24	25	29	24	18	42	40	24	9	18	15	23	13	15	15	8	8	26	12	7	11	21	5	6	2	21	3	4	3	7	6	6	17	4	3	2	17	15	6	2	1	3	3	3	4	1	1	2	2	5	1	1	25	0	3	1	0	6	0	0	0	1	0	2	4	0	0	0	0	0	1	1	0	0	0	0	0	6	0	0	1	0	0	0	4	0	2	0	2	0	1	0	0	0	0	0	0	0	0	0	0	0	1	0	0	0	0	0	0	0	0	0	0	0	0	0	0	0	0	0
0.03	north7_active	80	12592	12533	5614	4436	1595	3355	625	559	853	2807	246	300	192	817	167	186	1446	167	172	1286	248	195	601	85	723	237	303	550	237	217	52	47	65	24	31	233	27	191	34	24	19	32	33	171	24	64	42	25	75	17	58	13	17	19	52	29	95	9	26	14	11	25	12	6	29	31	10	1	4	6	16	0	4	10	2	5	25	7	3	7	19	1	4	1	18	1	0	1	2	6	1	15	1	3	0	15	14	1	1	0	3	1	3	3	0	0	1	1	5	0	1	25	0	0	1	0	6	0	0	0	0	0	1	4	0	0	0	0	0	0	0	0	0	0	0	0	6	0	0	1	0	0	0	0	0	2	0	0	0	1	0	0	0	0	0	0	0	0	0	0	0	0	0	0	0	0	0	0	0	0	0	0	0	0	0	0	0	0	0
0.03	north8_all	80	26002	17421	9106	6908	3954	4656	2597	2109	1947	3285	1245	1134	987	1255	715	736	1591	593	546	1506	508	449	733	348	804	391	397	610	360	318	195	177	169	140	136	280	134	219	106	111	102	80	86	155	73	78	80	47	122	50	73	43	54	35	60	47	99	32	46	31	23	39	19	23	40	38	22	13	18	17	14	11	10	16	8	7	34	15	7	12	15	8	10	4	21	3	6	5	8	9	7	21	4	2	3	19	23	7	3	1	4	2	0	3	1	2	2	2	9	2	1	24	1	3	2	0	6	0	1	0	1	0	1	3	0	0	0	1	0	1	0	0	1	0	0	0	2	0	0	0	0	0	0	4	0	1	0	1	0	1	0	0	1	0	0	0	0	0	0	0	0	0	1	0	0	0	0	0	0	0	0	0	0	0	0	0	0	0	0
0.03	north8_active	80	12521	12698	5602	4449	1586	3304	629	560	893	2743	252	290	188	822	153	185	1403	156	178	1363	241	203	599	92	726	274	282	539	237	247	59	49	74	27	38	244	27	192	30	26	22	33	34	132	30	48	46	21	86	15	61	14	18	26	40	34	88	10	25	18	11	32	13	12	27	32	11	1	5	4	9	0	3	12	2	4	32	10	4	6	13	3	7	3	19	1	2	1	3	8	2	19	0	2	2	15	21	1	1	0	4	1	0	3	0	2	1	1	9	1	1	24	1	0	1	0	6	0	0	0	1	0	0	3	0	0	0	0	0	0	0	0	0	0	0	0	2	0	0	0	0	0	0	0	0	1	0	0	0	1	0	0	0	0	0	0	0	0	0	0	0	0	0	0	0	0	0	0	0	0	0	0	0	0	0	0	0	0	0
0.03	north9_all	80	25902	17750	9051	6694	4040	4654	2555	2131	1945	3259	1306	1177	1021	1264	723	759	1602	566	536	1523	525	428	722	349	821	426	418	620	346	349	199	167	177	144	131	367	116	230	96	96	92	86	83	147	75	83	84	49	121	51	67	43	51	39	71	44	73	37	45	32	20	46	24	16	23	71	22	11	18	12	13	10	9	14	9	11	29	14	9	8	17	10	8	4	5	2	7	6	6	9	5	9	4	3	4	15	16	4	6	2	2	3	0	1	1	2	2	1	12	3	2	0	2	3	2	0	4	0	1	0	1	1	1	3	0	0	0	1	0	0	0	0	1	0	0	0	2	0	0	0	0	0	0	0	0	1	0	1	0	1	0	0	1	0	0	0	0	0	0	0	0	0	1	0	0	0	0	0	0	0	0	0	0	0	0	0	0	0	0
0.03	north9_active	80	12471	12912	5553	4301	1633	3315	595	574	935	2742	259	293	193	835	148	179	1421	144	171	1378	242	191	588	94	736	291	292	547	241	291	54	43	79	31	39	332	26	193	29	24	17	33	32	121	28	48	47	18	89	18	55	11	18	27	58	26	59	13	29	16	9	34	17	10	18	67	12	3	7	4	9	0	3	12	1	4	26	11	4	3	14	3	5	3	3	0	2	2	3	7	1	7	1	3	2	13	15	1	4	1	2	1	0	1	0	2	1	0	12	2	2	0	1	0	1	0	4	0	0	0	1	0	0	3	0	0	0	0	0	0	0	0	0	0	0	0	2	0	0	0	0	0	0	0	0	1	0	0	0	1	0	0	0	0	0	0	0	0	0	0	0	0	0	0	0	0	0	0	0	0	0	0	0	0	0	0	0	0	0
0.03	north10_all	80	25689	17789	9126	6612	4060	4633	2514	2118	1960	3271	1353	1185	1014	1250	748	755	1602	552	542	1415	510	397	739	346	911	462	415	600	341	379	196	174	172	140	126	367	101	243	91	103	103	94	97	150	63	79	68	52	87	55	61	54	50	47	70	35	75	36	45	29	23	42	25	22	24	77	24	16	16	14	17	14	6	13	10	10	30	8	10	10	17	13	11	4	11	5	9	6	8	8	2	9	2	4	3	2	22	5	6	1	2	2	0	1	3	3	2	5	26	3	1	0	3	0	1	0	3	0	1	0	2	2	0	1	0	0	0	1	0	0	0	19	1	0	0	0	3	0	0	0	0	0	0	0	0	0	0	1	0	0	0	0	1	0	0	0	0	0	0	0	0	0	1	0	0	0	0	0	0	0	0	0	0	0	0	0	0	0	0
0.03	north10_active	80	12315	12877	5530	4240	1690	3315	593	549	934	2764	285	309	189	848	138	176	1400	135	173	1283	241	170	602	96	821	317	285	524	220	328	55	51	68	35	38	328	25	194	23	24	22	29	33	119	28	45	38	16	70	21	47	12	19	32	56	15	63	11	35	14	11	29	17	11	12	75	15	6	5	5	14	2	2	7	2	4	27	5	5	4	15	5	8	3	10	1	2	4	4	6	1	9	1	4	2	0	20	0	4	1	2	0	0	1	3	2	1	5	26	2	1	0	1	0	0	0	3	0	0	0	2	0	0	1	0	0	0	0	0	0	0	19	0	0	0	0	3	0	0	0	0	0	0	0	0	0	0	0	0	0	0	0	0	0	0	0	0	0	0	0	0	0	0	0	0	0	0	0	0	0	0	0	0	0	0	0	0	0	0
0.03	north11_all	80	25677	17188	9002	6702	4004	4633	2714	2084	1946	3383	1373	1138	1042	1247	786	706	1576	586	549	1295	507	457	745	341	958	418	437	770	313	339	195	163	169	158	129	466	82	204	114	103	76	101	84	131	69	89	68	64	102	43	78	54	43	47	48	36	119	29	16	31	18	34	25	17	43	44	14	15	16	10	29	12	9	12	15	16	15	5	9	5	43	5	10	3	20	4	10	6	7	9	4	11	4	2	1	4	13	1	4	1	4	4	5	3	2	1	1	2	1	4	0	0	1	1	5	2	5	1	0	0	2	0	2	7	3	1	0	0	0	1	1	0	2	0	0	0	0	1	0	0	0	0	0	0	0	0	1	1	0	0	0	0	0	0	1	0	0	0	0	0	0	0	0	0	0	0	3	0	0	0	0	0	0	0	0	0	0	0	0
0.03	north11_active	80	12445	12397	5470	4142	1652	3342	619	557	881	2820	272	276	197	822	137	148	1350	140	163	1155	239	171	607	89	873	302	322	688	183	275	54	55	71	34	34	415	22	176	29	19	20	37	44	110	22	51	39	22	77	12	64	16	16	31	42	22	110	7	11	18	6	18	14	5	32	42	5	6	1	5	23	0	1	9	4	6	11	0	6	2	42	1	6	1	19	1	1	3	2	6	0	8	1	0	1	3	13	0	2	0	2	1	5	1	1	1	1	0	0	2	0	0	1	0	4	0	4	0	0	0	2	0	2	6	0	1	0	0	0	0	0	0	0	0	0	0	0	0	0	0	0	0	0	0	0	0	1	0	0	0	0	0	0	0	0	0	0	0	0	0	0	0	0	0	0	0	3	0	0	0	0	0	0	0	0	0	0	0	0
0.03	north12_all	80	25815	17289	9019	6710	4031	4692	2602	2073	1934	3356	1381	1178	1071	1257	760	742	1590	586	538	1285	510	456	743	352	918	389	441	718	317	378	185	165	180	154	129	477	104	212	103	117	76	97	76	157	70	77	77	59	112	45	94	37	45	42	41	34	72	25	17	30	19	33	25	25	31	49	13	15	16	12	31	9	8	8	16	16	17	6	10	4	32	8	10	4	17	6	13	4	6	9	7	10	4	6	1	5	3	2	7	2	6	4	5	5	2	0	2	4	0	4	1	0	1	1	4	0	5	1	0	1	0	0	2	0	2	1	4	0	0	0	1	0	1	0	0	0	0	0	0	1	0	0	0	0	0	0	1	1	0	0	0	0	0	0	1	0	0	0	0	0	0	0	0	0	0	0	3	0	0	0	0	0	0	0	0	0	0	0	0
0.03	north12_active	80	12558	12443	5474	4171	1630	3348	601	561	899	2808	279	282	207	817	157	163	1374	134	168	1141	261	172	610	93	830	281	324	647	194	314	47	58	81	28	36	428	32	185	30	22	18	35	40	132	26	45	35	20	86	13	76	11	17	29	36	26	65	7	13	14	7	20	16	7	20	45	4	6	2	4	25	0	1	4	4	5	12	1	4	2	31	3	6	1	14	2	1	2	1	5	2	6	1	3	0	4	3	0	5	1	4	1	5	0	1	0	0	2	0	2	1	0	1	0	4	0	4	0	0	1	0	0	2	0	0	1	4	0	0	0	0	0	0	0	0	0	0	0	0	1	0	0	0	0	0	0	1	0	0	0	0	0	0	0	0	0	0	0	0	0	0	0	0	0	0	0	3	0	0	0	0	0	0	0	0	0	0	0	0
0.03	north13_all	80	25758	17158	8898	6747	3994	4710	2564	2074	1935	3225	1420	1187	1087	1256	780	733	1617	543	552	1206	513	433	726	346	876	407	406	673	353	400	196	161	201	151	125	490	116	222	106	114	84	91	72	175	72	82	70	62	105	38	109	35	55	48	38	39	98	37	32	34	25	45	26	27	24	42	17	14	22	13	31	13	11	17	13	10	27	12	13	5	19	6	12	8	18	9	14	4	5	11	6	16	6	8	2	6	2	2	6	2	4	2	6	5	1	0	2	4	1	3	1	1	0	0	0	1	4	0	1	1	1	0	0	0	2	1	4	0	0	1	0	0	1	0	0	0	1	1	0	1	0	0	0	0	1	0	1	1	0	0	0	0	0	0	1	0	0	0	0	0	0	0	0	0	0	0	3	0	0	0	0	0	0	0	0	0	0	0	0
0.03	north13_active	80	12611	12364	5442	4221	1624	3418	546	583	903	2687	298	279	214	811	156	169	1408	138	167	1061	254	171	602	101	786	288	298	611	218	336	48	49	84	33	42	442	35	192	32	23	15	33	37	151	24	43	31	22	82	8	94	10	22	33	32	26	89	12	22	21	11	33	15	10	18	35	9	6	3	3	27	2	2	10	5	2	22	1	3	4	17	3	9	1	15	5	2	1	0	9	2	13	1	6	1	4	1	0	5	2	2	0	5	1	0	0	0	2	0	2	1	1	0	0	0	1	3	0	0	1	0	0	0	0	0	1	4	0	0	1	0	0	0	0	0	0	1	1	0	1	0	0	0	0	0	0	1	0	0	0	0	0	0	0	0	0	0	0	0	0	0	0	0	0	0	0	3	0	0	0	0	0	0	0	0	0	0	0	0
0.03	north14_all	80	25759	17553	9182	6863	3943	4954	2529	2074	1914	3213	1396	1188	1069	1229	796	735	1645	557	551	1257	513	407	745	357	766	410	426	647	356	417	187	179	192	135	129	442	127	212	111	123	99	99	76	172	70	92	74	76	117	38	111	37	49	58	37	53	92	37	40	37	26	43	24	24	28	53	22	15	19	16	31	11	12	21	15	10	19	14	11	5	20	6	7	8	16	10	8	2	4	8	7	15	7	8	4	18	4	1	7	2	3	2	6	14	0	0	3	3	1	0	2	1	1	0	0	1	10	0	1	1	1	0	2	0	2	0	4	0	1	1	0	0	0	0	0	0	2	1	0	1	0	0	1	0	1	0	0	0	0	0	0	0	1	0	0	0	0	0	0	0	0	0	0	0	0	0	0	0	0	0	0	0	0	0	0	0	0	0	0
0.03	north14_active	80	12632	12779	5677	4301	1508	3591	547	561	897	2658	290	281	210	801	154	172	1435	156	167	1105	247	164	612	106	685	276	304	586	218	355	47	53	80	32	39	402	37	182	37	27	17	35	35	146	27	52	38	33	94	9	95	13	18	42	29	30	84	8	26	25	13	30	17	10	17	44	12	5	4	4	28	3	2	11	3	2	16	1	0	3	19	2	5	0	13	6	2	0	0	7	3	14	4	6	1	14	2	0	7	2	2	0	5	10	0	0	1	2	0	0	2	1	0	0	0	1	8	0	0	1	0	0	2	0	0	0	4	0	0	1	0	0	0	0	0	0	1	1	0	1	0	0	1	0	0	0	0	0	0	0	0	0	0	0	0	0	0	0	0	0	0	0	0	0	0	0	0	0	0	0	0	0	0	0	0	0	0	0	0
0.03	north15_all	80	25483	17682	8999	6940	3972	4922	2499	2108	1889	3205	1369	1199	1063	1220	802	713	1614	558	537	1230	498	399	740	353	757	421	428	607	328	410	181	169	201	131	133	375	118	204	130	117	99	99	81	179	81	91	79	65	126	40	104	45	49	67	40	42	84	40	55	42	33	50	29	26	21	62	28	14	19	16	15	13	14	25	12	8	43	13	7	6	19	5	6	9	16	9	6	2	2	11	7	16	7	6	3	29	4	1	4	3	0	1	8	12	1	0	2	3	1	2	2	1	1	0	0	1	6	2	4	1	1	0	3	7	0	0	0	1	1	1	0	0	0	0	0	0	2	1	0	0	0	0	1	0	1	0	0	0	0	0	0	0	1	0	1	0	0	0	0	0	0	0	0	0	0	0	0	0	0	0	0	0	0	0	0	0	0	0	0
0.03	north15_active	80	12459	12807	5562	4344	1540	3562	552	555	866	2651	275	292	220	807	150	178	1414	161	157	1093	245	171	600	110	679	285	319	548	209	330	55	55	78	35	36	337	31	171	36	31	19	41	32	158	30	52	49	31	100	8	91	13	19	45	33	20	77	12	27	29	12	41	20	12	13	54	16	5	3	7	9	4	1	15	3	0	39	0	0	4	17	0	6	0	14	5	1	0	0	11	3	15	4	6	1	26	2	0	4	2	0	0	7	10	1	0	1	2	0	1	1	1	0	0	0	1	5	2	3	1	0	0	2	6	0	0	0	0	0	1	0	0	0	0	0	0	1	1	0	0	0	0	1	0	0	0	0	0	0	0	0	0	0	0	1	0	0	0	0	0	0	0	0	0	0	0	0	0	0	0	0	0	0	0	0	0	0	0	0
0.03	north16_all	80	25470	17575	8959	6871	3976	4888	2518	2136	1873	3200	1335	1169	1044	1146	797	737	1629	581	519	1451	504	409	687	346	829	419	451	683	294	394	183	188	182	136	133	287	119	218	117	114	89	97	95	158	87	83	74	61	133	33	91	48	42	53	38	38	85	41	57	47	32	38	24	24	25	59	20	21	18	18	13	11	15	17	11	8	33	12	4	4	27	5	6	10	8	9	5	1	2	9	6	17	4	5	2	27	4	0	5	3	5	2	4	9	1	1	2	2	11	3	2	0	3	0	1	0	6	3	5	0	0	0	4	8	1	0	0	2	2	0	0	0	0	0	0	0	2	0	1	0	0	0	1	0	0	0	0	0	0	0	0	0	1	1	5	0	0	0	0	0	0	0	0	0	0	0	0	0	0	0	0	0	0	0	0	0	0	0	0
0.03	north16_active	80	12173	12774	5525	4337	1519	3483	593	568	837	2639	281	285	212	742	151	195	1444	167	174	1317	245	178	560	106	738	291	349	619	182	310	55	59	71	37	37	252	29	179	34	37	21	38	45	136	37	53	50	31	107	6	66	13	15	32	28	22	75	11	29	37	10	25	16	10	16	53	9	5	3	11	8	3	1	11	3	1	27	1	0	2	25	0	6	0	7	6	1	0	0	9	2	15	3	5	0	25	3	0	5	2	5	0	3	9	1	0	1	0	11	1	1	0	0	0	1	0	5	3	4	0	0	0	3	6	1	0	0	0	0	0	0	0	0	0	0	0	1	0	0	0	0	0	1	0	0	0	0	0	0	0	0	0	0	0	1	0	0	0	0	0	0	0	0	0	0	0	0	0	0	0	0	0	0	0	0	0	0	0	0
0.03	north17_all	80	25451	17661	8996	6869	4041	4725	2496	2115	1886	3218	1346	1182	1044	1250	798	715	1640	591	544	1413	524	395	684	334	873	429	454	636	302	388	178	183	174	157	130	283	117	232	110	100	77	82	85	163	86	75	75	56	110	40	80	51	42	59	46	52	84	33	60	39	38	43	29	30	33	47	18	18	16	20	39	12	21	13	9	10	47	13	5	5	38	5	7	6	33	7	5	1	2	6	7	8	3	6	2	15	5	0	3	4	12	3	3	0	2	2	2	2	12	3	2	1	4	1	2	0	6	3	5	0	0	1	3	8	1	0	0	2	2	0	0	0	0	0	0	0	0	0	1	0	0	0	1	1	0	0	0	0	0	0	0	0	0	1	5	0	0	0	0	0	0	0	0	0	0	1	0	0	0	0	0	0	0	0	0	0	0	0	0
0.03	north17_active	80	12054	12870	5507	4364	1583	3384	610	584	827	2670	273	292	228	808	153	184	1451	161	172	1279	267	174	568	96	780	316	338	564	188	301	52	65	78	36	36	246	30	192	26	32	23	28	33	138	39	46	51	21	87	5	54	14	12	36	35	33	75	12	36	28	10	31	16	14	18	42	5	5	2	15	35	2	2	10	3	2	41	1	1	5	36	0	6	0	31	5	0	0	0	6	3	5	2	6	0	14	4	0	3	2	12	0	3	0	1	0	1	0	12	1	1	1	0	0	2	0	5	3	5	0	0	0	1	6	1	0	0	0	0	0	0	0	0	0	0	0	0	0	0	0	0	0	1	0	0	0	0	0	0	0	0	0	0	0	1	0	0	0	0	0	0	0	0	0	0	0	0	0	0	0	0	0	0	0	0	0	0	0	0
0.03	north18_all	80	25576	17729	9119	6603	4008	4802	2498	2130	1882	3249	1299	1207	1040	1236	804	717	1672	605	540	1366	513	418	700	357	918	406	409	652	312	353	180	185	169	158	150	277	131	247	95	86	82	80	84	147	96	85	65	52	109	45	78	46	40	51	53	48	89	24	42	46	36	33	16	28	30	34	23	23	14	22	35	16	16	12	6	10	35	14	5	8	41	4	7	9	27	5	4	2	6	7	4	8	1	6	3	1	4	3	4	3	13	3	6	1	2	2	1	1	17	2	0	2	4	1	2	0	0	4	2	0	0	1	3	21	1	0	2	1	1	0	0	0	0	0	0	0	0	0	1	0	0	0	1	1	0	0	0	0	0	0	0	0	0	1	4	0	0	0	0	0	0	0	0	0	0	1	0	0	0	0	0	0	0	0	0	0	0	0	0
0.03	north18_active	80	12107	12965	5670	4218	1629	3464	598	584	833	2715	266	301	223	774	166	173	1478	152	159	1211	277	187	571	101	813	308	297	576	196	288	54	59	75	34	39	233	37	190	25	24	23	26	35	117	42	60	36	21	88	4	42	13	14	36	35	37	79	10	30	28	9	19	9	12	20	32	13	6	3	15	33	3	3	9	2	3	30	3	2	6	37	0	5	1	25	3	0	1	0	6	2	5	0	6	0	0	4	0	4	1	13	0	6	0	1	0	0	0	17	0	0	1	0	0	2	0	0	3	2	0	0	0	1	18	1	0	2	0	0	0	0	0	0	0	0	0	0	0	0	0	0	0	0	0	0	0	0	0	0	0	0	0	0	0	0	0	0	0	0	0	0	0	0	0	0	0	0	0	0	0	0	0	0	0	0	0	0	0	0
0.03	north19_all	80	25859	17469	9096	6655	4021	4692	2442	2134	1912	3261	1310	1219	1024	1298	804	697	1607	585	538	1309	552	418	720	327	881	419	388	626	343	355	184	194	177	154	146	318	130	239	105	92	99	86	88	162	82	95	63	59	101	43	67	42	34	59	51	74	71	24	40	54	27	38	21	24	25	32	25	20	9	19	37	12	19	12	6	11	24	11	5	8	29	4	9	10	39	5	3	4	7	5	8	9	2	2	3	3	5	3	2	3	9	2	3	1	1	2	0	0	6	2	0	2	5	1	2	0	0	3	2	0	0	2	3	14	0	0	2	0	1	0	0	0	0	0	0	0	0	0	0	0	1	0	1	3	0	0	0	0	0	0	0	0	1	1	0	0	0	0	0	0	0	0	0	0	0	1	0	0	0	0	0	0	0	0	0	0	0	0	0
0.03	north19_active	80	12339	12731	5600	4259	1643	3405	557	562	882	2724	260	320	226	844	169	158	1405	143	162	1164	299	174	566	80	789	302	279	552	222	283	59	67	87	35	36	278	30	181	38	19	24	32	29	131	34	70	40	25	76	7	43	13	12	34	35	60	61	13	26	26	7	22	11	10	15	30	13	5	1	11	37	2	4	10	2	3	21	3	3	6	25	0	4	2	37	2	0	1	0	3	1	8	0	2	0	2	5	0	2	1	9	0	3	0	0	0	0	0	6	0	0	1	0	0	2	0	0	2	2	0	0	1	2	12	0	0	2	0	0	0	0	0	0	0	0	0	0	0	0	0	1	0	0	2	0	0	0	0	0	0	0	0	0	0	0	0	0	0	0	0	0	0	0	0	0	0	0	0	0	0	0	0	0	0	0	0	0	0	0
0.03	north20_all	80	25955	17704	9022	6787	3956	4665	2493	2129	1873	3199	1289	1215	1048	1241	810	707	1552	563	507	1216	536	429	738	337	904	406	363	684	369	329	188	174	184	148	160	364	103	231	117	84	98	87	87	145	79	87	64	66	86	43	67	31	30	63	44	61	102	23	41	55	25	39	20	20	27	37	32	18	9	20	45	11	15	13	8	8	35	13	5	8	12	3	8	11	26	2	3	4	9	7	8	6	3	2	4	2	3	3	3	3	1	1	9	1	1	2	0	0	6	5	0	4	2	2	2	0	0	3	1	0	0	1	3	13	1	0	2	0	0	0	0	0	0	0	0	0	0	0	0	0	2	0	1	2	0	0	0	0	0	0	0	0	1	0	0	0	0	0	0	0	0	0	0	0	0	0	0	0	0	0	0	0	0	0	0	0	0	0	0
0.03	north20_active	80	12488	12793	5574	4339	1583	3350	565	524	879	2675	267	335	222	806	176	154	1357	152	149	1066	297	182	583	90	811	265	260	617	244	264	65	61	88	33	38	321	25	181	40	19	18	39	28	118	31	64	42	32	63	10	43	9	11	38	29	48	94	9	32	26	10	21	12	5	17	36	20	3	4	11	44	3	3	9	3	3	33	3	5	5	9	0	3	2	25	0	0	2	1	3	1	6	1	1	0	2	3	0	3	0	1	0	8	0	0	0	0	0	5	1	0	3	0	1	2	0	0	2	1	0	0	1	2	12	1	0	2	0	0	0	0	0	0	0	0	0	0	0	0	0	2	0	0	2	0	0	0	0	0	0	0	0	0	0	0	0	0	0	0	0	0	0	0	0	0	0	0	0	0	0	0	0	0	0	0	0	0	0	0
0.03	south21_all	80	25427	17352	9121	6903	4086	4716	2481	2160	1923	3204	1309	1138	1054	1277	777	768	1611	567	537	1411	500	450	821	328	938	418	423	698	290	352	212	173	146	152	130	326	122	296	98	86	80	86	72	136	60	103	88	45	75	55	85	48	37	37	68	43	54	21	34	32	26	29	28	17	34	73	30	23	12	16	47	15	16	10	9	16	24	12	9	19	36	14	4	4	15	10	5	4	5	10	6	2	4	9	1	2	3	3	1	4	14	4	8	7	1	1	3	1	5	1	1	2	1	1	1	1	0	5	0	1	0	1	0	4	4	2	0	1	0	2	0	0	0	0	2	2	0	0	1	0	0	0	0	0	0	0	0	2	0	0	1	0	0	0	0	0	0	0	0	0	0	1	0	0	3	0	0	1	0	0	0	1	0	1	0	0	0	0	0
0.03	south21_active	80	12247	12587	5595	4431	1609	3392	577	621	840	2674	291	321	191	830	165	156	1401	146	189	1291	226	190	680	79	837	277	298	632	167	279	56	57	62	40	37	288	34	258	39	23	28	26	25	115	28	58	61	16	50	16	68	10	14	21	46	26	49	5	24	24	8	23	13	5	29	67	19	8	3	8	42	4	4	6	3	8	24	8	4	6	34	2	3	1	13	4	2	3	2	8	4	1	0	7	1	2	2	0	0	1	11	4	8	6	0	1	2	1	5	0	0	2	0	1	1	0	0	2	0	1	0	0	0	4	3	0	0	1	0	2	0	0	0	0	2	1	0	0	0	0	0	0	0	0	0	0	0	2	0	0	0	0	0	0	0	0	0	0	0	0	0	0	0	0	3	0	0	1	0	0	0	0	0	0	0	0	0	0	0
0.03	south22_all	80	25306	17142	9077	6896	4130	4612	2489	2133	1918	3181	1317	1121	1067	1193	772	764	1518	543	524	1468	473	455	762	331	840	409	403	694	302	349	218	178	171	151	123	327	127	233	82	80	91	90	66	144	59	106	72	40	103	62	73	49	37	32	69	52	52	22	25	27	21	21	34	19	48	52	22	22	11	14	62	21	22	8	9	16	47	6	11	17	21	13	3	7	9	8	3	6	6	10	5	2	3	10	3	2	6	1	2	3	12	11	8	10	0	5	3	0	3	2	1	1	1	3	1	1	0	4	0	1	1	1	0	3	1	4	0	0	0	0	0	0	0	0	0	1	0	0	1	0	0	0	0	0	0	0	0	2	0	0	1	0	0	0	0	0	0	0	0	0	0	1	0	1	3	0	0	1	0	0	0	1	0	1	0	0	0	0	0
0.03	south22_active	80	12040	12392	5517	4385	1592	3300	564	600	861	2638	288	322	191	744	149	152	1317	150	181	1323	220	198	607	87	751	272	276	627	189	276	60	58	68	39	38	288	42	194	32	16	28	24	26	122	30	64	47	15	81	17	60	12	14	17	46	43	47	7	17	20	8	16	14	6	42	45	13	5	2	7	60	3	7	4	1	7	45	4	6	5	17	2	2	1	5	2	1	5	2	8	3	2	0	6	1	2	6	0	1	0	9	4	8	9	0	4	2	0	3	1	0	1	0	1	1	0	0	1	0	1	0	0	0	3	0	2	0	0	0	0	0	0	0	0	0	0	0	0	0	0	0	0	0	0	0	0	0	2	0	0	0	0	0	0	0	0	0	0	0	0	0	0	0	1	3	0	0	1	0	0	0	0	0	0	0	0	0	0	0
0.03	south23_all	80	25039	16445	8846	6670	3970	4432	2542	2102	1942	2985	1364	1163	1052	1150	788	769	1423	574	498	1366	465	468	690	327	811	400	373	689	303	329	208	170	177	167	129	312	126	241	94	86	96	88	73	164	62	104	62	45	98	45	86	54	44	32	65	48	60	29	31	20	18	21	31	13	52	43	18	15	9	15	60	15	16	7	10	14	47	3	10	5	20	13	3	7	7	4	2	4	5	4	3	3	5	7	5	1	8	2	3	3	12	12	6	8	0	5	2	1	3	1	1	0	0	3	1	2	0	2	0	1	1	2	2	3	1	2	2	0	1	0	0	0	0	0	4	0	0	0	0	0	1	0	0	0	0	0	0	0	0	0	0	0	0	0	0	0	0	0	0	0	0	0	0	1	3	0	0	0	0	0	0	1	0	1	0	0	0	0	0
0.03	south23_active	80	11367	11467	5093	4101	1466	3015	566	538	832	2376	323	302	219	682	171	157	1202	134	146	1209	203	187	521	84	731	253	245	612	194	253	63	52	65	35	29	273	36	189	26	13	26	24	20	134	23	63	35	13	80	10	74	13	14	15	47	39	53	9	17	12	5	12	11	3	41	37	10	3	3	8	58	2	7	2	2	5	45	1	6	2	16	2	2	1	5	1	0	3	1	2	2	3	0	5	1	1	8	0	2	0	9	4	6	7	0	4	1	1	3	1	0	0	0	1	0	1	0	1	0	1	0	0	2	3	0	2	1	0	0	0	0	0	0	0	4	0	0	0	0	0	0	0	0	0	0	0	0	0	0	0	0	0	0	0	0	0	0	0	0	0	0	0	0	1	3	0	0	0	0	0	0	0	0	0	0	0	0	0	0
0.03	south24_all	80	24764	15434	8483	6369	3878	4257	2570	2041	1890	2734	1368	1124	1082	1107	780	761	1394	562	490	1193	463	437	606	333	690	378	353	568	305	303	215	167	176	166	136	322	118	230	107	93	94	90	76	158	56	96	60	41	84	41	67	53	44	36	58	58	38	27	40	19	25	29	27	17	43	40	13	14	10	17	45	13	14	6	7	14	42	5	7	10	9	9	6	8	8	3	3	5	5	6	3	6	4	5	6	2	9	5	2	2	4	11	3	4	2	5	2	2	4	1	1	0	0	2	2	1	0	2	1	0	3	1	2	0	0	2	2	0	1	0	0	2	0	0	5	1	7	0	0	0	1	0	0	0	0	0	0	0	0	0	0	0	0	0	0	0	0	0	0	0	0	0	0	1	3	0	0	0	0	0	0	0	0	1	0	0	0	0	0
0.03	south24_active	80	10644	10259	4666	3743	1360	2741	523	489	774	2101	325	249	243	643	190	155	1147	114	123	1020	207	165	438	84	610	233	210	485	195	227	59	55	67	34	23	282	30	187	29	18	21	27	18	121	17	50	26	12	68	8	53	9	10	23	39	46	34	7	21	8	7	18	7	4	35	32	6	3	3	8	43	0	5	2	2	4	39	3	5	5	5	2	1	0	6	0	0	4	1	4	1	6	0	3	1	2	9	0	2	0	2	3	1	3	1	3	2	2	4	1	0	0	0	0	1	1	0	0	1	0	1	0	2	0	0	2	1	0	0	0	0	2	0	0	4	0	7	0	0	0	0	0	0	0	0	0	0	0	0	0	0	0	0	0	0	0	0	0	0	0	0	0	0	1	3	0	0	0	0	0	0	0	0	0	0	0	0	0	0
0.03	south25_all	80	24444	14524	8263	6106	3739	4129	2532	1984	1815	2681	1335	1134	1073	1077	789	739	1304	562	499	1107	489	418	568	345	608	355	344	526	281	325	219	181	173	161	135	346	122	214	118	98	94	85	69	149	56	85	67	48	64	37	64	53	44	38	56	58	66	32	37	29	27	35	15	19	37	43	9	15	13	23	22	11	6	11	6	10	34	6	7	14	7	13	7	6	19	5	4	3	4	4	5	6	2	2	5	2	4	4	4	0	3	5	4	7	2	4	2	2	3	0	0	0	1	0	2	1	0	2	1	1	2	2	2	0	1	0	2	0	1	0	0	3	0	1	5	1	8	0	1	0	1	0	0	0	0	0	0	0	0	0	0	0	0	0	0	0	0	0	0	0	0	0	0	0	0	0	0	0	0	0	0	0	0	0	0	0	0	0	0
0.03	south25_active	80	9839	9260	4345	3328	1214	2563	516	441	701	2007	329	231	268	632	206	142	1030	114	131	944	220	139	375	78	517	205	192	440	159	234	54	51	63	33	22	302	26	173	33	20	19	28	17	107	17	42	26	10	47	6	51	10	11	24	36	42	60	9	16	15	8	15	3	7	30	36	1	6	5	13	19	1	2	7	2	2	31	5	2	5	4	4	1	0	18	2	0	2	2	2	1	6	0	2	1	2	4	0	4	0	2	1	2	6	1	2	2	2	3	0	0	0	0	0	1	1	0	0	1	1	1	0	2	0	0	0	1	0	0	0	0	3	0	0	4	0	7	0	0	0	0	0	0	0	0	0	0	0	0	0	0	0	0	0	0	0	0	0	0	0	0	0	0	0	0	0	0	0	0	0	0	0	0	0	0	0	0	0	0
0.03	south26_all	80	24539	15250	8404	6387	3778	4300	2521	2000	1844	2701	1307	1153	1063	1123	776	722	1515	570	516	1184	527	384	626	350	706	377	360	548	283	338	211	184	167	163	138	366	126	203	124	99	90	80	80	130	67	64	81	55	57	43	65	45	45	51	64	47	113	36	32	32	32	40	22	21	15	40	10	14	13	25	15	15	8	11	6	10	23	6	9	12	5	14	12	10	18	7	3	4	4	6	6	19	1	1	6	2	4	4	5	1	4	2	5	7	3	2	2	1	5	0	0	0	1	1	1	3	1	2	2	1	3	1	0	0	1	0	0	0	0	0	0	3	0	1	1	1	8	0	1	0	0	0	0	0	0	0	0	0	0	0	0	0	0	0	0	0	0	0	0	0	0	0	0	0	0	0	0	0	0	0	0	0	0	0	0	0	0	0	0
0.03	south26_active	80	10480	10201	4553	3649	1328	2837	542	492	739	2074	304	255	253	707	175	141	1270	123	154	1043	252	134	439	92	603	229	223	465	159	244	57	59	56	36	25	324	29	170	39	24	16	32	27	96	20	34	42	18	38	9	53	6	12	36	47	32	109	9	17	16	10	19	9	8	10	32	3	6	6	15	12	4	3	6	3	2	21	4	3	4	4	7	3	1	18	2	0	3	2	5	1	18	0	1	1	2	3	0	4	0	3	1	3	6	1	0	2	1	5	0	0	0	0	0	1	3	1	0	2	1	1	0	0	0	0	0	0	0	0	0	0	3	0	0	0	0	7	0	0	0	0	0	0	0	0	0	0	0	0	0	0	0	0	0	0	0	0	0	0	0	0	0	0	0	0	0	0	0	0	0	0	0	0	0	0	0	0	0	0
0.03	south27_all	80	24982	16232	8665	6624	3821	4331	2428	2047	1900	2818	1314	1189	1067	1172	785	722	1616	585	518	1364	540	399	648	352	716	373	363	605	292	351	200	198	161	171	157	348	123	200	113	86	90	82	85	165	58	66	81	55	60	50	69	39	42	53	71	55	136	40	46	33	33	37	26	22	18	42	12	20	14	24	43	20	9	19	6	9	21	6	9	7	4	14	10	8	14	11	2	5	4	6	6	22	2	4	5	0	4	1	5	1	4	1	9	8	3	1	0	2	5	0	0	0	1	1	0	2	2	0	4	1	2	1	0	0	1	0	0	0	0	0	0	3	0	1	0	0	1	0	1	0	0	0	0	0	0	0	0	0	0	0	0	0	0	0	0	0	0	0	0	0	0	0	0	0	0	0	0	0	0	0	0	0	0	0	0	0	0	0	0
0.03	south27_active	80	11283	11389	4941	3947	1443	2995	558	526	831	2244	286	281	247	754	149	154	1397	135	187	1220	259	143	466	94	608	240	219	524	162	269	53	61	59	44	25	309	31	167	38	23	21	32	35	127	21	40	45	19	40	14	55	4	14	38	49	41	130	13	31	18	9	18	11	8	10	33	8	8	5	16	37	5	2	9	2	3	19	3	2	3	4	7	3	1	14	4	0	4	2	6	2	20	1	2	2	0	3	0	4	0	3	0	8	6	1	0	0	1	4	0	0	0	0	0	0	2	2	0	4	1	0	0	0	0	0	0	0	0	0	0	0	3	0	0	0	0	0	0	0	0	0	0	0	0	0	0	0	0	0	0	0	0	0	0	0	0	0	0	0	0	0	0	0	0	0	0	0	0	0	0	0	0	0	0	0	0	0	0	0
0.03	south28_all	80	25506	17168	8918	6784	3951	4529	2417	2110	1976	2997	1346	1215	1029	1254	768	716	1740	588	510	1503	542	379	698	366	833	377	392	648	300	333	195	194	168	171	166	392	127	211	117	97	90	88	94	168	73	63	77	51	66	46	82	39	43	63	61	54	116	35	40	32	33	33	27	21	28	54	13	17	16	19	43	18	12	18	9	11	36	9	7	9	15	9	13	7	8	7	0	5	3	7	7	23	4	8	5	0	5	1	6	3	5	0	8	7	2	2	1	1	7	0	0	0	0	1	0	2	2	0	3	2	1	2	0	0	0	0	0	2	0	0	0	2	0	0	0	0	1	0	0	0	0	0	0	0	0	0	0	0	0	0	0	1	0	0	0	0	0	0	0	0	0	0	0	0	0	0	0	0	0	0	0	0	0	0	0	0	0	0	0
0.03	south28_active	80	12149	12356	5248	4218	1598	3213	574	572	905	2430	273	324	219	809	126	176	1530	147	185	1355	271	150	534	103	725	248	261	575	176	249	49	65	67	44	29	345	30	179	36	29	21	37	38	137	25	43	51	18	42	21	68	7	12	45	42	42	111	13	28	17	11	22	15	8	18	47	11	7	4	13	37	4	2	10	3	3	34	5	2	5	15	4	7	3	7	3	0	4	2	7	2	20	2	3	2	0	3	0	4	2	5	0	8	5	0	1	1	0	5	0	0	0	0	0	0	2	2	0	3	2	0	0	0	0	0	0	0	2	0	0	0	0	0	0	0	0	0	0	0	0	0	0	0	0	0	0	0	0	0	0	0	0	0	0	0	0	0	0	0	0	0	0	0	0	0	0	0	0	0	0	0	0	0	0	0	0	0	0	0
0.03	south29_all	80	25540	17121	8930	6560	4041	4412	2424	2132	1956	3105	1358	1168	1009	1257	785	710	1782	622	506	1506	512	416	676	348	795	346	380	738	319	343	191	200	172	163	154	380	119	256	112	104	96	96	89	195	70	68	65	42	52	41	92	39	35	54	63	55	102	27	38	27	30	45	19	17	28	51	18	18	17	15	48	16	14	18	13	14	30	10	9	7	15	8	13	9	6	6	1	6	5	7	7	19	6	11	2	7	15	3	7	2	3	1	7	5	3	3	2	1	5	0	0	1	1	1	1	2	2	0	6	2	0	2	0	0	1	0	1	2	0	0	0	2	0	0	0	0	0	0	0	0	0	0	0	0	0	0	0	0	1	0	2	1	0	0	0	0	0	0	0	0	0	0	0	0	0	0	0	0	0	0	0	0	0	0	1	0	0	0	0
0.03	south29_active	80	12045	12228	5222	4093	1599	3078	551	565	891	2498	269	304	212	804	137	176	1571	147	172	1359	254	155	519	95	697	225	242	667	196	261	41	67	66	41	35	322	33	224	37	28	26	44	38	168	34	48	37	15	33	18	77	9	10	37	44	44	96	10	26	11	12	26	11	6	19	45	13	6	3	10	41	2	2	8	3	3	28	5	3	5	14	4	7	6	4	2	0	5	1	7	3	15	3	5	1	6	13	0	5	2	3	0	7	2	0	1	2	0	3	0	0	1	0	0	0	2	2	0	3	2	0	0	0	0	1	0	0	2	0	0	0	0	0	0	0	0	0	0	0	0	0	0	0	0	0	0	0	0	0	0	0	0	0	0	0	0	0	0	0	0	0	0	0	0	0	0	0	0	0	0	0	0	0	0	0	0	0	0	0
0.03	south30_all	80	25143	16181	8685	6273	4057	4337	2438	2084	1915	2936	1380	1136	1009	1184	825	709	1632	579	532	1364	508	417	656	332	840	348	370	659	300	324	198	190	174	153	153	348	109	228	111	98	105	91	88	163	76	64	60	44	57	43	98	36	29	44	60	50	64	23	34	24	30	48	18	15	25	49	22	14	15	11	44	9	13	15	9	12	46	13	9	8	23	8	11	8	11	6	4	5	6	4	5	12	4	10	1	7	13	3	10	2	4	1	6	4	1	3	3	0	8	0	0	2	1	1	1	0	1	0	3	2	1	2	0	2	2	0	1	2	0	0	0	2	0	0	0	0	0	0	0	0	1	0	0	0	0	0	1	0	1	0	3	1	0	0	0	0	0	0	0	0	0	0	0	0	0	0	0	0	0	0	0	0	0	0	1	0	0	0	0
0.03	south30_active	80	11242	11107	4861	3733	1484	2862	533	506	786	2300	285	271	223	706	162	170	1401	123	158	1215	233	137	516	95	743	206	231	587	180	236	43	62	59	37	45	289	31	199	35	23	26	40	39	134	30	48	32	14	36	14	81	13	8	28	37	39	57	6	22	10	11	26	8	7	14	40	12	5	2	5	38	0	1	8	1	4	42	6	3	4	22	3	7	5	8	0	0	1	1	3	1	8	2	5	1	6	12	0	7	2	3	0	6	2	0	1	3	0	5	0	0	1	0	0	0	0	1	0	0	2	1	0	0	2	2	0	0	2	0	0	0	0	0	0	0	0	0	0	0	0	1	0	0	0	0	0	1	0	0	0	0	0	0	0	0	0	0	0	0	0	0	0	0	0	0	0	0	0	0	0	0	0	0	0	0	0	0	0	0
0.03	south31_all	80	26049	17478	9095	6692	4089	4806	2543	2075	1895	3080	1328	1132	1051	1254	819	746	1668	591	544	1374	460	414	768	352	746	404	366	536	267	396	178	190	185	132	153	393	131	259	100	97	100	87	74	118	73	101	99	57	83	55	67	51	41	53	50	62	64	26	25	43	18	35	24	29	27	47	17	21	20	26	54	8	11	17	8	4	9	11	15	12	25	7	9	6	24	5	4	4	5	18	6	15	7	2	2	13	8	0	4	4	15	5	4	0	2	1	0	6	5	0	5	1	1	3	0	0	4	0	5	0	3	0	0	0	0	0	0	1	3	0	0	2	0	0	0	2	0	1	1	3	0	0	0	0	0	0	0	0	0	1	0	0	0	0	0	0	0	0	0	0	0	0	0	0	0	0	0	0	1	0	0	0	0	0	0	0	0	0	0
0.03	south31_active	80	12777	12657	5531	4280	1706	3407	627	556	813	2593	300	303	200	828	168	182	1436	147	161	1235	218	160	636	91	668	273	263	451	160	310	63	66	83	24	28	357	28	221	25	28	26	32	25	98	34	70	67	21	64	19	56	18	11	32	35	41	60	3	17	22	4	23	9	10	19	41	8	3	4	14	46	1	1	12	3	2	7	5	6	2	21	3	7	2	23	3	0	1	1	14	4	15	5	2	1	11	7	0	3	1	13	3	4	0	0	0	0	5	3	0	0	1	0	1	0	0	4	0	4	0	2	0	0	0	0	0	0	1	3	0	0	2	0	0	0	0	0	0	0	3	0	0	0	0	0	0	0	0	0	0	0	0	0	0	0	0	0	0	0	0	0	0	0	0	0	0	0	0	0	0	0	0	0	0	0	0	0	0	0
0.03	south32_all	80	25603	16664	8879	6452	4050	4510	2504	2049	1865	2926	1337	1123	1022	1244	815	737	1513	584	532	1240	468	425	693	365	726	362	351	600	253	354	182	199	172	137	142	350	119	245	94	102	107	85	75	108	76	100	103	50	74	57	66	51	44	62	47	55	59	32	38	34	14	18	24	26	19	43	17	15	17	23	56	9	10	17	8	6	22	12	20	13	22	6	8	9	23	11	5	3	6	10	6	9	7	2	4	14	7	2	2	2	10	4	0	0	3	0	0	1	4	1	5	0	2	2	0	0	0	0	4	0	2	0	0	0	0	0	0	0	3	0	0	2	0	0	1	2	0	1	0	2	0	0	0	0	0	0	0	0	0	0	0	0	0	0	0	0	0	0	0	0	0	0	0	0	0	0	0	0	1	0	0	0	0	0	0	3	0	0	0
0.03	south32_active	80	11962	11715	5173	3914	1589	3072	602	505	759	2387	318	274	216	810	179	169	1268	142	142	1103	202	157	551	97	649	233	241	518	144	280	57	70	72	24	30	314	21	205	23	29	25	28	31	88	34	67	63	19	53	19	51	16	13	35	32	36	51	6	26	19	3	10	9	9	14	38	9	0	4	13	48	2	0	12	3	3	19	3	7	4	18	2	6	4	23	6	1	0	2	7	4	9	5	2	1	13	6	1	1	0	8	2	0	0	1	0	0	1	3	0	0	0	0	1	0	0	0	0	3	0	2	0	0	0	0	0	0	0	3	0	0	2	0	0	0	0	0	0	0	2	0	0	0	0	0	0	0	0	0	0	0	0	0	0	0	0	0	0	0	0	0	0	0	0	0	0	0	0	0	0	0	0	0	0	0	3	0	0	0
0.03	south33_all	80	25008	16031	8526	6257	3940	4330	2495	2046	1874	2869	1335	1195	996	1176	808	738	1373	562	525	1119	465	442	625	360	668	333	344	626	248	313	187	202	161	130	128	302	117	228	80	108	108	93	74	118	70	81	105	46	89	54	64	58	46	58	45	58	69	31	32	35	21	19	28	23	17	30	16	12	19	20	38	8	9	6	10	10	20	14	21	13	16	8	6	10	14	9	4	3	2	10	4	3	4	2	6	21	12	3	1	1	7	2	3	3	2	0	1	2	0	1	7	4	2	4	6	0	0	0	1	0	1	0	0	0	0	0	0	0	3	0	0	0	0	0	1	1	0	1	0	2	0	0	0	0	0	0	0	0	0	0	0	0	0	0	0	0	0	0	0	0	0	0	0	1	0	0	0	0	1	0	0	0	0	0	0	3	0	0	0
0.03	south33_active	80	10939	10820	4737	3575	1389	2861	555	456	706	2267	340	252	223	691	196	169	1136	127	125	974	198	167	482	93	578	168	232	538	151	232	50	64	61	23	28	258	26	188	21	28	24	29	30	91	32	46	60	16	63	18	42	15	15	33	35	37	61	7	19	20	6	10	11	8	13	24	8	0	6	9	31	2	1	4	2	3	19	1	7	3	12	2	4	4	14	5	1	1	1	7	3	2	2	2	1	20	10	1	0	0	6	1	0	2	1	0	0	2	0	0	2	4	0	1	5	0	0	0	0	0	1	0	0	0	0	0	0	0	3	0	0	0	0	0	0	0	0	0	0	2	0	0	0	0	0	0	0	0	0	0	0	0	0	0	0	0	0	0	0	0	0	0	0	1	0	0	0	0	0	0	0	0	0	0	0	3	0	0	0
0.03	south34_all	80	24480	15217	8228	6061	3933	3940	2498	2127	1870	2654	1303	1154	980	1140	800	723	1283	553	529	1108	474	444	581	331	614	361	335	592	261	291	189	181	159	130	122	266	107	198	84	110	103	99	83	124	64	72	84	52	65	54	58	43	41	39	45	42	57	34	39	31	25	33	24	22	23	36	16	15	17	16	25	15	9	9	10	13	23	11	15	10	14	7	2	10	17	14	8	4	3	4	3	5	4	3	6	14	11	3	1	4	5	2	3	4	1	0	4	4	6	1	5	6	1	2	6	0	0	1	0	3	1	1	0	0	4	0	0	1	1	0	1	0	0	0	1	0	0	0	0	0	0	0	0	0	1	0	0	0	0	0	0	0	0	0	0	0	0	0	0	0	0	0	0	1	0	0	0	0	0	1	0	0	0	0	0	3	0	0	0
0.03	south34_active	80	9889	9779	4270	3299	1311	2438	514	448	689	2009	327	225	233	629	197	149	1044	108	113	956	197	160	428	78	525	196	209	512	147	211	38	60	55	19	19	222	27	157	21	27	18	28	28	95	21	41	40	15	39	15	33	7	12	18	33	27	50	11	24	18	8	23	8	7	14	28	9	0	5	8	20	2	1	5	2	5	21	3	5	3	12	1	1	3	17	7	2	2	1	2	2	3	1	3	2	13	10	1	0	0	4	1	0	3	1	0	1	2	6	0	2	5	0	0	5	0	0	1	0	3	1	0	0	0	2	0	0	0	0	0	1	0	0	0	0	0	0	0	0	0	0	0	0	0	0	0	0	0	0	0	0	0	0	0	0	0	0	0	0	0	0	0	0	1	0	0	0	0	0	0	0	0	0	0	0	3	0	0	0
0.03	south35_all	80	24262	14939	8119	6068	3859	3858	2543	2097	1893	2526	1308	1167	1012	1161	823	756	1298	577	533	1055	476	429	542	330	720	365	356	508	295	292	190	186	176	131	137	243	120	226	93	100	96	99	87	118	66	70	85	54	77	36	78	35	33	39	44	37	66	26	33	34	31	30	23	27	25	41	15	14	21	14	16	17	13	7	7	15	18	13	7	11	12	8	3	12	9	9	5	6	3	6	1	11	4	4	3	10	16	2	1	4	4	1	3	7	0	2	4	3	6	1	2	8	0	3	6	0	0	2	0	3	1	2	1	0	4	0	0	1	1	0	1	0	0	0	0	0	0	0	0	0	1	1	0	0	1	0	0	0	0	0	0	0	0	0	0	0	1	0	0	0	0	1	0	1	0	0	0	0	0	1	0	0	0	0	0	0	0	0	0
0.03	south35_active	80	9532	9454	4049	3285	1239	2352	484	435	666	1823	315	227	242	612	200	147	1050	109	107	896	185	154	383	73	612	210	214	432	167	215	37	54	60	24	20	193	25	182	25	26	19	28	29	96	21	37	36	20	49	9	60	7	9	18	30	20	59	8	10	21	8	22	9	8	11	36	7	2	7	6	10	2	2	3	1	5	16	4	3	2	10	2	1	3	4	5	1	3	0	3	0	8	1	3	1	9	15	1	0	0	2	1	0	6	0	0	1	1	6	1	2	7	0	0	5	0	0	1	0	3	1	0	1	0	2	0	0	0	0	0	1	0	0	0	0	0	0	0	0	0	0	1	0	0	0	0	0	0	0	0	0	0	0	0	0	0	0	0	0	0	0	0	0	1	0	0	0	0	0	0	0	0	0	0	0	0	0	0	0
0.03	south36_all	80	24632	15586	8446	6194	3887	4055	2538	2067	1950	2632	1272	1148	1023	1201	822	752	1395	590	530	1178	467	410	529	329	773	377	366	572	304	352	177	189	188	138	131	214	120	249	102	93	93	101	84	127	71	87	98	70	71	40	81	36	31	57	49	42	57	28	33	36	30	36	18	29	38	34	14	14	19	16	15	15	10	5	10	14	25	11	9	12	9	7	4	7	12	9	9	6	4	7	1	14	4	4	1	9	9	3	1	4	2	1	1	5	3	3	4	4	9	1	0	4	0	1	6	0	0	2	0	3	0	2	1	0	4	0	0	1	1	0	1	0	0	0	1	0	0	0	0	0	1	1	0	1	1	0	0	0	0	0	0	0	0	0	1	0	1	0	0	0	0	1	0	0	0	0	0	0	0	1	0	0	0	0	0	0	0	0	0
0.03	south36_active	80	10200	10329	4444	3508	1358	2571	498	461	719	1971	283	257	232	665	169	150	1143	118	131	1028	195	143	376	80	669	230	233	501	169	273	45	50	68	28	23	174	23	203	29	32	17	33	27	112	23	50	50	31	48	6	66	8	6	35	25	28	49	5	12	21	10	29	8	8	24	28	5	5	6	11	11	2	1	3	2	5	20	3	4	3	7	2	1	1	7	4	3	3	0	3	0	12	2	2	1	9	8	2	0	0	0	1	0	5	3	0	2	1	9	1	0	3	0	0	6	0	0	1	0	3	0	0	1	0	2	0	0	0	0	0	1	0	0	0	1	0	0	0	0	0	0	1	0	0	0	0	0	0	0	0	0	0	0	0	0	0	0	0	0	0	0	0	0	0	0	0	0	0	0	0	0	0	0	0	0	0	0	0	0
0.03	south37_all	80	25013	16242	8726	6356	3925	4337	2467	2024	1951	2914	1322	1146	1067	1249	808	768	1460	598	535	1336	477	444	570	324	943	387	410	594	277	366	188	182	176	142	141	207	116	287	122	109	83	83	73	159	65	94	105	64	64	43	93	38	29	63	56	44	94	31	45	38	27	30	16	23	47	66	15	18	18	15	22	13	16	6	12	13	26	11	11	12	8	5	6	6	16	11	6	5	5	5	2	12	4	5	0	1	11	3	1	3	10	4	2	4	3	4	2	2	10	2	0	5	0	4	7	1	1	1	0	0	1	1	1	0	0	0	0	2	1	0	0	1	0	0	1	0	0	0	0	0	1	1	0	1	0	0	0	0	0	0	0	0	0	0	1	0	1	0	0	0	0	1	0	0	0	0	0	0	0	1	0	0	0	0	0	0	0	0	0
0.03	south37_active	80	11159	11284	4874	3810	1462	2959	513	490	777	2280	281	284	241	728	176	159	1232	126	153	1201	208	160	421	85	832	247	279	517	151	295	51	50	67	36	31	172	20	249	32	33	15	27	26	142	23	54	51	34	49	8	77	10	6	36	23	29	84	2	26	27	10	26	10	7	38	60	4	5	4	9	19	2	3	4	1	4	22	4	6	4	5	1	1	1	10	5	3	2	0	3	1	11	4	2	0	1	10	2	0	0	9	3	0	3	3	0	2	0	10	2	0	5	0	3	6	0	1	0	0	0	1	0	1	0	0	0	0	0	0	0	0	1	0	0	1	0	0	0	0	0	0	1	0	0	0	0	0	0	0	0	0	0	0	0	0	0	0	0	0	0	0	0	0	0	0	0	0	0	0	0	0	0	0	0	0	0	0	0	0
0.03	south38_all	80	25493	17221	8953	6578	3984	4643	2455	2042	1917	3082	1344	1133	1093	1242	788	762	1475	603	537	1331	499	424	668	348	930	365	397	719	276	395	194	177	186	159	141	253	110	270	110	104	79	85	64	151	69	93	106	64	70	55	106	47	34	55	58	61	102	31	46	37	22	23	17	20	60	81	15	19	12	22	26	11	11	13	12	10	18	13	14	11	11	2	6	7	16	8	7	5	4	5	3	8	5	3	0	0	13	3	0	2	14	3	2	4	3	2	2	2	5	1	0	18	0	3	8	1	1	1	0	0	1	1	0	1	0	0	0	1	1	0	0	1	0	0	1	0	0	0	0	0	1	1	0	1	0	0	0	0	0	0	0	0	0	0	1	0	0	1	0	0	0	0	0	0	0	0	0	0	0	0	0	0	0	0	0	0	0	0	0
0.03	south38_active	80	12082	12457	5318	4137	1574	3315	538	514	841	2497	293	295	226	764	159	175	1288	144	166	1212	240	176	528	111	828	242	285	653	165	319	59	54	82	40	35	215	23	238	29	36	17	33	23	133	24	53	62	36	54	14	81	8	11	30	30	38	91	2	32	23	8	19	9	6	40	76	2	5	2	14	25	1	4	10	2	4	14	6	7	3	8	0	2	2	13	3	3	2	0	3	2	5	4	1	0	0	12	2	0	0	14	2	0	3	3	0	2	1	5	1	0	18	0	3	6	0	1	0	0	0	1	0	0	1	0	0	0	0	0	0	0	1	0	0	1	0	0	0	0	0	0	1	0	0	0	0	0	0	0	0	0	0	0	0	0	0	0	0	0	0	0	0	0	0	0	0	0	0	0	0	0	0	0	0	0	0	0	0	0
0.03	south39_all	80	25684	17553	8903	6750	4070	4727	2448	2091	1959	3143	1343	1139	1093	1203	778	774	1479	591	558	1382	495	430	721	350	895	400	420	709	257	381	188	181	160	154	151	277	103	286	110	99	79	83	71	153	70	83	93	54	78	51	102	39	44	49	54	63	102	29	46	35	24	22	22	15	51	82	13	20	13	22	26	9	10	20	11	7	26	15	15	8	11	1	4	6	18	6	10	9	5	3	3	12	4	2	1	0	7	1	1	3	14	3	5	1	1	3	3	5	8	1	0	27	0	3	2	1	2	0	0	0	2	0	0	1	0	0	0	1	1	0	0	1	0	0	0	1	0	0	0	0	0	0	0	1	0	0	0	1	0	0	0	0	0	0	0	1	0	1	0	1	0	0	0	0	0	0	0	0	0	0	0	0	0	0	0	0	0	0	0
0.03	south39_active	80	12440	12855	5485	4310	1648	3426	553	544	902	2572	291	297	223	764	164	191	1298	149	179	1255	229	181	586	112	796	257	308	648	161	309	56	63	68	33	45	239	22	239	29	27	20	36	25	130	30	53	53	23	62	17	73	7	14	27	32	42	92	3	36	21	11	19	10	5	33	79	1	3	2	11	23	0	4	15	2	2	23	6	7	2	8	0	2	2	14	1	4	3	1	2	2	8	3	1	0	0	6	1	0	1	14	2	3	0	1	0	2	3	7	1	0	27	0	3	0	0	1	0	0	0	2	0	0	1	0	0	0	0	0	0	0	1	0	0	0	0	0	0	0	0	0	0	0	0	0	0	0	0	0	0	0	0	0	0	0	1	0	0	0	0	0	0	0	0	0	0	0	0	0	0	0	0	0	0	0	0	0	0	0
0.03	south40_all	80	25143	16910	8708	6532	4071	4554	2503	2098	1918	2988	1310	1132	1090	1164	741	745	1390	607	576	1238	511	417	706	347	791	387	384	712	278	399	184	170	164	148	159	289	109	252	96	99	86	83	71	142	76	81	89	61	96	51	91	40	41	39	43	58	92	23	38	37	30	25	24	17	31	74	13	16	8	23	21	10	4	19	8	4	29	12	16	9	9	2	4	10	12	5	9	10	4	4	4	13	1	1	2	3	19	2	1	3	14	4	4	2	0	2	1	5	5	0	1	25	0	0	3	1	2	0	1	0	1	0	0	2	0	0	0	0	0	0	0	1	0	0	1	1	0	1	0	1	0	0	0	0	0	0	0	1	0	0	0	0	0	1	0	1	2	1	0	1	0	0	0	0	0	0	0	0	0	0	0	0	0	0	0	0	0	0	0
0.03	south40_active	80	11522	11981	5150	4025	1574	3137	558	504	845	2362	289	268	234	720	162	190	1205	150	166	1099	231	169	560	112	686	243	269	647	164	310	48	58	70	30	43	247	30	199	28	27	24	34	20	119	27	46	51	24	76	15	65	10	13	17	30	38	79	3	25	14	12	19	9	4	11	72	3	3	1	9	15	0	2	15	1	2	26	4	8	1	7	1	2	3	8	2	3	5	1	3	2	7	0	0	0	2	19	0	0	1	14	3	3	1	0	1	0	4	4	0	0	25	0	0	2	0	1	0	0	0	1	0	0	2	0	0	0	0	0	0	0	1	0	0	1	0	0	0	0	0	0	0	0	0	0	0	0	0	0	0	0	0	0	0	0	1	0	0	0	0	0	0	0	0	0	0	0	0	0	0	0	0	0	0	0	0	0	0	0
