label	Group	numOtus	Otu0	Otu1	Otu2	Otu3	Otu4	Otu5	Otu6	Otu7	Otu8	Otu9	Otu10	Otu11	Otu12	Otu13	Otu14	Otu15	Otu16	Otu17	Otu18	Otu19	Otu20	Otu21	Otu22	Otu23	Otu24	Otu25	Otu26	Otu27	Otu28	Otu29	Otu30	Otu31	Otu32	Otu33	Otu34	Otu35	Otu36	Otu37	Otu38	Otu39	Otu40	Otu41	Otu42	Otu43	Otu44	Otu45	Otu46	Otu47	Otu48	Otu49	Otu50	Otu51	Otu52	Otu53	Otu54	Otu55	Otu56	Otu57	Otu58	Otu59	Otu60	Otu61	Otu62	Otu63	Otu64	Otu65	Otu66	Otu67	Otu68	Otu69	Otu70	Otu71	Otu72	Otu73	Otu74	Otu75	Otu76	Otu77	Otu78	Otu79	Otu80	Otu81	Otu82	Otu83	Otu84	Otu85	Otu86	Otu87	Otu88	Otu89	Otu90	Otu91	Otu92	Otu93	Otu94	Otu95	Otu96	Otu97	Otu98	Otu99	Otu100	Otu101	Otu102	Otu103	Otu104	Otu105	Otu106	Otu107	Otu108	Otu109	Otu110	Otu111	Otu112	Otu113	Otu114	Otu115	Otu116	Otu117	Otu118	Otu119	Otu120	Otu121	Otu122	Otu123	Otu124	Otu125	Otu126
0.03	north1_all	80	55207	24701	8553	10912	6635	3726	3440	4403	1826	1763	1263	1098	1188	784	927	679	1148	782	562	535	330	302	383	237	272	198	200	216	251	125	147	153	61	74	80	86	71	71	50	39	51	49	42	22	30	28	21	28	20	19	31	28	13	11	12	14	13	15	16	6	11	8	29	4	3	8	2	2	2	4	7	5	3	0	0	2	0	1	0	1	0	2	3	1	1	0	0	1	1	0	0	1	0	7	0	2	0	2	0	0	0	0	0	0	0	0	0	1	0	0	0	0	0	0	0	0	0	0	0	0	0	0	0	0	0	1	0
0.03	north1_active	80	44602	19671	2531	8886	4839	1727	2081	3637	645	853	354	281	651	178	558	310	932	584	286	358	98	128	263	82	182	39	87	156	200	54	89	122	32	37	40	41	45	37	7	23	26	37	14	11	17	14	4	13	7	14	26	26	7	7	8	11	5	13	10	5	2	5	28	1	2	1	1	1	1	2	1	0	0	0	0	1	0	0	0	0	0	1	2	1	1	0	0	1	0	0	0	0	0	7	0	0	0	2	0	0	0	0	0	0	0	0	0	0	0	0	0	0	0	0	0	0	0	0	0	0	0	0	0	0	0	0	0
0.03	north2_all	80	57581	25953	8543	11288	6860	3741	3423	4712	1868	1822	1256	1095	1242	774	977	660	1245	787	573	546	323	313	407	228	302	204	205	245	240	128	129	167	72	74	71	77	60	67	48	44	42	46	38	23	39	30	30	28	17	19	28	20	15	14	13	15	10	12	9	3	10	7	21	4	2	5	7	2	2	4	11	5	2	3	0	4	1	2	0	1	2	2	2	0	4	2	0	2	1	0	0	1	2	7	0	2	0	0	0	0	0	1	0	0	0	0	0	0	0	0	0	0	0	0	0	0	0	0	0	0	0	0	0	0	0	1	0
0.03	north2_active	80	47381	21077	2664	9336	5071	1860	2113	3983	686	950	356	273	707	177	645	312	1046	586	308	375	104	137	283	82	220	46	94	179	198	50	81	133	34	41	36	37	39	35	3	27	19	32	17	12	26	16	9	14	8	13	23	18	7	9	8	11	3	10	4	3	2	2	20	0	1	1	5	1	1	2	6	0	0	1	0	1	1	2	0	0	2	1	2	0	1	2	0	2	0	0	0	1	0	7	0	0	0	0	0	0	0	0	0	0	0	0	0	0	0	0	0	0	0	0	0	0	0	0	0	0	0	0	0	0	0	0	0
0.03	north3_all	80	58180	26396	8443	11487	7071	3704	3456	4880	1893	1796	1225	1107	1274	765	1024	649	1235	764	519	578	325	314	411	216	308	226	195	234	249	119	137	188	70	79	66	86	60	78	45	48	35	45	42	25	53	23	22	21	21	14	21	13	10	11	13	11	10	10	12	4	12	11	23	8	2	5	9	2	3	6	7	6	1	4	0	4	1	5	0	3	3	3	0	0	4	2	0	2	1	0	0	1	2	6	0	1	0	0	0	0	0	1	1	0	0	0	0	0	0	0	0	0	0	0	0	1	0	0	0	0	0	0	0	0	0	1	0
0.03	north3_active	80	48202	21655	2617	9533	5306	1881	2132	4142	709	971	350	278	762	175	696	303	1036	580	279	413	89	134	288	80	234	51	83	173	207	45	88	150	27	41	27	48	39	40	9	29	16	30	15	11	35	11	7	10	7	8	14	10	4	8	4	9	3	10	10	4	1	7	21	2	2	1	7	0	2	3	6	0	0	2	0	2	1	5	0	1	3	2	0	0	1	2	0	2	1	0	0	1	0	6	0	0	0	0	0	0	0	0	0	0	0	0	0	0	0	0	0	0	0	0	0	1	0	0	0	0	0	0	0	0	0	0	0
0.03	north4_all	80	58212	26224	8470	11569	7072	3762	3378	4965	1876	1747	1279	1075	1255	784	1073	665	1200	785	487	606	332	297	407	212	309	223	176	225	237	117	147	200	80	82	85	69	66	77	47	51	39	39	41	27	53	25	24	22	22	14	24	15	12	21	17	13	8	10	10	6	12	14	39	8	3	4	11	3	3	5	8	3	3	5	0	3	1	5	0	4	3	2	0	0	4	2	1	7	1	0	0	1	3	0	1	0	0	0	0	1	0	1	1	0	0	0	0	0	0	0	0	0	0	0	0	1	0	0	0	0	4	0	0	0	1	0	0
0.03	north4_active	80	48249	21456	2625	9561	5320	1884	2112	4236	696	932	353	272	743	181	741	310	1019	588	269	449	98	138	305	82	239	47	73	169	198	46	101	160	34	41	30	39	42	38	10	33	17	22	18	11	40	13	7	13	7	9	13	11	6	18	6	9	3	9	8	5	1	10	37	2	3	1	8	0	2	3	7	0	0	3	0	1	1	5	0	1	3	1	0	0	1	2	0	7	1	0	0	1	1	0	0	0	0	0	0	0	0	0	0	0	0	0	0	0	0	0	0	0	0	0	0	1	0	0	0	0	4	0	0	0	0	0	0
0.03	north5_all	80	58787	26296	8388	11744	7202	3805	3375	4931	1890	1758	1258	1085	1239	791	1071	670	1117	749	484	595	329	304	399	201	316	225	169	216	267	132	159	274	85	92	82	86	69	77	43	56	37	35	39	30	54	30	19	25	24	10	22	18	20	23	15	11	8	18	13	14	15	11	29	7	4	3	5	4	4	3	3	5	5	4	0	1	1	5	0	5	2	1	0	0	1	1	1	7	1	0	0	1	2	0	1	0	0	0	1	1	2	0	1	0	0	0	0	0	0	0	0	0	0	0	0	1	0	0	0	0	4	0	0	0	1	0	0
0.03	north5_active	80	48745	21552	2659	9748	5499	1895	2097	4221	730	942	324	270	750	184	731	322	952	549	274	458	84	145	298	87	240	45	66	173	224	53	113	231	42	44	27	47	46	38	12	33	22	22	18	13	38	17	3	16	4	6	14	13	14	20	6	7	4	16	10	12	4	10	28	3	3	2	4	0	3	2	1	0	2	3	0	1	1	5	0	2	2	1	0	0	1	0	0	7	1	0	0	1	2	0	0	0	0	0	1	0	2	0	0	0	0	0	0	0	0	0	0	0	0	0	0	1	0	0	0	0	4	0	0	0	0	0	0
0.03	north6_all	80	58524	25690	8453	11786	7152	3881	3447	4969	1878	1746	1229	1103	1206	806	1046	705	1038	782	503	601	327	307	421	200	322	205	156	206	253	124	145	268	101	83	81	77	58	54	55	54	42	40	34	25	39	36	17	28	23	8	24	17	22	18	12	10	6	17	13	12	15	18	29	3	4	4	6	7	4	3	2	4	4	1	5	2	1	2	2	2	4	1	0	0	1	1	2	6	1	0	0	0	2	0	3	0	0	0	1	1	2	0	0	0	0	0	0	0	0	0	0	0	0	0	0	1	0	0	0	0	4	0	0	0	1	0	0
0.03	north6_active	80	48455	20984	2747	9802	5455	1946	2141	4237	738	949	290	288	754	180	702	352	881	583	283	457	96	142	322	88	226	41	53	150	208	52	107	231	53	41	27	43	43	37	14	33	24	28	15	12	26	20	2	17	5	7	16	13	16	17	6	5	3	14	9	9	4	14	29	1	3	3	4	3	3	1	1	0	2	1	2	2	1	2	2	1	3	1	0	0	1	0	1	6	1	0	0	0	2	0	2	0	0	0	1	0	2	0	0	0	0	0	0	0	0	0	0	0	0	0	0	1	0	0	0	0	4	0	0	0	0	0	0
0.03	north7_all	80	59218	26326	8595	11913	7154	3901	3461	4754	1851	1779	1253	1125	1198	814	1048	674	990	783	497	580	329	319	401	217	309	194	159	217	248	118	146	289	102	90	81	78	72	54	53	46	42	38	27	27	36	44	18	31	17	8	23	15	21	18	15	12	6	13	10	11	10	9	12	3	4	4	4	6	1	3	2	3	4	0	5	3	1	2	2	2	7	1	0	0	0	1	1	0	1	1	0	0	1	0	2	0	0	0	1	0	2	0	0	0	0	0	0	0	0	0	0	0	0	0	0	0	0	0	0	0	4	0	0	0	0	0	0
0.03	north7_active	80	49149	21545	2807	9875	5454	1950	2153	4061	698	949	305	290	741	176	730	362	845	585	283	439	110	147	304	93	203	47	58	160	206	41	109	258	55	41	30	44	50	44	12	23	21	27	10	12	23	23	4	18	3	8	19	13	14	11	13	8	2	10	6	8	4	6	9	1	3	3	2	4	1	2	1	0	2	0	2	3	1	2	2	1	6	0	0	0	0	0	1	0	1	1	0	0	1	0	2	0	0	0	1	0	2	0	0	0	0	0	0	0	0	0	0	0	0	0	0	0	0	0	0	0	4	0	0	0	0	0	0
0.03	north8_all	80	58972	26314	8494	11675	7128	3889	3484	4756	1802	1729	1231	1114	1185	797	1016	653	993	769	528	562	332	297	427	232	310	190	169	245	262	114	138	225	97	87	84	72	71	63	50	47	48	38	29	27	25	39	24	19	15	14	19	30	21	16	14	10	6	9	13	7	11	9	13	2	3	3	10	5	2	2	1	2	1	0	7	4	1	3	2	0	7	1	0	0	0	0	1	2	1	1	0	0	0	0	2	0	2	0	0	0	0	0	0	0	0	0	0	0	0	0	0	0	0	0	0	0	0	0	0	0	0	0	0	0	0	0	0
0.03	north8_active	80	48951	21577	2774	9649	5414	1935	2160	4035	661	907	321	302	718	175	717	349	844	572	296	412	114	133	316	88	206	59	65	181	215	34	96	199	49	38	27	37	45	45	12	26	21	25	9	16	19	18	11	11	4	12	17	21	12	8	12	7	3	5	9	3	3	6	9	0	2	1	8	4	1	1	0	0	0	0	3	4	1	3	2	0	6	0	0	0	0	0	1	2	1	1	0	0	0	0	2	0	2	0	0	0	0	0	0	0	0	0	0	0	0	0	0	0	0	0	0	0	0	0	0	0	0	0	0	0	0	0	0
0.03	north9_all	80	59055	26296	8391	11663	7041	3945	3346	4815	1816	1714	1260	1081	1223	781	1112	659	1071	732	518	583	346	302	430	226	299	182	182	227	246	113	143	221	88	100	93	70	75	66	38	47	46	35	28	24	39	38	28	17	17	14	19	28	32	22	16	14	6	7	14	10	7	4	13	2	2	3	9	5	3	1	0	2	1	1	7	6	2	1	0	0	4	1	0	0	0	0	0	2	0	1	0	0	0	0	2	0	2	0	0	0	0	0	0	0	0	0	0	0	0	1	0	0	0	0	0	0	0	0	0	0	0	0	0	0	0	0	0
0.03	north9_active	80	49003	21487	2757	9661	5254	1956	2057	4092	682	878	339	272	753	171	803	337	897	537	300	436	117	137	315	83	197	64	75	177	201	34	95	192	39	43	34	44	46	42	7	25	19	23	7	14	33	17	13	12	3	11	17	19	24	14	13	12	2	4	10	7	1	2	9	0	2	0	8	5	1	1	0	0	0	0	3	5	1	1	0	0	3	0	0	0	0	0	0	2	0	1	0	0	0	0	2	0	2	0	0	0	0	0	0	0	0	0	0	0	0	1	0	0	0	0	0	0	0	0	0	0	0	0	0	0	0	0	0
0.03	north10_all	80	58823	26087	8485	11507	7342	3862	3326	4793	1837	1717	1246	1083	1242	783	1094	660	1086	748	519	585	323	312	430	231	311	182	171	235	273	126	156	220	88	93	94	82	84	59	38	48	44	36	37	29	43	36	29	19	23	19	20	34	28	21	14	17	6	13	14	12	5	9	14	5	6	4	9	2	6	1	2	5	2	1	5	5	2	1	1	1	3	0	0	0	0	2	0	2	0	0	0	1	0	0	0	0	2	0	0	0	0	0	0	0	0	0	0	0	0	1	0	0	0	0	0	0	0	0	0	0	0	0	0	0	0	0	0
0.03	north10_active	80	48693	21305	2785	9530	5483	1921	2030	4064	689	884	338	285	769	158	782	326	892	563	301	437	108	142	319	73	208	68	79	188	222	44	102	180	42	42	35	53	53	30	7	29	16	22	12	15	37	13	11	13	4	12	18	24	22	13	11	12	3	11	10	9	1	7	11	0	5	0	8	2	4	0	2	0	0	0	3	3	1	1	1	1	3	0	0	0	0	1	0	2	0	0	0	0	0	0	0	0	2	0	0	0	0	0	0	0	0	0	0	0	0	1	0	0	0	0	0	0	0	0	0	0	0	0	0	0	0	0	0
0.03	north11_all	80	55922	24989	8363	11196	6783	3634	3439	4342	1953	1759	1263	1103	1163	764	930	636	1159	680	470	559	328	330	367	220	323	188	156	253	259	108	150	216	92	98	87	75	70	74	50	67	40	37	42	22	35	31	26	29	11	15	22	21	18	13	8	6	5	15	8	15	4	10	24	5	4	4	2	0	2	1	7	3	2	2	2	8	1	2	4	0	2	0	3	1	0	1	1	1	0	1	0	0	0	0	1	0	0	1	0	0	0	0	0	1	0	0	0	0	0	0	0	0	0	0	0	0	0	0	5	0	0	0	0	0	0	1	0
0.03	north11_active	80	45566	20007	2473	9156	4949	1776	2044	3642	714	923	315	286	708	206	614	283	972	487	249	411	109	158	249	86	201	52	66	187	206	40	100	167	33	46	36	24	41	36	15	38	20	17	17	6	28	12	8	18	5	5	10	12	12	7	6	5	0	8	5	12	1	6	24	2	3	1	2	0	2	0	6	1	0	2	1	7	0	1	4	0	0	0	1	1	0	1	1	1	0	1	0	0	0	0	0	0	0	0	0	0	0	0	0	0	0	0	0	0	0	0	0	0	0	0	0	0	0	0	5	0	0	0	0	0	0	1	0
0.03	north12_all	80	58237	25939	8547	11618	7050	3831	3548	4593	1950	1856	1242	1096	1217	757	950	664	1181	711	483	559	320	326	359	232	291	205	167	261	320	112	137	193	80	95	92	77	76	85	52	76	33	45	34	22	37	32	18	38	13	15	22	19	18	14	14	7	5	9	9	14	3	9	25	3	6	3	2	0	3	2	5	2	4	5	2	7	1	2	4	0	1	0	3	1	0	1	1	2	0	0	1	0	1	0	1	1	0	0	1	0	0	0	0	1	0	0	0	0	0	0	0	1	0	0	0	0	0	0	5	0	0	0	0	1	0	1	0
0.03	north12_active	80	48248	21148	2714	9699	5293	1965	2176	3913	755	984	334	280	769	186	652	332	1004	516	254	426	111	153	237	82	189	47	81	203	277	40	93	144	31	42	43	29	50	47	18	45	13	28	16	9	31	11	9	23	4	5	11	12	12	7	6	3	1	5	7	11	1	6	25	2	5	1	2	0	2	0	3	0	2	5	2	7	0	2	4	0	0	0	1	1	0	1	1	2	0	0	0	0	0	0	0	0	0	0	0	0	0	0	0	0	0	0	0	0	0	0	0	0	0	0	0	0	0	0	5	0	0	0	0	0	0	1	0
0.03	north13_all	80	58681	26171	8583	11845	7101	3871	3599	4782	1926	1799	1274	1102	1263	759	917	681	1164	744	471	575	328	325	376	236	279	192	181	281	352	118	133	229	73	102	89	64	74	89	57	78	34	51	34	32	42	43	24	33	19	21	25	38	18	12	10	6	4	11	6	23	3	5	14	2	5	4	1	2	4	3	4	4	3	4	3	11	1	1	2	0	8	0	2	0	0	1	2	2	0	0	1	0	2	0	1	1	0	0	1	0	0	0	0	1	0	1	0	0	0	0	0	1	0	0	0	0	0	0	0	0	0	0	0	1	0	0	0
0.03	north13_active	80	48720	21383	2770	9891	5341	1940	2202	4096	738	935	346	277	780	190	617	353	987	550	256	425	110	162	248	78	187	39	88	226	321	35	94	183	27	46	41	23	45	48	17	48	13	33	18	14	34	21	11	21	7	8	17	32	13	6	3	2	2	7	4	21	0	2	14	1	4	1	1	1	3	1	2	0	2	4	2	11	1	1	2	0	8	0	1	0	0	0	1	2	0	0	0	0	1	0	0	0	0	0	0	0	0	0	0	0	0	0	0	0	0	0	0	0	0	0	0	0	0	0	0	0	0	0	0	0	0	0	0
0.03	north14_all	80	58379	25974	8569	11968	7127	3896	3534	4711	1919	1809	1290	1082	1258	778	935	682	1110	734	488	548	327	318	397	249	268	191	184	302	357	123	138	214	71	94	74	53	89	90	52	72	43	58	31	39	37	35	23	29	20	19	21	42	19	13	18	14	7	8	10	25	4	4	13	4	4	5	2	4	3	3	2	3	2	5	3	6	1	1	2	3	8	0	1	0	0	1	1	2	0	0	1	0	2	0	0	2	0	0	1	0	0	0	0	0	0	1	0	0	0	0	0	1	0	0	0	0	0	0	0	0	0	0	0	1	0	0	0
0.03	north14_active	80	48481	21233	2766	9950	5393	1929	2190	3982	755	923	344	270	791	188	634	346	932	548	271	396	109	146	281	76	187	36	87	243	326	39	94	173	28	47	31	23	60	50	13	45	20	38	17	18	29	18	9	15	8	8	17	36	17	5	7	6	3	4	7	24	1	1	11	1	4	2	1	3	2	1	1	0	2	4	1	5	1	1	2	2	8	0	1	0	0	0	0	2	0	0	0	0	1	0	0	0	0	0	0	0	0	0	0	0	0	0	0	0	0	0	0	0	0	0	0	0	0	0	0	0	0	0	0	0	0	0	0
0.03	north15_all	80	58424	26206	8452	11869	7219	3772	3512	4864	1912	1827	1317	1062	1263	794	939	647	1119	730	488	604	310	328	392	240	306	182	173	286	341	117	124	220	89	96	65	51	86	72	47	67	45	45	32	43	39	36	22	23	31	20	19	43	7	12	15	16	7	7	14	34	9	4	15	6	3	5	3	4	4	2	1	3	1	3	2	10	1	0	2	3	8	0	2	0	1	1	2	2	0	0	1	0	1	0	0	2	1	0	0	0	0	0	0	0	0	1	0	0	0	0	0	0	0	0	2	0	0	0	0	0	0	0	0	0	0	0	0
0.03	north15_active	80	48489	21441	2715	9829	5435	1826	2206	4136	731	950	346	260	771	169	625	322	924	541	273	441	115	142	282	88	212	37	73	221	304	34	86	180	38	56	20	23	59	38	6	42	24	27	16	19	27	19	7	16	11	8	17	37	7	5	5	9	4	4	10	33	3	0	13	2	3	2	2	3	3	1	0	0	1	1	0	9	1	0	2	2	8	0	2	0	0	0	0	2	0	0	0	0	1	0	0	0	1	0	0	0	0	0	0	0	0	0	0	0	0	0	0	0	0	0	2	0	0	0	0	0	0	0	0	0	0	0	0
0.03	north16_all	80	58640	26153	8429	12093	7186	3770	3470	4850	1905	1818	1292	1076	1214	819	983	624	1168	741	484	611	317	310	393	263	289	171	180	255	320	112	121	194	98	87	91	63	81	69	52	66	50	33	35	45	28	27	22	26	32	17	17	23	16	8	11	16	10	26	16	21	9	6	14	5	2	8	5	5	7	3	1	5	3	4	1	5	0	0	4	4	9	0	1	0	2	1	2	0	0	0	0	0	1	0	0	1	3	0	0	0	0	0	0	0	0	0	0	0	0	0	0	0	0	1	2	0	0	0	0	0	0	0	0	0	0	0	0
0.03	north16_active	80	48698	21405	2709	10086	5411	1857	2177	4124	715	957	346	271	755	174	649	293	961	556	264	452	113	139	279	105	185	42	80	189	275	42	81	155	41	52	32	36	49	40	9	40	26	17	14	22	19	11	7	18	11	7	14	16	10	4	5	10	4	25	14	19	4	2	11	1	1	3	3	2	6	3	1	1	2	2	0	4	0	0	4	3	8	0	1	0	1	0	0	0	0	0	0	0	1	0	0	0	1	0	0	0	0	0	0	0	0	0	0	0	0	0	0	0	0	0	2	0	0	0	0	0	0	0	0	0	0	0	0
0.03	north17_all	80	58594	26179	8390	11881	7287	3799	3425	4794	1937	1755	1243	1089	1188	784	988	632	1218	778	499	608	334	291	364	252	275	175	173	215	290	121	126	174	111	93	91	81	77	68	44	63	48	47	39	42	38	26	28	26	31	15	15	16	15	6	5	11	10	31	19	24	8	9	11	6	3	4	5	4	5	2	5	5	4	3	2	7	11	0	3	2	2	0	1	0	2	0	1	1	0	0	0	0	0	0	0	1	3	0	0	0	0	0	0	0	0	0	0	0	0	0	0	0	0	1	2	0	0	0	0	0	0	0	0	0	0	0	0
0.03	north17_active	80	48805	21471	2684	9875	5512	1910	2145	4092	743	935	335	277	711	172	645	285	1012	594	284	460	121	119	247	104	181	49	71	158	238	47	79	130	45	51	34	49	48	42	8	36	22	26	14	20	28	16	11	21	10	5	9	11	8	4	2	7	4	28	17	22	3	6	9	3	2	1	3	2	4	2	1	1	2	2	0	4	11	0	3	1	0	0	1	0	1	0	0	0	0	0	0	0	0	0	0	0	1	0	0	0	0	0	0	0	0	0	0	0	0	0	0	0	0	0	2	0	0	0	0	0	0	0	0	0	0	0	0
0.03	north18_all	80	58246	26340	8480	11761	7208	3852	3449	4726	1960	1745	1267	1099	1165	793	1023	637	1202	801	501	653	327	313	356	251	256	164	172	192	274	131	151	188	97	78	99	90	74	63	49	68	48	47	34	36	39	31	26	24	27	19	20	11	20	8	5	11	9	35	16	11	6	9	5	8	4	3	3	8	4	2	6	5	4	2	1	6	13	1	3	1	2	0	1	0	2	0	3	1	0	0	0	0	0	0	0	0	3	0	0	0	0	0	0	0	0	0	0	0	0	0	0	0	0	1	0	0	0	0	0	0	0	0	0	0	0	0	0
0.03	north18_active	80	48400	21563	2703	9791	5434	1957	2144	4010	777	917	350	285	705	185	674	285	1026	625	287	493	107	135	265	101	161	43	78	136	229	54	93	141	39	41	47	55	50	37	12	42	22	30	14	15	31	21	13	19	7	7	12	7	11	3	3	9	4	32	15	10	1	6	3	3	1	1	2	1	3	2	2	1	2	2	0	4	13	0	3	1	0	0	1	0	1	0	0	0	0	0	0	0	0	0	0	0	0	0	0	0	0	0	0	0	0	0	0	0	0	0	0	0	0	0	0	0	0	0	0	0	0	0	0	0	0	0	0
0.03	north19_all	80	58746	26340	8606	11685	7200	3853	3535	4745	1960	1784	1300	1103	1200	781	997	647	1166	841	515	680	327	341	363	219	300	162	176	200	317	138	136	197	88	81	101	85	66	65	51	59	38	48	30	32	50	26	26	29	26	17	15	9	23	10	12	9	12	43	12	16	8	9	7	8	5	4	3	7	4	0	6	2	5	2	2	5	13	1	0	0	2	0	0	0	2	1	2	1	0	0	0	0	0	0	0	0	2	0	0	0	0	0	0	0	0	0	0	0	0	0	0	0	0	0	0	0	0	0	0	0	0	0	0	0	0	0	0
0.03	north19_active	80	48787	21509	2704	9650	5455	1941	2274	4017	787	937	347	278	737	189	669	304	995	666	293	536	101	157	274	79	200	45	68	145	273	56	78	159	30	44	46	49	50	33	11	35	13	35	14	16	40	21	14	24	9	5	9	5	14	4	7	6	5	40	11	16	1	6	6	3	2	2	1	1	3	0	2	0	1	2	0	3	13	0	0	0	0	0	0	0	1	1	0	0	0	0	0	0	0	0	0	0	0	0	0	0	0	0	0	0	0	0	0	0	0	0	0	0	0	0	0	0	0	0	0	0	0	0	0	0	0	0	0
0.03	north20_all	80	59108	26407	8603	11495	7074	3862	3632	4687	1951	1813	1316	1071	1200	801	956	671	1109	857	508	671	313	357	373	220	328	164	167	216	313	148	158	164	92	77	94	98	63	62	53	63	38	51	28	40	41	23	22	32	19	15	19	11	24	13	12	12	7	30	10	19	11	5	15	8	5	5	4	6	4	2	1	2	3	0	5	3	8	2	0	0	2	0	2	0	1	1	2	0	0	0	0	0	1	0	0	0	1	1	0	0	0	0	0	0	0	0	0	0	0	0	0	0	0	0	0	0	0	0	0	0	0	0	0	0	0	0	1
0.03	north20_active	80	49106	21540	2727	9460	5377	1932	2339	3970	790	962	333	275	748	188	627	314	951	681	279	527	91	164	283	75	234	35	57	150	277	64	90	124	31	42	48	61	45	29	12	33	11	39	14	18	32	17	12	26	6	3	15	7	16	6	7	7	3	27	9	18	2	3	13	2	2	1	2	0	3	1	1	0	0	0	1	3	8	0	0	0	2	0	2	0	0	1	0	0	0	0	0	0	0	0	0	0	0	1	0	0	0	0	0	0	0	0	0	0	0	0	0	0	0	0	0	0	0	0	0	0	0	0	0	0	0	0	0
0.03	south21_all	80	30740	17594	11881	7714	4354	3393	2688	2204	1842	1484	1347	1063	1429	966	871	607	638	487	565	388	370	348	285	313	223	201	198	144	184	133	127	103	105	78	56	61	53	52	52	40	42	36	24	22	28	26	26	29	15	21	20	20	14	21	17	14	7	5	7	15	11	4	3	3	13	8	2	6	9	4	1	1	2	5	2	3	2	1	2	4	0	3	0	3	1	1	0	1	1	0	0	1	0	0	0	0	0	1	1	0	0	0	0	1	0	1	0	0	0	0	0	0	0	0	0	0	0	0	0	0	0	0	0	0	0	0	0
0.03	south21_active	80	12513	10747	8230	4904	1044	798	809	515	560	479	508	274	1040	527	518	148	330	199	344	148	188	130	132	204	87	54	61	39	127	66	57	50	60	25	19	15	20	13	21	16	25	11	12	7	12	6	12	14	8	15	10	14	1	3	5	3	2	0	3	11	4	2	1	2	10	7	1	2	9	4	1	0	0	3	1	2	1	0	1	2	0	1	0	3	1	0	0	1	0	0	0	1	0	0	0	0	0	0	0	0	0	0	0	1	0	1	0	0	0	0	0	0	0	0	0	0	0	0	0	0	0	0	0	0	0	0	0
0.03	south22_all	80	32941	19609	13926	8634	4472	3437	2821	2225	1808	1465	1304	1059	1638	1107	1057	634	710	513	647	367	429	383	282	322	229	191	180	160	218	143	128	99	122	77	55	58	49	50	63	44	51	40	28	24	29	26	23	29	16	23	17	17	17	18	17	11	6	5	7	8	9	8	4	4	19	7	2	4	9	4	2	2	2	3	1	3	1	1	2	2	1	3	0	3	1	1	1	1	0	0	0	1	0	0	2	0	0	0	1	0	0	0	0	1	0	1	0	0	0	0	0	0	0	0	0	0	0	0	0	0	0	0	0	0	0	0	0
0.03	south22_active	80	15817	13405	10517	6125	1365	1033	1028	631	568	471	446	319	1283	710	740	188	423	243	447	126	249	176	152	229	73	60	48	47	164	77	65	54	73	26	22	18	20	13	35	17	32	19	18	8	11	8	14	16	9	19	8	14	5	4	4	3	1	2	3	6	6	1	1	2	15	6	1	1	9	4	1	0	2	2	1	1	1	0	1	1	1	1	0	3	1	0	0	1	0	0	0	1	0	0	0	0	0	0	0	0	0	0	0	1	0	1	0	0	0	0	0	0	0	0	0	0	0	0	0	0	0	0	0	0	0	0	0
0.03	south23_all	80	34667	21996	15840	9764	4594	3528	2948	2283	1868	1458	1294	1048	1875	1219	1157	672	726	578	688	362	440	415	301	418	231	206	175	158	272	165	128	105	125	80	59	58	48	54	61	44	69	43	39	28	23	25	31	30	20	28	21	27	19	15	14	12	5	6	11	6	8	6	5	2	20	10	4	3	8	1	2	4	2	3	2	3	2	1	4	1	1	2	0	0	0	1	1	1	0	0	0	1	1	0	2	0	0	0	1	0	0	0	0	0	0	1	0	0	0	0	0	0	0	0	0	0	0	0	0	0	0	0	0	0	0	0	0
0.03	south23_active	80	18885	16438	12742	7460	1622	1289	1208	788	588	440	377	361	1550	838	870	229	464	315	506	96	281	248	180	335	70	70	47	54	226	103	71	68	75	23	19	24	17	18	36	18	45	20	28	12	14	12	20	17	11	21	12	24	9	3	2	2	0	3	5	4	6	1	1	0	18	9	2	1	8	1	1	0	2	2	1	1	1	0	3	0	1	1	0	0	0	1	0	1	0	0	0	1	0	0	0	0	0	0	0	0	0	0	0	0	0	1	0	0	0	0	0	0	0	0	0	0	0	0	0	0	0	0	0	0	0	0	0
0.03	south24_all	80	36496	24290	17991	10883	4668	3586	2993	2348	1827	1516	1263	1092	2056	1313	1226	675	818	583	717	366	480	476	335	454	225	184	169	180	321	184	124	135	148	88	63	64	53	53	60	47	78	42	43	25	27	28	27	18	21	32	16	32	24	10	14	9	8	5	9	7	6	7	8	2	18	13	8	2	5	2	3	6	2	3	4	2	2	1	3	0	2	3	0	0	0	1	1	0	0	3	0	1	2	0	2	0	0	0	0	0	0	0	0	0	0	0	0	0	0	0	0	0	0	0	0	0	0	0	0	0	0	0	0	0	0	0	0
0.03	south24_active	80	22022	19281	15142	8786	1882	1495	1340	921	595	483	319	421	1745	990	979	262	576	345	561	78	340	326	215	382	62	70	48	70	281	127	80	91	102	27	20	30	16	17	39	22	58	22	28	13	15	13	20	11	13	28	10	29	15	4	2	0	3	4	3	4	4	2	0	0	16	13	5	1	5	2	0	1	2	1	1	0	1	1	2	0	2	1	0	0	0	1	0	0	0	0	0	1	0	0	0	0	0	0	0	0	0	0	0	0	0	0	0	0	0	0	0	0	0	0	0	0	0	0	0	0	0	0	0	0	0	0	0
0.03	south25_all	80	36860	25184	18107	11379	4686	3669	2971	2345	1886	1498	1277	1145	2080	1364	1110	652	847	610	721	361	493	451	372	475	228	194	177	172	324	188	125	144	143	90	72	57	57	51	57	50	96	40	53	29	33	25	31	15	24	35	22	36	23	12	12	9	11	7	9	9	7	2	7	1	4	10	10	3	4	2	3	4	0	4	4	1	2	2	3	0	1	2	0	0	0	1	0	0	1	3	0	0	3	0	0	0	0	0	0	0	0	0	0	0	0	0	0	0	0	0	0	0	0	0	0	0	0	0	0	0	0	0	0	0	0	0	0
0.03	south25_active	80	22688	20255	15412	9346	1957	1548	1374	942	623	479	303	447	1780	1075	852	256	629	381	558	64	356	324	249	396	60	76	56	71	291	138	80	100	109	26	21	27	20	15	33	23	74	19	34	18	20	12	21	9	15	29	16	31	13	5	3	1	4	3	5	6	4	1	0	1	3	10	7	1	4	2	1	1	0	2	1	0	1	2	2	0	1	0	0	0	0	1	0	0	0	0	0	0	0	0	0	0	0	0	0	0	0	0	0	0	0	0	0	0	0	0	0	0	0	0	0	0	0	0	0	0	0	0	0	0	0	0	0
0.03	south26_all	80	36647	25216	17974	11392	4621	3702	2939	2451	1850	1542	1278	1171	2058	1291	1088	626	826	604	718	388	498	484	401	483	203	203	167	162	338	187	120	159	145	93	69	66	55	51	52	50	74	36	47	30	34	32	27	15	27	28	16	34	20	13	9	14	12	14	8	10	8	5	7	2	2	4	14	1	6	2	3	3	2	4	4	0	1	3	2	1	2	2	0	2	0	0	0	0	1	3	0	2	3	0	0	0	0	0	0	0	0	0	0	0	0	0	0	0	0	0	0	0	0	0	1	0	0	0	0	0	0	0	0	0	0	0	0
0.03	south26_active	80	22671	20267	15246	9347	1942	1541	1378	956	597	513	305	447	1733	1022	843	238	594	365	559	76	359	353	261	401	54	82	55	72	303	137	77	110	115	31	19	32	20	17	27	27	55	18	32	15	19	18	17	8	20	21	12	28	9	5	2	4	5	7	5	6	5	3	2	2	0	4	10	0	5	2	1	1	2	2	1	0	1	2	2	0	1	0	0	2	0	0	0	0	0	0	0	1	0	0	0	0	0	0	0	0	0	0	0	0	0	0	0	0	0	0	0	0	0	0	0	0	0	0	0	0	0	0	0	0	0	0	0
0.03	south27_all	80	36598	25299	17750	11421	4612	3698	2931	2390	1874	1560	1273	1197	2019	1392	1138	629	795	619	724	380	454	465	391	477	186	210	168	154	330	194	131	139	137	88	65	70	44	45	48	48	72	47	38	37	40	29	31	19	30	23	31	28	14	11	8	15	9	15	14	14	13	7	5	6	3	5	10	2	5	1	2	1	2	1	5	6	2	2	0	1	4	1	1	2	0	0	0	1	1	3	0	2	2	0	0	0	0	0	0	0	0	0	0	1	0	0	0	0	0	0	0	0	0	0	1	0	0	0	0	0	0	0	0	0	0	0	0
0.03	south27_active	80	22567	20331	15040	9387	1928	1542	1378	938	596	513	307	475	1694	1080	893	242	581	378	576	76	322	350	254	393	52	78	57	63	294	141	85	94	103	30	16	34	18	17	25	26	57	27	26	17	26	18	22	10	23	16	22	23	7	4	2	5	2	7	10	11	10	4	3	5	1	5	7	0	4	1	1	0	2	1	1	6	2	1	0	0	3	0	1	2	0	0	0	0	0	0	0	1	0	0	0	0	0	0	0	0	0	0	0	1	0	0	0	0	0	0	0	0	0	0	0	0	0	0	0	0	0	0	0	0	0	0	0
0.03	south28_all	80	36950	25010	17984	11429	4586	3722	2955	2424	1871	1612	1288	1205	2065	1387	1203	648	766	659	756	375	464	460	379	475	174	205	167	155	314	175	155	140	123	87	55	77	44	46	50	51	48	46	39	37	33	28	35	26	31	22	31	22	9	13	11	16	7	17	15	15	11	9	5	6	6	8	7	2	11	1	0	2	2	2	2	6	2	1	0	1	7	0	1	3	0	0	0	1	0	0	0	2	1	0	0	1	0	0	0	0	0	0	0	1	0	0	0	0	0	0	0	1	0	0	1	0	0	0	0	0	0	0	0	0	0	0	0
0.03	south28_active	80	22833	20070	15218	9437	1911	1545	1428	937	596	505	300	485	1744	1073	943	252	561	400	608	73	337	348	231	395	43	78	53	59	274	117	105	99	90	30	14	41	17	19	25	26	34	28	28	19	22	18	26	13	23	16	22	19	2	5	3	4	3	8	10	12	9	4	3	4	2	7	4	0	10	0	0	0	2	2	0	6	2	0	0	0	6	0	1	3	0	0	0	0	0	0	0	1	0	0	0	0	0	0	0	0	0	0	0	1	0	0	0	0	0	0	0	0	0	0	0	0	0	0	0	0	0	0	0	0	0	0	0
0.03	south29_all	80	37163	24698	18559	11371	4567	3593	2927	2319	1853	1557	1269	1204	1997	1415	1171	683	816	629	726	362	428	460	363	494	178	176	166	162	318	178	158	149	134	92	64	69	43	41	51	50	51	54	39	40	37	28	39	31	26	19	35	19	11	15	9	19	13	21	15	19	11	7	6	10	7	14	8	3	10	8	0	3	0	2	2	6	3	2	0	0	6	1	1	1	0	0	0	2	1	0	2	0	0	0	0	1	0	1	0	0	0	0	0	1	0	0	0	0	0	0	0	1	0	1	0	0	0	0	0	0	0	0	0	0	0	0	0
0.03	south29_active	80	22903	19813	15814	9343	1886	1517	1406	908	576	477	303	484	1695	1101	928	280	615	383	594	73	305	340	232	422	51	59	56	59	273	123	100	121	97	28	17	35	15	14	26	23	37	31	23	25	27	16	30	18	17	16	25	17	6	5	2	6	5	11	12	14	6	4	4	6	2	12	6	0	9	7	0	0	0	2	0	6	3	1	0	0	6	1	1	1	0	0	0	0	1	0	2	0	0	0	0	0	0	1	0	0	0	0	0	1	0	0	0	0	0	0	0	0	0	1	0	0	0	0	0	0	0	0	0	0	0	0	0
0.03	south30_all	80	37414	24536	18737	11433	4586	3606	2977	2286	1867	1471	1282	1190	2022	1383	1129	669	854	637	751	366	449	429	358	491	191	168	149	158	262	150	158	147	128	81	67	70	53	55	60	48	53	56	41	40	39	26	52	36	21	24	26	14	16	17	7	14	16	13	15	19	6	8	4	10	6	14	7	2	9	8	0	2	0	3	0	2	2	1	0	0	3	1	0	3	0	0	0	2	1	0	2	0	0	0	0	1	0	1	0	0	0	0	0	1	0	0	0	0	0	0	0	1	0	1	0	0	0	0	0	0	0	0	2	0	0	0	0
0.03	south30_active	80	23049	19601	15961	9385	1876	1507	1435	904	581	445	315	450	1720	1095	869	273	644	389	602	69	327	298	235	416	56	58	47	66	216	98	90	113	99	22	16	34	13	22	32	22	39	35	25	31	28	12	39	24	11	21	19	14	10	5	2	3	5	7	8	15	1	3	2	5	2	12	2	0	9	7	0	0	0	3	0	2	2	1	0	0	3	1	0	3	0	0	0	0	1	0	2	0	0	0	0	0	0	1	0	0	0	0	0	1	0	0	0	0	0	0	0	0	0	1	0	0	0	0	0	0	0	0	2	0	0	0	0
0.03	south31_all	80	30691	17149	11682	7681	4402	3454	2626	2169	1825	1503	1424	1054	1335	1011	894	601	655	501	533	389	358	326	285	302	224	174	145	141	158	141	108	123	92	67	79	83	58	47	47	45	48	46	37	32	22	19	29	26	23	23	21	14	17	11	15	11	20	6	9	11	3	7	4	5	5	4	4	5	1	2	2	0	3	1	2	3	3	5	1	0	0	1	1	2	0	2	1	1	1	0	0	0	0	0	0	0	0	0	0	0	0	0	0	0	1	0	0	0	0	0	0	0	0	0	0	0	0	0	0	0	0	0	0	0	0	0	0
0.03	south31_active	80	12158	10306	8033	4892	1073	836	710	476	521	481	502	248	925	592	524	129	359	185	305	164	180	144	135	190	77	38	42	38	119	73	46	74	50	25	18	24	24	10	12	15	17	16	17	8	13	7	15	16	8	13	13	5	6	4	4	2	4	2	3	8	1	2	0	3	3	2	2	1	0	0	0	0	0	0	0	1	3	1	0	0	0	1	0	2	0	0	0	0	0	0	0	0	0	0	0	0	0	0	0	0	0	0	0	0	1	0	0	0	0	0	0	0	0	0	0	0	0	0	0	0	0	0	0	0	0	0	0
0.03	south32_all	80	31287	17844	12281	8149	4372	3418	2724	2152	1820	1533	1397	1061	1381	1077	896	600	707	497	539	368	347	352	288	289	199	173	157	144	173	145	102	130	110	74	79	78	53	43	49	45	35	41	40	36	31	22	38	30	14	18	17	20	16	12	14	8	18	6	12	10	5	6	4	4	5	5	2	7	3	2	2	0	4	2	1	1	2	4	0	0	0	2	2	2	0	1	0	0	1	0	0	0	0	0	0	0	0	0	0	0	0	0	0	0	0	0	0	0	0	0	0	0	1	0	0	0	0	0	0	0	0	0	0	0	0	0	0
0.03	south32_active	80	13067	11152	8654	5482	1157	894	807	493	508	501	474	256	994	671	553	138	427	202	329	145	188	187	146	186	68	34	46	34	132	79	51	83	71	30	22	23	17	11	11	12	13	13	23	13	17	10	23	20	6	12	10	14	4	4	4	2	5	2	4	7	2	2	0	2	3	3	1	1	2	0	0	0	1	1	0	1	2	2	0	0	0	1	0	2	0	0	0	0	0	0	0	0	0	0	0	0	0	0	0	0	0	0	0	0	0	0	0	0	0	0	0	0	0	0	0	0	0	0	0	0	0	0	0	0	0	0	0
0.03	south33_all	80	33273	19990	14308	9376	4400	3468	2774	2194	1842	1579	1327	1074	1573	1190	1005	610	785	565	585	379	388	363	317	360	208	181	159	159	202	143	114	130	122	80	69	70	53	50	50	46	40	43	58	38	41	16	36	27	16	18	14	31	16	13	13	4	14	7	11	6	5	5	5	6	7	5	3	3	8	4	5	2	6	2	2	0	1	3	0	0	0	2	2	2	0	0	1	0	1	0	0	0	1	0	0	0	0	3	0	0	0	0	0	0	0	0	0	0	0	0	0	0	1	0	0	0	0	0	0	1	0	0	0	0	0	0	0
0.03	south33_active	80	16245	13903	10957	6906	1399	1123	996	659	561	519	417	299	1215	807	697	181	531	296	386	133	236	220	186	256	74	42	46	46	165	89	66	90	78	27	24	24	19	16	17	13	24	15	44	13	22	7	26	15	10	13	9	27	5	4	4	1	8	4	4	4	2	2	0	5	5	3	1	1	7	2	1	1	3	1	0	0	1	1	0	0	0	1	0	2	0	0	0	0	1	0	0	0	0	0	0	0	0	3	0	0	0	0	0	0	0	0	0	0	0	0	0	0	0	0	0	0	0	0	0	0	0	0	0	0	0	0	0
0.03	south34_all	80	34947	22223	16188	10399	4470	3504	2830	2238	1870	1581	1305	1094	1852	1336	1146	634	845	620	657	372	436	400	336	431	185	199	165	154	246	169	118	128	141	81	67	70	56	57	57	47	42	44	59	33	44	17	45	25	10	22	15	31	11	11	13	9	11	9	9	4	10	6	7	4	8	4	2	3	9	3	3	3	6	2	1	0	2	2	0	0	4	2	2	0	0	0	1	0	1	2	0	0	1	0	0	0	0	3	0	0	0	0	0	0	0	0	0	0	0	0	0	0	1	0	0	0	0	0	0	1	0	1	0	0	0	0	0
0.03	south34_active	80	19264	16697	13059	8206	1647	1309	1180	793	611	484	373	349	1524	981	874	235	594	369	480	112	281	272	214	341	57	58	51	53	210	122	71	93	102	24	29	29	15	15	27	14	28	17	45	13	25	9	35	12	7	17	9	28	5	5	4	1	8	3	5	1	6	2	1	4	4	3	0	0	8	2	1	1	3	1	0	0	1	1	0	0	4	0	0	0	0	0	0	0	1	0	0	0	0	0	0	0	0	3	0	0	0	0	0	0	0	0	0	0	0	0	0	0	0	0	0	0	0	0	0	0	0	1	0	0	0	0	0
0.03	south35_all	80	36799	24201	18125	11244	4567	3528	2962	2261	1836	1581	1296	1090	2042	1421	1245	634	908	657	738	362	495	451	357	463	195	198	166	161	285	221	119	148	162	72	60	70	54	56	66	49	45	41	60	29	49	19	26	24	14	23	16	29	15	15	11	7	10	12	9	8	13	8	6	5	7	5	2	2	8	3	4	6	6	0	1	0	3	4	0	1	4	1	0	0	0	0	1	0	1	2	0	1	1	0	0	0	0	3	0	0	0	0	1	0	0	0	0	0	0	0	0	0	0	0	0	0	0	0	0	1	0	1	0	0	0	0	0
0.03	south35_active	80	22303	19200	15246	9264	1853	1494	1395	931	638	460	312	399	1753	1079	982	262	685	414	575	82	334	325	242	390	51	64	57	66	254	162	74	107	125	17	22	31	18	13	39	25	31	18	44	15	32	9	22	12	9	16	11	24	10	7	6	1	8	3	4	4	9	3	1	5	2	4	0	0	8	2	1	2	3	0	0	0	2	0	0	0	4	0	0	0	0	0	0	0	1	0	0	1	0	0	0	0	0	3	0	0	0	0	1	0	0	0	0	0	0	0	0	0	0	0	0	0	0	0	0	0	0	1	0	0	0	0	0
0.03	south36_all	80	36709	24882	18166	11229	4678	3433	2914	2270	1821	1569	1300	1113	1991	1425	1311	618	851	681	737	373	517	418	372	482	203	196	168	147	283	227	95	150	150	76	65	80	57	53	66	49	49	31	43	33	34	26	24	26	18	23	27	27	19	15	9	8	10	12	9	8	14	8	6	2	8	12	2	2	6	2	6	4	4	1	1	0	4	6	0	1	4	2	0	0	1	0	1	0	1	2	0	1	0	1	0	0	0	3	0	0	0	0	1	0	0	0	1	0	0	0	0	0	0	0	0	0	0	1	0	0	0	1	0	0	0	0	0
0.03	south36_active	80	22359	19868	15359	9189	1897	1468	1384	937	629	453	332	412	1709	1081	1054	250	636	446	585	87	359	297	239	406	52	63	54	56	253	165	58	107	119	21	19	29	17	12	40	27	36	17	28	17	21	12	21	14	12	13	19	20	12	5	5	1	9	1	4	4	10	3	1	2	4	11	0	0	6	1	2	1	1	0	0	0	2	1	0	0	4	1	0	0	0	0	0	0	1	0	0	1	0	0	0	0	0	3	0	0	0	0	1	0	0	0	1	0	0	0	0	0	0	0	0	0	0	1	0	0	0	1	0	0	0	0	0
0.03	south37_all	80	37082	24975	18310	11347	4672	3445	2930	2267	1840	1556	1307	1110	1958	1338	1344	612	840	645	743	372	519	443	358	439	203	190	171	154	276	219	99	151	165	82	63	90	53	53	69	49	57	41	57	35	28	30	27	32	23	30	36	33	13	12	9	6	9	11	10	6	13	5	2	3	4	11	0	1	0	2	5	3	5	2	1	2	7	7	1	1	0	2	2	0	1	0	0	0	0	0	0	1	0	1	0	0	0	0	0	0	0	0	1	0	0	0	1	0	0	0	0	0	0	0	0	0	0	1	0	0	0	0	0	0	0	0	0
0.03	south37_active	80	22581	19996	15547	9351	1903	1473	1413	944	642	459	339	412	1662	1013	1070	230	636	395	592	86	378	333	227	356	49	58	50	56	243	152	63	104	134	27	15	30	16	15	40	25	36	22	46	18	15	17	22	18	15	21	28	25	7	3	4	2	6	3	5	4	10	1	0	2	3	9	0	0	0	1	2	1	3	1	1	2	5	2	1	0	0	2	1	0	0	0	0	0	0	0	0	1	0	0	0	0	0	0	0	0	0	0	1	0	0	0	1	0	0	0	0	0	0	0	0	0	0	1	0	0	0	0	0	0	0	0	0
0.03	south38_all	80	37022	24967	18557	11605	4694	3506	3001	2246	1832	1551	1270	1100	2064	1389	1297	628	837	663	736	393	508	472	354	449	204	194	164	147	297	174	118	150	129	90	58	81	50	47	66	41	64	43	64	37	24	36	32	34	24	33	43	46	13	10	12	7	12	10	5	19	13	3	3	2	4	10	0	1	2	2	4	1	6	2	1	2	6	7	1	1	0	2	2	1	1	0	0	0	0	0	0	0	0	1	0	0	0	0	1	0	0	0	0	0	0	0	1	0	0	0	1	0	0	0	0	0	0	1	0	0	0	0	0	0	0	0	0
0.03	south38_active	80	22587	20061	15850	9589	1919	1482	1447	904	644	464	319	421	1770	1089	1016	246	637	402	573	103	378	346	222	368	48	65	48	53	257	123	76	97	102	27	9	27	7	21	33	17	42	25	56	17	14	25	26	21	16	23	34	38	7	2	3	2	8	4	2	18	11	0	1	0	3	8	0	0	2	1	2	0	3	1	1	2	5	2	1	0	0	2	1	0	0	0	0	0	0	0	0	0	0	0	0	0	0	0	0	0	0	0	0	0	0	0	1	0	0	0	1	0	0	0	0	0	0	1	0	0	0	0	0	0	0	0	0
0.03	south39_all	80	36833	24784	18450	11593	4556	3488	3046	2301	1924	1524	1263	1078	2063	1404	1222	631	814	642	747	407	472	461	353	435	207	195	161	166	299	165	135	159	149	86	57	68	52	54	64	44	87	44	56	39	35	38	30	34	33	23	27	35	12	10	13	10	10	8	2	14	9	3	3	2	2	9	2	1	3	0	0	1	6	1	2	2	4	2	1	1	0	2	2	1	3	0	0	0	0	0	0	0	0	1	0	0	0	0	1	0	0	0	0	0	0	0	0	0	1	0	1	0	0	0	0	0	0	0	0	0	0	0	0	0	0	0	0
0.03	south39_active	80	22427	19860	15724	9561	1917	1446	1440	910	657	449	308	410	1759	1083	954	244	614	384	577	112	345	330	240	356	53	71	43	56	260	115	80	115	115	30	8	24	7	26	37	13	56	25	50	19	21	28	25	22	25	17	24	31	9	3	2	3	6	5	1	14	7	0	2	0	2	7	1	0	3	0	0	0	4	1	1	2	3	1	1	0	0	2	1	0	1	0	0	0	0	0	0	0	0	0	0	0	0	0	0	0	0	0	0	0	0	0	0	0	0	0	1	0	0	0	0	0	0	0	0	0	0	0	0	0	0	0	0
0.03	south40_all	80	36689	24604	18490	11756	4524	3533	3059	2333	1902	1514	1271	1085	2047	1392	1132	632	834	621	752	393	475	446	342	472	221	204	168	151	311	176	130	173	159	86	53	58	51	48	55	49	81	38	54	34	38	39	27	26	28	29	17	36	15	9	16	11	7	6	6	22	9	4	5	4	2	4	3	2	3	1	0	1	5	0	2	2	4	2	0	1	0	1	1	1	2	0	0	0	0	0	0	0	0	0	0	0	0	0	1	0	1	0	0	0	0	1	0	0	1	0	3	0	0	0	0	0	1	0	0	0	0	0	0	0	0	0	0
0.03	south40_active	80	22216	19681	15707	9699	1877	1499	1424	925	610	432	300	427	1733	1079	874	255	625	377	585	101	347	319	235	398	60	80	52	54	276	132	79	124	127	31	9	20	6	24	35	19	55	22	47	19	26	24	22	14	21	22	13	32	11	4	5	3	5	3	2	21	7	1	2	1	2	3	1	0	3	1	0	0	2	0	1	2	3	2	0	0	0	0	1	0	1	0	0	0	0	0	0	0	0	0	0	0	0	0	0	0	0	0	0	0	0	0	0	0	0	0	3	0	0	0	0	0	0	0	0	0	0	0	0	0	0	0	0
