label	Group	numOtus	Otu0	Otu1	Otu2	Otu3	Otu4	Otu5	Otu6	Otu7	Otu8	Otu9	Otu10	Otu11	Otu12	Otu13	Otu14	Otu15	Otu16	Otu17	Otu18	Otu19	Otu20	Otu21	Otu22	Otu23	Otu24	Otu25	Otu26	Otu27	Otu28	Otu29	Otu30	Otu31	Otu32	Otu33	Otu34	Otu35	Otu36	Otu37	Otu38	Otu39	Otu40	Otu41	Otu42	Otu43
0.03	north1_all	80	4355	2183	977	1124	468	724	266	540	149	91	368	39	49	32	30	130	6	37	67	7	6	1	9	5	9	1	0	2	1	1	0	0	1	0	0	0	0	0	0	0	1	0	0	0
0.03	north1_active	80	1138	1260	422	867	277	639	151	495	107	59	356	9	37	21	16	122	2	36	63	3	4	0	9	3	8	0	0	2	0	0	0	0	0	0	0	0	0	0	0	0	1	0	0	0
0.03	north2_all	80	4305	2178	1003	1114	454	670	259	567	169	91	345	45	51	28	32	97	7	45	62	5	6	1	12	1	8	1	0	2	2	1	0	0	0	0	0	0	0	0	0	0	1	0	0	0
0.03	north2_active	80	1149	1260	430	861	261	576	154	536	124	62	328	11	40	18	17	91	1	42	59	1	5	0	11	0	8	0	0	2	0	0	0	0	0	0	0	0	0	0	0	0	1	0	0	0
0.03	north3_all	80	4299	2212	1044	1103	471	702	271	574	179	84	295	49	61	22	31	91	11	43	95	3	6	2	18	0	8	2	0	2	1	1	0	0	0	0	0	0	0	1	0	0	1	0	0	0
0.03	north3_active	80	1112	1310	431	856	265	594	156	536	129	57	278	9	49	12	19	88	3	38	93	1	6	1	17	0	8	0	0	2	0	0	0	0	0	0	0	0	0	1	0	0	1	0	0	0
0.03	north4_all	80	4230	2197	1084	1213	447	696	265	522	193	90	317	50	55	25	34	98	12	62	61	3	6	2	18	1	7	2	0	1	2	1	0	1	1	0	0	0	0	1	1	0	0	0	0	0
0.03	north4_active	80	1078	1285	447	983	234	582	163	481	148	59	297	10	43	13	13	91	3	58	60	1	6	1	17	0	7	1	0	1	1	0	0	1	0	0	0	0	0	1	1	0	0	0	0	0
0.03	north5_all	80	4162	2131	1103	1214	419	684	265	491	179	99	337	44	57	21	26	129	10	81	62	4	3	3	14	3	3	3	0	1	1	1	0	1	1	0	1	0	1	1	1	0	0	0	0	0
0.03	north5_active	80	1078	1234	446	986	221	582	166	450	132	73	319	11	40	13	11	122	3	78	62	1	2	2	13	0	3	1	0	1	1	0	0	1	0	0	1	0	1	1	1	0	0	0	0	0
0.03	north6_all	80	4169	2125	1098	1219	412	673	274	532	197	119	402	46	56	35	32	155	9	51	60	8	3	2	16	5	3	3	0	1	1	0	0	1	1	0	1	0	1	1	1	0	0	0	0	0
0.03	north6_active	80	1083	1220	472	980	217	567	174	490	143	89	378	10	39	25	15	148	4	51	59	3	2	1	16	0	3	1	0	1	1	0	0	1	0	0	1	0	1	1	1	0	0	0	0	0
0.03	north7_all	80	4189	2132	1082	1208	412	632	266	516	190	118	387	52	46	31	22	123	11	34	41	9	6	2	18	4	2	2	0	0	0	0	0	0	0	0	1	0	1	0	0	0	0	0	0	0
0.03	north7_active	80	1094	1203	488	975	230	541	173	483	139	91	366	18	33	24	11	120	2	34	37	5	1	1	18	0	2	1	0	0	0	0	0	0	0	0	1	0	1	0	0	0	0	0	0	0
0.03	north8_all	80	4244	2129	1083	1199	436	724	266	529	183	119	373	57	40	25	23	92	9	37	29	8	8	1	16	3	4	2	1	0	0	0	1	0	0	0	0	0	0	0	0	0	0	0	1	0
0.03	north8_active	80	1138	1178	508	952	250	623	174	490	122	90	351	16	30	18	11	90	2	34	25	5	3	0	16	0	4	1	0	0	0	0	1	0	0	0	0	0	0	0	0	0	0	0	0	0
0.03	north9_all	80	4279	2134	1026	1183	450	704	280	552	173	102	385	53	33	24	21	66	10	55	37	5	10	1	10	0	7	1	1	0	0	0	1	0	0	0	0	0	0	0	0	0	0	0	1	0
0.03	north9_active	80	1131	1185	474	945	263	613	187	513	104	71	369	14	25	14	11	64	3	52	32	3	4	0	10	0	7	1	0	0	0	0	1	0	0	0	0	0	0	0	0	0	0	0	0	0
0.03	north10_all	80	4277	2118	1036	1171	468	746	288	573	177	102	334	50	37	27	18	79	5	56	28	1	9	2	8	1	8	1	1	0	0	0	1	0	1	0	0	0	0	0	0	0	0	0	1	1
0.03	north10_active	80	1151	1189	449	932	276	652	181	531	108	69	324	12	27	16	12	74	2	53	27	1	4	1	8	1	7	1	0	0	0	0	1	0	0	0	0	0	0	0	0	0	0	0	0	0
0.03	north11_all	80	4237	2143	1026	1163	455	737	237	618	171	106	231	36	64	24	17	82	16	66	33	8	7	1	38	1	2	1	2	3	0	0	0	4	0	0	0	0	0	0	0	0	0	0	0	0
0.03	north11_active	80	1051	1176	456	951	228	644	132	572	124	64	215	12	47	12	8	79	5	64	30	4	3	0	37	0	0	1	1	2	0	0	0	4	0	0	0	0	0	0	0	0	0	0	0	0
0.03	north12_all	80	4143	2102	1037	1227	435	700	242	589	195	110	247	37	62	30	15	70	12	78	38	6	5	2	39	1	2	2	1	1	0	0	0	4	0	0	0	0	0	1	0	0	0	0	0	0
0.03	north12_active	80	1069	1168	460	1011	235	607	138	544	132	68	231	11	44	16	7	66	4	77	37	2	3	0	39	0	1	1	0	0	0	0	0	4	0	0	0	0	0	1	0	0	0	0	0	0
0.03	north13_all	80	4157	2115	1060	1233	436	702	245	576	169	106	308	35	57	39	19	121	8	108	50	9	5	1	35	1	2	1	1	0	0	0	0	0	0	0	0	1	0	1	0	0	0	0	0	0
0.03	north13_active	80	1097	1154	466	991	247	611	152	522	112	67	293	9	40	24	8	116	3	105	47	5	4	0	35	0	2	0	0	0	0	0	0	0	0	0	0	1	0	1	0	0	0	0	0	0
0.03	north14_all	80	4219	2103	1079	1191	454	737	252	522	154	102	311	37	38	50	23	142	7	85	45	9	2	2	32	1	3	1	0	0	0	0	1	0	0	0	0	2	0	1	0	0	0	0	0	0
0.03	north14_active	80	1088	1147	473	955	244	656	164	469	94	67	294	8	25	30	10	138	3	80	43	4	2	1	32	0	2	0	0	0	0	0	0	0	0	0	0	1	0	1	0	0	0	0	0	0
0.03	north15_all	80	4333	2049	1103	1175	484	699	259	538	159	106	343	40	36	50	22	133	7	89	51	8	1	3	11	3	3	1	0	0	0	0	1	0	0	0	0	2	0	0	0	0	0	0	0	0
0.03	north15_active	80	1075	1166	460	936	239	618	169	494	105	71	325	7	22	30	12	128	3	81	49	4	1	1	11	2	2	1	0	0	0	0	0	0	0	0	0	1	0	0	0	0	0	0	0	0
0.03	north16_all	80	4422	2005	1073	1132	518	707	257	493	170	106	356	42	41	40	29	119	10	44	49	10	3	4	6	3	3	1	0	0	0	0	1	0	0	0	0	2	0	0	0	0	0	0	0	0
0.03	north16_active	80	1067	1144	453	900	261	609	170	454	113	66	340	6	34	20	19	116	3	36	47	5	1	1	6	2	2	1	0	0	0	0	0	0	0	0	0	1	0	0	0	0	0	0	0	0
0.03	north17_all	80	4389	2025	1053	1155	503	707	268	528	178	122	368	43	36	35	33	80	8	37	49	4	5	5	11	2	2	1	0	0	0	0	0	0	1	0	0	0	0	0	0	0	1	0	0	0
0.03	north17_active	80	1062	1172	439	913	253	598	174	483	127	80	354	8	27	20	21	75	2	34	49	1	2	1	9	2	2	1	0	0	0	0	0	0	1	0	0	0	0	0	0	0	1	0	0	0
0.03	north18_all	80	4297	2062	1030	1179	488	727	251	511	169	117	357	41	36	23	30	69	8	26	32	4	6	2	12	2	1	1	0	0	0	0	0	0	1	0	0	0	0	0	0	0	1	0	0	0
0.03	north18_active	80	1037	1186	456	944	263	612	164	468	118	74	342	7	27	13	20	66	1	26	32	1	3	0	10	2	1	1	0	0	0	0	0	0	1	0	0	0	0	0	0	0	1	0	0	0
0.03	north19_all	80	4269	2040	1020	1104	461	732	234	536	153	96	351	48	50	28	28	92	9	45	22	4	6	1	13	2	8	0	0	0	0	0	0	1	1	0	0	0	0	0	0	0	1	0	0	0
0.03	north19_active	80	1047	1169	473	868	259	620	149	496	105	66	337	9	32	19	16	89	1	44	19	1	2	0	11	1	7	0	0	0	0	0	0	0	1	0	0	0	0	0	0	0	1	0	0	0
0.03	north20_all	80	4226	2099	1033	1152	463	727	240	533	146	98	317	52	50	26	26	93	12	38	36	5	5	0	14	2	7	0	0	0	0	0	0	1	1	1	0	0	0	0	0	0	0	0	0	0
0.03	north20_active	80	1035	1219	471	915	262	621	155	491	98	67	299	10	30	14	17	90	2	36	33	2	4	0	14	1	6	0	0	0	0	0	0	0	1	0	0	0	0	0	0	0	0	0	0	0
0.03	south21_all	80	6212	1753	1961	584	410	354	561	152	114	182	48	27	31	25	47	13	28	11	8	4	6	7	2	3	5	1	4	0	0	0	0	0	0	0	0	0	1	0	0	0	0	0	0	0
0.03	south21_active	80	4160	401	1541	110	106	227	491	30	53	165	10	10	20	4	40	9	16	2	5	2	5	6	1	2	4	0	3	0	0	0	0	0	0	0	0	0	0	0	0	0	0	0	0	0
0.03	south22_all	80	6405	1770	2109	567	411	368	564	136	109	217	50	39	38	21	46	18	45	10	7	6	9	10	0	3	3	0	4	0	0	0	1	0	0	0	0	0	1	0	0	0	0	0	0	0
0.03	south22_active	80	4336	381	1675	108	113	242	495	23	57	196	11	18	21	4	43	13	33	2	3	2	5	10	0	2	3	0	3	0	0	0	1	0	0	0	0	0	0	0	0	0	0	0	0	0
0.03	south23_all	80	6820	1796	2335	572	402	423	700	140	117	307	51	43	42	19	47	23	46	11	13	7	10	6	1	3	3	0	3	0	0	1	1	0	0	0	0	1	1	0	0	0	0	0	0	0
0.03	south23_active	80	4845	395	1916	127	97	301	638	45	69	278	13	20	23	6	43	17	38	0	9	3	6	6	0	2	3	0	3	0	0	1	1	0	0	0	0	0	0	0	0	0	0	0	0	0
0.03	south24_all	80	7272	1819	2498	620	386	463	841	142	132	350	52	51	44	19	41	21	48	12	12	6	10	6	1	5	3	0	2	0	0	2	1	0	0	0	0	1	0	0	0	0	0	0	0	0
0.03	south24_active	80	5383	415	2090	154	95	341	785	46	88	323	16	25	21	6	37	15	42	0	7	2	6	6	0	2	3	0	2	0	0	2	1	0	0	0	0	0	0	0	0	0	0	0	0	0
0.03	south25_all	80	7682	1777	2667	637	370	501	897	144	128	358	57	53	39	21	50	25	42	9	13	4	8	5	2	3	0	0	3	1	1	2	0	1	0	0	0	1	0	0	0	0	0	0	0	0
0.03	south25_active	80	5864	425	2281	179	92	381	835	47	82	335	23	23	17	10	45	19	36	2	8	2	4	4	0	0	0	0	3	0	1	2	0	0	0	0	0	0	0	0	0	0	0	0	0	0
0.03	south26_all	80	7905	1736	2675	616	367	465	853	143	123	313	59	55	31	21	80	19	29	9	6	5	5	12	3	4	0	0	5	1	1	1	0	1	0	0	0	0	0	0	0	0	0	0	0	0
0.03	south26_active	80	6021	418	2298	180	92	362	783	43	79	293	23	27	14	8	76	12	24	2	3	2	5	11	0	1	0	0	5	0	1	1	0	0	0	0	0	0	0	0	0	0	0	0	0	0
0.03	south27_all	80	7844	1735	2644	555	379	479	857	143	134	301	63	52	33	22	90	21	35	5	5	9	9	15	5	5	0	0	6	1	1	0	0	1	0	0	0	1	0	0	3	0	0	0	0	0
0.03	south27_active	80	5923	411	2279	154	86	366	784	34	87	280	21	26	18	7	84	15	32	2	2	5	9	13	0	3	0	0	6	0	1	0	0	0	0	0	0	0	0	0	3	0	0	0	0	0
0.03	south28_all	80	7994	1798	2690	547	401	445	913	148	134	283	57	48	37	23	101	15	35	5	4	8	8	18	6	4	1	0	5	0	0	0	1	1	0	0	0	1	0	0	3	0	0	0	0	0
0.03	south28_active	80	6095	444	2315	151	93	340	849	31	89	261	20	26	18	6	93	10	28	1	2	5	8	16	0	3	1	0	5	0	0	0	0	0	0	0	0	0	0	0	3	0	0	0	0	0
0.03	south29_all	80	8062	1805	2635	535	394	475	920	156	145	292	59	45	39	25	96	19	36	5	5	6	9	22	5	5	1	0	3	1	0	1	1	0	0	0	0	1	0	0	3	0	0	1	0	0
0.03	south29_active	80	6110	443	2260	159	88	367	868	27	94	273	19	25	19	8	89	14	29	1	3	3	9	20	0	2	1	0	3	0	0	0	0	0	0	0	0	0	0	0	3	0	0	1	0	0
0.03	south30_all	80	8207	1804	2610	574	395	484	882	157	133	240	60	46	40	34	106	18	42	5	7	3	11	19	2	2	2	0	7	1	0	1	1	0	0	0	0	0	0	0	0	0	0	1	0	0
0.03	south30_active	80	6265	454	2227	156	95	372	829	36	80	220	22	24	16	14	99	11	33	1	4	1	9	17	0	0	2	0	7	0	0	0	0	0	0	0	0	0	0	0	0	0	0	1	0	0
0.03	south31_all	80	6204	1734	1675	625	379	388	512	139	101	175	40	57	34	31	51	20	14	13	6	6	8	5	4	11	11	1	0	2	3	0	0	0	0	0	0	0	0	1	0	1	0	0	0	0
0.03	south31_active	80	4137	406	1243	129	85	252	437	26	53	148	11	29	20	7	41	15	9	4	4	4	7	5	1	7	10	1	0	0	1	0	0	0	0	0	0	0	0	0	0	1	0	0	0	0
0.03	south32_all	80	6187	1802	1790	597	387	387	546	137	95	157	47	61	27	28	54	21	15	13	8	6	7	6	3	8	8	0	4	3	3	1	0	0	0	0	0	0	0	0	0	1	0	0	0	0
0.03	south32_active	80	4108	406	1353	134	87	251	473	24	46	132	7	30	16	6	46	14	10	4	4	3	7	6	1	7	7	0	3	0	1	0	0	0	0	0	0	0	0	0	0	1	0	0	0	0
0.03	south33_all	80	6825	1726	2081	570	412	459	641	142	96	205	56	55	34	28	80	29	21	13	14	3	3	12	3	5	8	0	4	3	0	1	0	0	0	0	0	0	0	0	0	1	1	0	0	0
0.03	south33_active	80	4809	386	1645	141	88	333	579	29	55	178	9	29	16	9	74	24	17	4	12	0	3	12	1	4	7	0	3	0	0	0	0	0	0	0	0	0	0	0	0	1	1	0	0	0
0.03	south34_all	80	7444	1760	2369	589	416	434	729	145	112	248	54	55	31	24	96	33	24	15	15	4	2	17	1	4	11	1	6	1	0	1	0	0	0	0	0	0	0	0	0	1	1	0	0	0
0.03	south34_active	80	5470	422	1973	154	95	332	669	35	55	220	11	36	10	11	90	26	20	7	12	1	2	17	1	4	10	0	5	0	0	0	0	0	0	0	0	0	0	0	0	1	1	0	0	0
0.03	south35_all	80	8050	1737	2619	547	406	493	882	145	124	317	50	55	41	17	104	31	29	9	12	6	4	17	2	3	5	1	4	1	0	2	0	0	0	0	0	0	0	0	0	0	1	0	0	0
0.03	south35_active	80	6110	426	2234	150	91	394	830	37	64	290	12	40	16	8	98	25	28	5	9	3	4	17	1	3	5	0	4	0	0	0	0	0	0	0	0	0	0	0	0	0	1	0	0	0
0.03	south36_all	80	8108	1749	2697	563	391	503	937	144	140	330	55	45	36	15	101	32	21	6	10	6	8	16	1	3	4	1	4	0	1	1	0	0	0	0	0	0	0	0	0	0	0	0	0	0
0.03	south36_active	80	6181	425	2305	149	91	403	881	36	78	307	13	28	18	9	94	25	20	4	9	4	7	14	0	3	4	0	4	0	0	0	0	0	0	0	0	0	0	0	0	0	0	0	0	0
0.03	south37_all	80	7992	1746	2641	552	382	470	998	134	121	306	61	55	36	17	102	18	22	5	4	12	7	5	3	1	7	0	7	0	1	1	0	0	0	0	0	0	0	0	0	0	0	0	0	0
0.03	south37_active	80	6094	412	2269	154	91	370	938	29	72	276	15	30	16	9	98	12	20	1	2	4	6	2	0	1	7	0	7	0	0	0	0	0	0	0	0	0	0	0	0	0	0	0	0	0
0.03	south38_all	80	7948	1758	2666	598	375	468	1020	141	114	289	56	51	32	19	110	12	19	8	8	9	9	14	3	1	6	1	3	0	1	0	0	1	2	0	0	0	0	0	0	0	0	0	0	0
0.03	south38_active	80	6100	417	2278	172	86	363	959	40	74	258	12	27	13	12	106	5	17	2	4	2	7	11	1	1	6	0	3	0	0	0	0	0	2	0	0	0	0	0	0	0	0	0	0	0
0.03	south39_all	80	8004	1701	2568	594	383	446	977	152	113	266	47	55	34	23	125	8	32	14	8	10	6	23	4	1	6	1	4	0	1	0	0	1	2	0	0	0	0	0	0	0	1	0	0	0
0.03	south39_active	80	6147	396	2200	178	91	335	913	41	68	240	13	32	17	12	121	3	26	2	2	3	5	21	1	0	6	0	3	0	0	0	0	0	2	0	0	0	0	0	0	0	1	0	0	0
0.03	south40_all	80	7994	1726	2569	606	383	449	1022	152	124	278	39	54	32	25	118	10	34	14	7	6	7	22	3	1	4	1	14	0	0	0	0	1	2	0	0	0	0	0	0	0	1	0	0	0
0.03	south40_active	80	6091	404	2205	178	93	343	962	39	70	257	12	27	18	14	113	7	29	3	3	2	5	21	2	0	4	0	13	0	0	0	0	0	2	0	0	0	0	0	0	0	1	0	0	0
