label	Group	numOtus	Otu0	Otu1	Otu2	Otu3	Otu4	Otu5	Otu6	Otu7	Otu8	Otu9	Otu10	Otu11	Otu12	Otu13	Otu14	Otu15	Otu16	Otu17	Otu18	Otu19	Otu20	Otu21	Otu22	Otu23	Otu24	Otu25	Otu26	Otu27	Otu28	Otu29	Otu30	Otu31	Otu32	Otu33	Otu34	Otu35	Otu36	Otu37	Otu38	Otu39	Otu40	Otu41	Otu42	Otu43	Otu44	Otu45	Otu46	Otu47	Otu48	Otu49	Otu50	Otu51	Otu52	Otu53	Otu54	Otu55	Otu56	Otu57	Otu58	Otu59	Otu60	Otu61	Otu62	Otu63	Otu64	Otu65	Otu66	Otu67	Otu68	Otu69	Otu70	Otu71	Otu72	Otu73	Otu74	Otu75	Otu76	Otu77	Otu78	Otu79	Otu80	Otu81	Otu82	Otu83	Otu84	Otu85	Otu86	Otu87	Otu88	Otu89	Otu90	Otu91	Otu92	Otu93	Otu94	Otu95	Otu96
0.03	north1_all	80	26973	15715	7415	5184	5214	3424	3049	2999	4664	2040	2244	868	1178	927	803	413	379	520	315	688	194	192	286	327	147	126	102	82	85	62	70	50	73	46	49	32	28	72	19	58	36	71	26	15	17	12	8	6	8	10	4	5	6	3	2	2	6	3	0	1	2	4	0	2	0	2	0	1	1	2	1	0	0	0	2	0	2	0	2	0	0	0	0	0	0	0	0	0	0	0	0	0	1	0	0	0	0
0.03	north1_active	80	5654	9273	1583	1139	3443	1793	1948	2199	4264	1520	1893	338	863	697	577	83	98	372	160	598	53	36	231	288	109	52	24	16	22	24	30	24	64	13	40	10	9	63	10	52	28	71	21	12	9	9	2	1	1	2	3	0	4	1	2	0	2	0	0	1	1	3	0	1	0	2	0	0	0	0	1	0	0	0	2	0	2	0	0	0	0	0	0	0	0	0	0	0	0	0	0	0	0	0	0	0	0
0.03	north2_all	80	26945	15719	7521	5135	5199	3355	3122	2960	4535	2123	2205	842	1203	899	848	416	381	505	338	860	201	187	280	290	157	119	88	79	87	70	75	56	121	40	44	33	28	87	17	47	31	64	19	16	19	15	10	7	8	7	3	5	6	3	4	3	5	2	4	1	3	4	0	4	0	2	0	0	4	3	1	1	2	0	2	1	2	0	2	3	0	0	0	0	0	0	0	0	1	0	0	0	1	0	0	1	0
0.03	north2_active	80	5767	9257	1636	1152	3469	1738	1996	2152	4145	1587	1868	331	904	666	626	103	92	377	176	765	57	35	226	260	111	51	17	19	23	28	39	29	111	11	29	16	6	81	9	40	26	62	15	11	6	9	3	2	2	1	2	0	3	1	2	1	2	0	4	1	1	2	0	3	0	2	0	0	4	1	1	0	0	0	2	0	2	0	0	0	0	0	0	0	0	0	0	0	0	0	0	0	0	0	0	0	0
0.03	north3_all	80	26896	15745	7540	5169	5162	3409	3086	3030	4393	2108	2196	830	1203	969	877	412	370	516	321	888	202	187	287	244	160	104	84	74	84	73	75	63	122	37	38	32	28	91	17	27	26	65	23	11	11	12	11	6	6	8	7	4	4	2	5	2	4	2	4	1	3	2	0	3	0	2	0	0	4	4	7	1	4	1	4	1	0	0	2	3	0	0	0	0	0	0	0	0	1	0	0	0	1	0	0	1	0
0.03	north3_active	80	5758	9298	1653	1144	3378	1755	1961	2235	4012	1572	1833	315	914	734	635	98	90	387	170	812	53	34	221	210	103	52	21	17	20	36	40	35	111	14	27	13	7	87	10	21	20	62	17	7	4	8	2	2	3	1	7	0	3	1	2	1	3	1	4	1	1	0	0	3	0	2	0	0	4	1	7	0	2	0	4	0	0	0	0	0	0	0	0	0	0	0	0	0	0	0	0	0	0	0	0	0	0
0.03	north4_all	80	26777	15758	7381	5014	5271	3342	3057	2988	4305	2024	2216	800	1197	1017	903	396	357	461	320	880	217	186	310	221	182	124	80	73	75	65	59	63	143	35	41	41	31	112	19	37	20	75	23	8	19	16	15	3	6	5	6	3	3	2	5	2	1	5	4	2	2	2	2	3	0	0	0	1	4	4	6	1	4	2	2	1	1	0	0	4	0	0	0	0	0	0	0	0	1	0	0	0	0	0	0	1	0
0.03	north4_active	80	5687	9309	1638	1117	3499	1673	1941	2195	3923	1539	1874	317	908	776	679	94	78	355	179	806	61	35	244	183	117	69	24	16	21	32	34	43	130	19	27	14	7	107	10	31	16	69	19	1	5	12	2	2	3	1	6	0	2	0	1	1	1	2	4	2	0	0	2	3	0	0	0	1	4	1	6	0	2	0	2	0	0	0	0	0	0	0	0	0	0	0	0	0	0	0	0	0	0	0	0	0	0
0.03	north5_all	80	26877	15560	7449	5028	5290	3442	3015	3011	4167	1867	2203	800	1217	1018	850	393	376	435	313	791	205	180	257	274	184	116	88	70	72	75	66	56	103	36	34	35	36	115	19	39	25	95	32	10	16	12	16	4	6	8	14	7	2	2	6	2	1	5	3	3	2	2	2	1	1	0	0	2	0	3	6	0	2	2	2	0	1	0	1	4	1	0	0	0	0	0	0	0	0	0	0	0	0	0	0	0	0
0.03	north5_active	80	5572	9132	1637	1135	3459	1736	1899	2228	3779	1373	1840	328	912	767	633	85	82	331	177	724	57	40	200	226	117	57	29	15	18	32	31	33	92	18	24	7	10	108	8	36	20	86	25	5	6	10	2	2	5	2	14	1	1	0	1	2	1	2	3	3	0	1	2	1	1	0	0	1	0	0	6	0	2	0	2	0	0	0	0	0	0	0	0	0	0	0	0	0	0	0	0	0	0	0	0	0	0
0.03	north6_all	80	26991	15633	7423	4998	5297	3375	3111	2946	4265	1885	2259	851	1184	964	814	398	370	480	307	672	199	183	280	296	175	122	99	72	70	77	67	61	109	39	27	38	29	97	14	42	37	96	27	14	19	12	13	4	3	8	9	5	2	4	4	2	1	3	0	3	2	2	2	1	1	0	0	2	0	2	6	0	2	2	2	1	1	0	1	1	1	1	0	0	0	0	0	1	0	0	0	0	0	0	0	0	0
0.03	north6_active	80	5577	9173	1606	1125	3478	1689	2007	2173	3859	1386	1896	363	875	732	612	72	92	365	168	611	58	48	230	245	105	62	30	17	19	31	35	36	97	17	17	8	8	90	5	30	32	86	21	9	6	10	2	0	2	2	9	1	1	1	1	1	1	1	0	3	0	1	2	1	1	0	0	1	0	0	6	0	2	0	2	0	0	0	0	0	0	0	0	0	0	0	0	1	0	0	0	0	0	0	0	0	0
0.03	north7_all	80	27014	15447	7444	5052	5207	3341	3141	2988	4468	1900	2354	848	1200	966	712	387	362	478	350	638	199	164	261	341	162	104	104	81	77	91	73	50	102	49	31	30	27	125	15	45	30	60	24	15	20	23	9	5	4	8	12	7	4	4	5	3	1	0	1	1	2	2	3	1	3	1	0	3	0	2	0	0	1	1	2	1	0	0	1	0	1	1	0	0	0	0	0	1	0	0	0	0	0	0	0	0	0
0.03	north7_active	80	5570	9087	1624	1138	3402	1695	2045	2258	4058	1393	2017	370	878	736	533	70	95	352	206	575	57	39	203	286	87	51	27	22	22	35	38	22	92	16	18	5	8	117	4	29	27	52	19	13	8	18	2	0	2	2	12	1	2	1	1	1	1	0	0	1	0	1	3	1	3	1	0	1	0	1	0	0	0	0	2	0	0	0	0	0	0	0	0	0	0	0	0	1	0	0	0	0	0	0	0	0	0
0.03	north8_all	80	26947	15539	7448	5104	5140	3238	3203	2961	4672	1989	2402	867	1217	1050	751	410	343	472	348	616	205	147	259	324	130	117	116	83	74	78	68	48	105	49	34	22	24	117	16	36	27	33	23	14	17	26	11	6	3	11	6	4	4	6	1	2	2	0	3	0	1	2	1	1	3	1	0	1	0	1	0	0	1	0	2	1	0	0	0	0	0	1	0	0	0	0	0	1	0	0	0	1	0	0	0	0	0
0.03	north8_active	80	5613	9201	1584	1166	3405	1646	2116	2224	4239	1463	2043	355	899	802	573	69	99	344	193	557	56	32	198	277	69	64	34	20	24	34	37	25	98	13	20	5	4	108	6	20	24	28	20	13	8	21	5	1	1	3	6	0	2	2	0	0	2	0	1	0	0	1	1	1	3	1	0	0	0	1	0	0	0	0	2	0	0	0	0	0	0	0	0	0	0	0	0	1	0	0	0	1	0	0	0	0	0
0.03	north9_all	80	26803	15904	7378	5155	5190	3221	3136	2933	4830	1875	2432	890	1290	1058	835	432	354	476	355	599	209	154	256	330	128	122	127	90	72	73	62	42	100	54	42	32	20	103	19	56	27	30	15	25	15	27	9	6	6	8	9	5	4	7	3	3	2	1	3	3	1	1	3	1	2	1	0	2	0	1	0	0	1	0	0	0	0	0	0	0	0	0	0	0	0	0	1	0	1	0	0	1	0	0	0	0	0
0.03	north9_active	80	5644	9463	1574	1187	3433	1652	2032	2209	4394	1404	2095	361	960	808	647	77	100	348	194	537	67	28	196	289	61	65	39	22	21	33	34	24	86	20	29	4	6	96	7	35	23	25	14	23	7	21	4	1	0	1	9	1	1	3	1	1	2	0	1	0	0	0	3	0	2	1	0	0	0	1	0	0	0	0	0	0	0	0	0	0	0	0	0	0	0	0	1	0	1	0	0	1	0	0	0	0	0
0.03	north10_all	80	27003	15964	7336	5166	5236	3258	3088	2948	4836	1855	2329	902	1268	976	885	433	368	436	332	589	208	148	259	315	136	136	119	89	64	58	59	36	115	49	51	29	24	55	23	51	25	34	23	26	14	13	10	3	9	7	8	5	9	10	4	3	3	2	3	5	1	0	8	1	0	1	5	1	0	0	1	0	0	0	0	5	0	0	0	0	0	0	0	0	0	0	1	0	1	0	0	1	0	0	0	0	0
0.03	north10_active	80	5706	9438	1563	1213	3458	1661	1994	2177	4407	1368	1980	373	951	743	684	83	106	316	163	526	75	23	198	276	79	67	41	21	22	26	31	22	100	23	33	4	10	48	7	35	21	29	19	23	8	8	4	1	2	3	8	2	7	4	1	2	1	0	1	0	0	0	8	0	0	1	5	0	0	0	0	0	0	0	0	5	0	0	0	0	0	0	0	0	0	0	1	0	1	0	0	1	0	0	0	0	0
0.03	north11_all	80	27075	15778	7343	4983	5196	3436	3139	2859	4754	2008	2323	870	1163	989	880	430	402	466	298	691	237	172	265	324	158	105	93	69	72	60	70	52	109	40	39	24	23	108	25	32	52	39	42	9	9	25	8	7	5	4	6	5	6	1	2	3	3	4	0	4	3	1	1	1	4	0	1	0	0	0	1	2	0	0	2	1	0	1	0	0	1	0	4	1	0	0	0	0	0	0	0	0	0	0	0	0	0
0.03	north11_active	80	5688	9289	1593	1136	3433	1800	2047	2127	4364	1486	1957	350	888	741	656	90	111	310	148	625	74	35	199	264	99	55	35	11	18	24	40	32	101	15	23	6	8	102	4	26	42	36	36	7	6	22	4	2	1	2	5	1	4	1	0	3	1	2	0	0	1	1	1	1	4	0	1	0	0	0	1	1	0	0	2	0	0	0	0	0	1	0	4	1	0	0	0	0	0	0	0	0	0	0	0	0	0
0.03	north12_all	80	27185	15878	7423	5000	5291	3350	3182	2961	4638	2003	2324	869	1149	1000	879	387	388	493	285	766	222	174	254	350	158	117	92	83	73	75	68	53	99	43	38	23	17	115	28	14	46	36	40	11	9	17	7	9	3	5	4	5	8	2	2	3	4	3	1	5	2	2	1	1	2	0	0	0	0	0	0	2	0	0	2	0	0	1	0	0	1	0	4	1	0	0	0	0	0	0	0	0	0	0	0	0	0
0.03	north12_active	80	5767	9484	1601	1136	3453	1761	2105	2229	4264	1524	1974	326	860	735	632	84	104	337	131	698	68	37	194	293	110	53	36	17	21	27	34	35	91	15	18	7	6	107	5	10	36	33	36	9	7	13	2	1	1	1	3	1	5	2	0	3	3	1	0	0	0	1	1	1	2	0	0	0	0	0	0	1	0	0	2	0	0	0	0	0	1	0	4	1	0	0	0	0	0	0	0	0	0	0	0	0	0
0.03	north13_all	80	27176	15745	7388	5029	5182	3282	3056	3010	4358	1972	2232	867	1155	1065	833	403	385	485	285	785	210	182	225	352	137	116	98	95	80	83	67	62	111	41	32	29	20	112	31	24	42	61	34	17	9	11	11	8	1	5	2	4	8	3	5	3	2	3	3	3	2	2	2	1	0	0	0	0	0	0	0	2	0	0	2	0	0	1	0	0	0	0	0	2	0	0	0	0	0	0	0	0	0	0	0	0	0
0.03	north13_active	80	5762	9393	1628	1111	3336	1675	2029	2261	3985	1496	1882	316	850	786	600	83	100	349	139	732	60	35	169	292	92	59	36	20	25	32	33	42	100	17	19	11	6	107	8	16	33	59	33	15	7	9	2	0	1	1	2	1	6	2	0	3	2	1	2	0	0	1	2	1	0	0	0	0	0	0	0	1	0	0	2	0	0	0	0	0	0	0	0	2	0	0	0	0	0	0	0	0	0	0	0	0	0
0.03	north14_all	80	27132	15153	7442	5106	5081	3180	2941	2879	4184	1886	2092	874	1093	971	825	420	373	487	309	780	218	184	209	300	131	103	97	102	81	76	72	56	114	43	34	28	21	123	32	20	48	51	28	21	9	11	13	8	3	8	3	4	8	5	6	2	5	4	3	3	0	2	1	1	0	1	0	0	0	1	0	1	0	0	0	0	0	1	0	0	0	1	0	1	0	0	0	0	0	0	0	0	0	0	0	0	0
0.03	north14_active	80	5625	8730	1568	1095	3148	1510	1834	2104	3760	1385	1731	314	796	679	584	87	89	364	153	715	57	32	147	238	81	50	26	24	26	29	36	39	101	15	20	8	6	115	8	13	40	47	23	18	5	8	5	1	1	1	3	1	6	2	0	1	4	1	2	0	0	1	1	0	0	1	0	0	0	0	0	0	0	0	0	0	0	0	0	0	0	1	0	1	0	0	0	0	0	0	0	0	0	0	0	0	0
0.03	north15_all	80	26816	14614	7409	5146	4921	3137	2814	2765	3843	1841	1938	850	1007	918	787	443	382	442	320	673	206	175	187	255	138	104	102	101	80	75	53	56	74	38	34	35	24	96	28	21	42	50	30	25	13	8	15	7	6	9	3	6	6	5	6	2	4	3	2	3	0	1	1	1	0	1	0	0	0	1	0	0	1	0	0	0	0	0	0	4	0	1	0	1	0	0	0	0	0	0	0	0	0	0	0	0	0
0.03	north15_active	80	5424	7945	1502	1014	2943	1434	1670	1921	3379	1286	1557	290	724	619	557	94	80	318	160	605	58	33	115	205	86	53	22	21	22	30	28	32	59	12	16	5	9	88	10	10	35	45	22	21	7	5	7	1	1	2	1	1	5	2	1	1	2	0	2	0	0	0	1	0	0	1	0	0	0	0	0	0	0	0	0	0	0	0	0	4	0	1	0	1	0	0	0	0	0	0	0	0	0	0	0	0	0
0.03	north16_all	80	26933	14580	7391	5111	4973	3122	2820	2651	3831	1829	1821	854	1018	836	745	447	394	419	328	568	216	159	201	267	145	102	103	91	68	76	57	62	68	39	29	36	26	90	28	12	54	44	37	27	17	8	10	9	8	9	9	6	10	8	3	2	6	5	4	1	0	1	2	4	0	1	0	0	0	1	0	0	1	0	0	0	0	0	0	4	0	1	0	0	0	0	0	0	1	0	0	0	0	0	0	0	0
0.03	north16_active	80	5344	7690	1500	967	2946	1352	1660	1812	3381	1223	1411	300	724	567	507	94	80	284	164	500	60	32	131	211	93	55	17	20	17	32	27	33	50	11	13	8	8	81	9	5	46	39	25	19	10	5	6	1	2	1	5	1	7	4	1	0	3	1	4	0	0	0	1	3	0	1	0	0	0	0	0	0	0	0	0	0	0	0	0	4	0	1	0	0	0	0	0	0	0	0	0	0	0	0	0	0	0
0.03	north17_all	80	26717	15096	7449	5137	5130	3203	2921	2758	4351	1814	1874	840	1052	878	773	452	407	389	332	538	205	161	231	310	136	116	101	88	78	68	56	60	71	43	39	34	29	74	28	12	46	42	36	25	20	13	6	12	9	7	11	7	9	6	2	4	4	4	5	1	1	1	10	4	0	0	0	0	0	1	0	0	1	1	0	0	0	0	1	4	0	0	0	0	0	0	0	0	1	0	0	0	0	2	0	0	0
0.03	north17_active	80	5323	8312	1586	1047	3180	1475	1781	1887	3897	1252	1500	311	754	628	519	95	94	260	164	470	60	35	160	261	97	65	22	22	18	27	34	35	51	11	21	4	13	67	10	7	40	39	27	19	14	11	3	1	4	3	7	0	4	3	1	1	1	1	5	0	0	0	8	3	0	0	0	0	0	0	0	0	0	0	0	0	0	0	1	4	0	0	0	0	0	0	0	0	0	0	0	0	0	2	0	0	0
0.03	north18_all	80	26839	15585	7480	5170	5310	3263	3021	2799	4675	1900	2106	861	1135	852	809	425	398	418	312	519	199	172	236	334	136	115	95	74	76	62	54	61	76	46	48	35	31	92	25	16	39	79	37	25	20	27	6	9	7	6	11	7	10	6	1	10	3	5	5	2	2	1	10	3	0	8	0	1	0	1	0	1	0	1	0	0	0	1	1	0	0	0	0	0	0	0	0	0	1	0	0	0	0	2	0	0	0
0.03	north18_active	80	5449	8934	1687	1138	3397	1632	1910	1976	4272	1339	1741	361	825	640	537	98	102	285	167	448	56	42	170	291	94	63	28	17	19	26	31	33	54	13	29	7	15	83	7	15	34	77	28	19	14	25	2	0	3	4	8	0	5	2	0	3	2	2	5	1	0	0	8	3	0	8	0	0	0	1	0	0	0	0	0	0	0	0	1	0	0	0	0	0	0	0	0	0	0	0	0	0	0	2	0	0	0
0.03	north19_all	80	26940	15833	7469	5224	5474	3309	3151	2854	4765	1956	2170	887	1151	915	863	408	382	426	328	556	205	179	244	322	127	105	95	72	86	56	52	42	104	48	51	39	32	89	32	29	25	81	30	22	21	32	4	9	6	7	11	7	9	6	0	12	2	5	2	2	2	3	9	0	0	8	0	1	0	2	0	1	0	1	6	0	0	1	1	0	0	0	0	0	0	0	0	0	0	0	0	0	0	2	0	0	3
0.03	north19_active	80	5615	9377	1710	1209	3537	1704	2082	2073	4361	1402	1834	393	850	661	595	102	108	294	189	488	49	36	175	279	87	53	40	20	22	22	30	28	84	13	33	9	17	83	8	27	21	78	25	18	12	31	0	0	3	3	7	1	5	3	0	6	1	3	1	1	0	3	7	0	0	8	0	0	0	1	0	0	0	0	6	0	0	0	1	0	0	0	0	0	0	0	0	0	0	0	0	0	0	2	0	0	3
0.03	north20_all	80	26897	15784	7507	5176	5231	3316	3089	2827	4716	1995	2209	904	1177	920	852	379	356	475	293	582	193	180	254	285	153	97	105	76	71	55	51	46	117	42	43	36	35	107	30	39	19	69	29	23	13	39	7	11	7	5	7	8	7	4	2	12	1	5	2	3	1	3	0	0	0	8	0	1	1	2	0	1	0	0	6	0	0	1	3	0	0	0	0	0	0	0	0	0	0	0	0	0	0	0	0	0	3
0.03	north20_active	80	5620	9357	1752	1209	3380	1698	2036	2086	4314	1468	1864	390	863	645	576	93	97	331	156	513	50	31	182	231	102	44	47	17	23	16	25	31	100	15	24	11	13	99	6	35	16	66	25	20	5	35	2	0	3	2	4	1	5	1	1	7	1	2	0	2	0	3	0	0	0	8	0	0	1	1	0	0	0	0	6	0	0	0	3	0	0	0	0	0	0	0	0	0	0	0	0	0	0	0	0	0	3
0.03	south21_all	80	26597	14046	7303	5251	4382	3051	2680	2526	3481	1627	1760	844	891	843	637	442	383	448	285	492	171	172	216	227	126	103	88	88	78	61	40	63	81	41	34	24	24	41	22	34	24	80	36	14	13	21	11	6	10	7	17	6	4	6	9	2	1	2	1	4	2	1	2	0	0	0	1	1	0	0	0	1	2	0	0	18	1	2	2	2	0	2	0	0	0	0	0	0	0	0	0	1	0	0	0	0	0
0.03	south21_active	80	5421	7021	1431	1024	2413	1276	1460	1654	3019	1011	1376	251	587	594	408	98	74	278	120	425	41	48	138	186	59	42	17	15	20	16	19	35	67	11	14	5	6	39	5	26	12	70	28	7	6	17	1	2	4	1	15	0	3	2	1	1	1	0	0	0	0	1	1	0	0	0	1	0	0	0	0	0	1	0	0	18	0	1	2	2	0	2	0	0	0	0	0	0	0	0	0	1	0	0	0	0	0
0.03	south22_all	80	26695	14041	7263	5231	4520	3017	2728	2480	3572	1623	1721	820	948	831	666	441	369	451	268	540	179	165	250	225	125	118	93	90	86	66	48	61	66	34	36	28	20	38	27	33	17	57	35	14	32	28	10	3	12	6	19	6	2	5	5	2	1	3	2	3	2	1	3	0	0	0	0	3	0	0	0	1	1	0	0	0	1	1	2	0	0	0	0	0	0	0	0	0	0	0	0	2	0	0	0	0	0
0.03	south22_active	80	5490	7011	1393	1019	2479	1270	1489	1607	3107	994	1349	255	638	577	450	90	66	283	121	462	49	50	151	173	60	48	21	20	20	12	20	21	52	9	12	8	6	36	5	23	9	50	30	8	20	24	2	1	5	2	16	1	1	1	0	0	1	1	1	0	0	1	1	0	0	0	0	0	0	0	0	0	1	0	0	0	0	1	2	0	0	0	0	0	0	0	0	0	0	0	0	1	0	0	0	0	0
0.03	south23_all	80	26616	14143	7273	5212	4594	3090	2704	2592	3701	1611	1800	859	1044	868	691	460	359	444	291	575	184	166	225	232	110	123	92	86	74	63	53	64	59	37	35	29	28	73	23	33	10	18	43	20	30	24	10	4	10	6	11	5	2	6	2	3	1	2	1	2	0	1	7	0	0	0	0	3	0	0	0	1	1	0	0	1	1	1	1	0	0	0	0	0	0	0	0	0	0	0	0	2	0	0	0	0	0
0.03	south23_active	80	5502	7186	1448	1020	2608	1334	1520	1705	3255	1012	1436	269	711	605	467	101	71	266	135	501	51	41	136	179	57	50	17	19	17	10	22	28	46	10	13	12	9	67	5	20	6	13	37	12	19	19	2	1	3	2	7	1	1	2	0	0	1	1	1	0	0	0	5	0	0	0	0	0	0	0	0	0	1	0	0	0	0	1	1	0	0	0	0	0	0	0	0	0	0	0	0	1	0	0	0	0	0
0.03	south24_all	80	26586	14567	7402	5186	4904	3213	2757	2770	3880	1713	1955	875	1054	907	726	454	345	462	295	588	182	177	226	278	141	146	96	82	68	62	63	61	57	42	37	35	29	77	24	26	17	46	27	24	27	27	9	5	15	4	13	3	1	6	3	4	4	3	1	1	1	1	5	1	0	3	0	2	0	0	0	1	0	0	0	1	0	0	1	0	0	0	0	0	0	0	0	0	0	0	0	1	0	0	0	0	0
0.03	south24_active	80	5444	7895	1506	1057	2961	1465	1615	1938	3459	1165	1596	314	749	656	509	101	69	307	148	519	55	38	150	232	85	65	21	17	19	10	27	21	45	17	19	12	9	71	7	14	16	43	23	15	18	21	3	0	6	2	8	1	0	2	0	1	3	2	1	0	0	0	4	1	0	3	0	0	0	0	0	0	0	0	0	0	0	0	1	0	0	0	0	0	0	0	0	0	0	0	0	0	0	0	0	0	0
0.03	south25_all	80	26699	15125	7494	5153	5070	3264	2934	2875	4196	1827	2197	882	1111	969	754	436	354	501	309	670	196	162	231	310	156	153	97	76	66	65	75	57	64	43	43	30	27	76	21	38	44	65	48	30	15	20	10	4	19	2	12	0	3	4	2	4	4	2	0	1	1	1	9	2	0	4	0	0	0	1	0	0	0	1	0	1	0	0	1	0	0	0	0	0	0	0	0	0	0	0	0	1	0	0	0	0	0
0.03	south25_active	80	5546	8649	1612	1100	3309	1580	1816	2104	3831	1282	1849	341	779	719	531	101	85	347	154	609	59	32	166	268	100	76	28	16	19	16	40	29	52	18	24	9	9	69	5	26	42	60	32	18	6	13	3	0	8	0	8	0	2	2	0	2	3	1	0	0	0	0	9	2	0	4	0	0	0	0	0	0	0	0	0	0	0	0	1	0	0	0	0	0	0	0	0	0	0	0	0	0	0	0	0	0	0
0.03	south26_all	80	26716	15772	7472	5131	5232	3337	3090	2978	4366	1963	2281	865	1194	1018	741	418	357	509	317	738	201	166	268	361	161	157	95	68	64	62	74	58	59	39	39	28	29	42	24	41	50	78	35	25	10	24	14	3	16	0	7	1	6	6	1	3	5	3	1	0	1	1	11	4	0	4	0	1	0	1	0	0	0	1	0	0	0	0	1	0	0	0	0	0	0	0	0	0	0	0	0	0	0	0	0	0	0
0.03	south26_active	80	5562	9466	1669	1140	3545	1710	2005	2273	3990	1456	1968	356	858	752	538	103	82	373	186	668	67	30	207	322	107	90	32	10	20	19	42	34	47	18	29	5	9	39	8	32	47	74	21	17	6	17	5	0	7	0	5	0	5	2	0	2	4	2	1	0	0	0	11	4	0	4	0	0	0	0	0	0	0	0	0	0	0	0	1	0	0	0	0	0	0	0	0	0	0	0	0	0	0	0	0	0	0
0.03	south27_all	80	26840	15861	7519	4966	5185	3366	3141	2956	4590	1953	2270	873	1168	977	748	401	374	525	311	760	206	171	280	347	156	145	100	62	62	54	66	57	98	42	55	27	22	61	28	38	48	45	36	14	13	19	14	6	10	1	7	3	26	5	1	3	2	3	1	1	0	2	16	5	0	5	2	2	0	1	0	1	0	1	0	0	0	0	0	0	1	0	1	0	0	0	0	0	0	0	0	0	0	0	0	0	0
0.03	south27_active	80	5559	9519	1669	1098	3453	1706	2064	2259	4223	1427	1941	349	842	698	541	107	87	393	168	690	62	36	215	296	100	83	39	10	20	19	43	34	84	18	39	3	4	58	11	32	44	40	22	9	6	13	4	1	3	1	7	0	25	2	0	2	2	2	1	0	0	1	16	5	0	5	1	0	0	0	0	0	0	0	0	0	0	0	0	0	0	0	1	0	0	0	0	0	0	0	0	0	0	0	0	0	0
0.03	south28_all	80	26992	15780	7559	5026	5071	3324	3039	2926	4754	1921	2114	894	1161	984	778	402	381	492	297	664	191	167	253	315	152	127	97	70	63	48	57	58	110	41	48	22	19	41	29	36	23	35	9	14	11	15	13	7	2	1	11	4	24	5	3	2	2	3	1	1	1	3	17	3	0	1	2	2	0	0	0	2	0	0	0	0	0	0	0	1	1	0	1	0	0	0	0	0	0	0	0	0	0	0	0	0	0
0.03	south28_active	80	5648	9313	1667	1105	3263	1699	1924	2153	4368	1420	1758	359	852	721	574	112	85	357	158	594	54	32	184	267	102	75	35	14	14	15	31	35	97	14	32	4	3	35	9	32	19	31	5	8	4	10	3	1	1	1	8	0	23	2	1	1	2	1	1	0	0	2	17	3	0	1	1	0	0	0	0	0	0	0	0	0	0	0	0	0	0	0	1	0	0	0	0	0	0	0	0	0	0	0	0	0	0
0.03	south29_all	80	27063	14829	7578	5036	4723	3204	2753	2751	4176	1792	1873	842	1039	853	707	423	362	429	264	564	192	158	254	235	153	115	91	77	66	39	48	53	102	36	46	22	18	48	30	28	24	33	8	17	12	13	13	9	2	1	10	5	24	4	5	2	2	3	1	3	1	3	10	1	2	2	3	1	0	0	0	2	0	1	0	0	0	0	0	1	1	0	1	0	0	0	0	1	0	0	0	0	0	0	0	0	0
0.03	south29_active	80	6195	7950	1766	1183	2716	1486	1586	1875	3734	1254	1454	298	728	596	494	121	84	273	118	503	43	38	173	187	94	57	27	17	13	10	16	29	89	13	26	7	3	43	9	25	19	29	5	12	5	9	3	1	1	1	6	1	22	3	1	0	2	0	1	1	0	2	10	1	2	2	1	0	0	0	0	0	0	0	0	0	0	0	0	0	0	0	1	0	0	0	0	0	0	0	0	0	0	0	0	0	0
0.03	south30_all	80	27048	14008	7499	5110	4450	3030	2569	2473	3531	1603	1636	794	932	805	706	410	351	372	257	488	175	151	222	191	162	101	83	89	65	59	43	56	97	35	40	25	15	45	28	26	27	32	10	18	7	9	7	6	6	3	8	6	22	3	6	4	1	2	0	2	1	1	1	0	3	2	4	0	0	1	0	1	0	1	0	0	0	0	0	1	1	1	0	0	0	0	0	1	0	0	0	0	0	0	0	0	0
0.03	south30_active	80	6840	6584	1856	1232	2310	1181	1281	1541	3083	1028	1209	249	575	514	464	114	79	209	102	416	30	44	137	146	92	38	19	24	10	12	10	30	81	13	24	9	3	36	5	24	20	26	7	11	3	7	1	1	4	2	4	1	21	2	1	1	1	0	0	1	0	1	1	0	2	2	2	0	0	1	0	0	0	0	0	0	0	0	0	0	0	0	0	0	0	0	0	0	0	0	0	0	0	0	0	0	0
0.03	south31_all	80	26921	14346	7488	5037	4696	3136	2700	2560	3320	1668	1761	877	984	846	601	429	360	417	303	590	217	168	237	260	128	108	83	79	69	64	51	59	78	46	45	26	28	64	26	68	17	19	19	35	14	18	8	9	10	7	5	4	7	1	1	2	2	2	1	0	1	0	2	2	2	0	1	0	0	1	5	2	0	0	1	0	0	0	0	0	0	0	0	0	0	0	0	0	0	0	0	0	0	0	0	0	0
0.03	south31_active	80	5642	7362	1505	983	2778	1336	1531	1734	2891	1146	1382	294	642	550	355	90	79	250	144	520	55	40	147	202	69	42	21	16	23	21	23	32	61	13	24	5	4	59	4	54	12	15	17	23	5	11	2	2	3	0	4	0	3	0	1	0	1	0	0	0	1	0	2	1	1	0	1	0	0	1	5	1	0	0	1	0	0	0	0	0	0	0	0	0	0	0	0	0	0	0	0	0	0	0	0	0	0
0.03	south32_all	80	26799	14025	7417	5031	4534	3062	2652	2611	3177	1647	1577	859	939	866	627	411	362	417	302	569	194	189	208	212	138	117	82	98	77	61	55	58	84	46	44	23	24	71	27	42	8	42	18	23	10	16	9	8	9	10	4	3	7	1	2	3	6	1	2	0	1	1	2	1	2	0	1	0	0	1	1	2	0	0	2	0	0	0	0	0	0	0	0	0	0	0	0	0	0	0	0	0	0	0	0	0	0
0.03	south32_active	80	5499	6900	1480	992	2538	1249	1428	1673	2733	1091	1196	278	585	556	365	77	80	252	138	480	48	43	131	164	75	47	28	21	26	19	22	34	74	10	25	4	5	64	4	37	3	35	14	11	5	10	1	0	3	2	3	0	2	0	1	1	1	0	0	0	1	1	2	1	1	0	1	0	0	1	1	1	0	0	1	0	0	0	0	0	0	0	0	0	0	0	0	0	0	0	0	0	0	0	0	0	0
0.03	south33_all	80	26719	14167	7439	5021	4520	3022	2716	2635	3415	1655	1804	839	1006	828	691	377	373	447	297	539	201	184	225	220	136	110	98	95	73	63	63	67	85	46	40	25	22	59	27	28	20	49	23	34	7	15	6	11	6	10	5	4	9	3	3	8	6	3	3	0	2	1	2	0	2	0	2	0	2	1	1	3	0	0	2	0	0	0	0	1	0	0	0	0	0	0	0	0	0	0	0	0	0	0	0	0	0
0.03	south33_active	80	5533	7027	1486	971	2545	1288	1516	1704	2944	1069	1398	272	668	544	408	65	85	276	133	445	50	41	136	171	73	33	33	22	25	19	20	36	70	9	22	5	4	52	4	27	12	44	16	19	4	8	1	2	2	2	3	0	4	2	0	7	1	0	1	0	1	1	2	0	1	0	1	0	2	1	1	2	0	0	1	0	0	0	0	0	0	0	0	0	0	0	0	0	0	0	0	0	0	0	0	0	0
0.03	south34_all	80	26678	14784	7374	5052	4878	3096	2855	2738	3781	1879	1969	834	1086	865	727	383	375	447	300	564	197	175	261	235	152	110	106	95	76	56	58	62	83	45	44	26	21	61	23	18	27	62	29	31	9	23	9	12	5	8	7	5	8	3	3	7	7	3	2	0	2	1	0	0	0	0	4	0	2	1	1	2	0	0	2	0	0	0	0	1	0	0	0	0	0	0	0	0	0	0	0	0	0	0	0	0	0
0.03	south34_active	80	5528	7735	1545	997	2876	1446	1650	1871	3335	1260	1591	296	769	594	454	77	95	284	135	475	53	35	180	196	88	39	35	21	25	19	21	33	68	10	23	8	5	54	3	15	21	56	21	23	7	17	3	4	1	2	4	1	5	2	0	7	1	0	1	0	1	1	0	0	0	0	3	0	2	1	1	1	0	0	1	0	0	0	0	0	0	0	0	0	0	0	0	0	0	0	0	0	0	0	0	0	0
0.03	south35_all	80	26755	15374	7355	5036	5228	3198	2978	2878	4307	2002	2079	861	1159	901	753	371	386	484	323	657	216	176	276	283	151	108	105	78	66	58	64	69	87	48	40	31	18	50	18	17	45	50	21	32	13	18	10	12	5	5	7	7	7	5	3	7	4	3	10	0	1	1	0	0	5	0	3	0	2	1	0	2	0	0	0	0	0	0	0	1	0	0	0	0	0	1	0	0	0	0	0	0	0	0	0	0	0
0.03	south35_active	80	5644	8516	1570	1051	3334	1573	1832	2094	3874	1425	1718	326	864	663	501	80	99	336	153	566	62	33	202	245	94	43	34	19	24	19	25	41	70	12	19	7	4	44	2	14	38	47	15	25	9	14	3	4	0	1	4	1	5	3	0	7	1	1	9	0	0	1	0	0	5	0	2	0	2	1	0	1	0	0	0	0	0	0	0	0	0	0	0	0	0	0	0	0	0	0	0	0	0	0	0	0	0
0.03	south36_all	80	26841	15878	7371	5072	5337	3366	3140	3055	4625	2075	2180	888	1191	978	739	389	372	512	337	695	215	173	276	284	165	116	90	74	80	51	70	76	97	52	40	33	20	56	19	22	44	51	23	30	16	21	13	12	9	7	6	6	7	4	2	5	5	2	8	0	0	0	1	2	6	1	2	0	0	1	0	1	1	0	0	0	0	0	1	0	0	0	0	0	0	1	0	0	0	1	0	0	0	0	1	0	0
0.03	south36_active	80	5763	9239	1611	1108	3502	1775	2027	2306	4226	1541	1830	370	914	749	532	96	94	367	177	632	64	27	214	244	106	47	35	19	31	20	32	54	81	23	22	8	6	51	1	19	40	45	18	27	10	19	2	3	0	2	3	1	6	3	0	5	3	1	8	0	0	0	1	2	6	1	2	0	0	1	0	1	1	0	0	0	0	0	0	0	0	0	0	0	0	0	0	0	0	0	0	0	0	0	1	0	0
0.03	south37_all	80	26835	15725	7435	5051	5522	3326	3073	3052	4517	2018	2117	850	1127	976	799	385	354	514	329	811	211	179	280	321	158	110	84	75	78	62	79	88	93	48	38	35	18	57	14	45	55	50	34	15	15	19	15	11	8	8	4	5	4	4	2	2	7	2	8	1	0	0	2	3	6	2	2	1	0	0	0	0	3	0	0	11	2	0	1	0	0	0	0	0	0	1	0	0	0	1	0	0	0	0	1	0	0
0.03	south37_active	80	5723	9317	1588	1153	3677	1752	1994	2304	4123	1504	1784	372	868	759	588	89	94	382	188	750	58	35	219	277	112	48	35	17	30	21	45	64	75	22	22	10	6	51	1	43	50	46	28	14	9	17	4	2	0	3	3	1	2	2	0	2	5	1	8	0	0	0	2	2	6	2	2	0	0	0	0	0	3	0	0	11	2	0	0	0	0	0	0	0	0	0	0	0	0	0	0	0	0	0	1	0	0
0.03	south38_all	80	26986	15150	7414	5069	5179	3253	2976	2812	4104	1877	2013	856	1035	899	739	410	338	485	332	672	206	195	262	260	154	106	85	64	75	51	80	79	82	42	37	27	27	40	20	52	50	33	44	18	12	11	12	11	5	7	5	4	4	4	3	4	4	1	4	2	0	0	4	3	1	2	2	2	1	0	0	0	4	0	0	11	2	0	1	0	0	0	0	0	0	1	0	0	0	1	0	0	0	0	1	0	0
0.03	south38_active	80	6049	8498	1672	1208	3317	1565	1837	1987	3665	1348	1642	344	776	643	527	101	85	350	170	607	51	40	198	214	98	48	30	12	29	15	43	55	65	20	24	5	12	33	3	50	47	29	37	16	6	8	4	1	0	3	3	1	2	2	0	2	4	0	2	0	0	0	3	2	1	2	1	0	1	0	0	0	4	0	0	11	2	0	0	0	0	0	0	0	0	0	0	0	0	0	0	0	0	0	1	0	0
0.03	south39_all	80	26848	14363	7370	5110	4660	3102	2789	2534	3465	1602	1701	839	969	825	695	420	308	435	293	644	211	189	275	264	145	108	85	67	74	56	64	63	51	36	37	34	32	38	18	45	40	39	41	15	7	9	11	8	7	9	4	5	6	2	3	3	2	1	5	3	1	0	4	1	0	2	2	2	1	0	0	0	3	0	0	11	2	0	0	0	0	0	0	0	1	0	0	0	0	0	0	0	0	0	1	0	0
0.03	south39_active	80	6487	7283	1768	1267	2738	1275	1591	1622	2981	1064	1323	292	677	547	459	96	75	280	140	565	42	51	195	208	74	50	20	14	25	15	33	41	36	12	21	10	13	32	5	42	32	35	34	13	4	6	4	1	1	2	2	1	3	1	1	1	2	0	2	0	0	0	3	0	0	1	1	0	1	0	0	0	3	0	0	11	2	0	0	0	0	0	0	0	0	0	0	0	0	0	0	0	0	0	1	0	0
0.03	south40_all	80	27046	13526	7361	5137	4319	2965	2593	2278	3038	1447	1641	826	881	759	610	437	307	400	261	514	217	176	231	195	122	109	90	62	70	46	59	49	55	36	39	41	37	38	18	24	31	35	26	15	8	4	8	9	2	8	7	3	4	2	3	4	0	1	5	2	1	0	2	0	0	1	3	1	1	0	0	1	1	0	0	0	0	0	0	0	0	1	0	0	1	1	0	0	0	0	1	0	0	0	0	0	0
0.03	south40_active	80	7037	5993	1857	1308	2275	1043	1311	1321	2507	833	1199	233	561	464	347	123	61	238	103	412	38	48	145	137	49	43	11	16	17	9	27	26	39	7	17	10	16	29	4	22	21	32	15	8	4	2	1	1	1	1	3	0	3	1	1	1	0	0	2	0	0	0	1	0	0	0	2	0	1	0	0	1	1	0	0	0	0	0	0	0	0	1	0	0	0	1	0	0	0	0	0	0	0	0	0	0	0
