label	Group	numOtus	Otu0	Otu1	Otu2	Otu3	Otu4	Otu5	Otu6	Otu7	Otu8	Otu9	Otu10	Otu11	Otu12	Otu13	Otu14	Otu15	Otu16	Otu17	Otu18	Otu19	Otu20	Otu21	Otu22	Otu23	Otu24	Otu25	Otu26	Otu27	Otu28	Otu29	Otu30	Otu31	Otu32	Otu33	Otu34	Otu35	Otu36	Otu37	Otu38	Otu39	Otu40	Otu41	Otu42	Otu43	Otu44	Otu45	Otu46	Otu47	Otu48	Otu49	Otu50	Otu51	Otu52	Otu53	Otu54	Otu55	Otu56	Otu57	Otu58	Otu59	Otu60	Otu61	Otu62	Otu63	Otu64	Otu65	Otu66	Otu67	Otu68	Otu69	Otu70	Otu71	Otu72	Otu73	Otu74	Otu75	Otu76	Otu77	Otu78	Otu79	Otu80	Otu81	Otu82	Otu83	Otu84	Otu85	Otu86	Otu87	Otu88	Otu89	Otu90	Otu91	Otu92	Otu93	Otu94	Otu95	Otu96	Otu97	Otu98	Otu99	Otu100	Otu101	Otu102	Otu103	Otu104	Otu105	Otu106	Otu107	Otu108	Otu109	Otu110	Otu111	Otu112	Otu113	Otu114	Otu115	Otu116	Otu117	Otu118	Otu119
0.03	north1_all	80	25887	13637	5990	5232	6216	2635	4438	2265	1757	1447	917	1243	1198	914	494	477	964	964	246	278	648	217	315	249	137	151	130	103	99	131	60	89	54	123	146	202	136	43	65	27	52	32	23	27	16	28	18	16	25	15	10	11	6	11	9	38	4	15	8	18	22	4	3	4	5	2	3	0	3	2	1	2	6	3	7	0	0	4	1	5	0	0	3	0	1	0	4	1	0	1	0	0	1	0	3	0	0	0	0	0	0	0	0	0	0	1	0	0	0	0	0	0	0	0	0	0	0	0	0	0
0.03	north1_active	80	13252	7466	2643	2670	3693	1194	2828	1219	925	768	417	692	721	512	220	218	611	671	96	125	454	101	185	143	66	62	55	45	37	75	26	51	23	88	100	157	65	18	35	13	35	14	11	11	9	19	7	5	19	9	7	5	1	5	5	34	1	13	4	13	20	1	3	1	3	0	2	0	1	0	1	1	6	1	6	0	0	2	0	2	0	0	0	0	0	0	4	0	0	0	0	0	1	0	0	0	0	0	0	0	0	0	0	0	0	0	0	0	0	0	0	0	0	0	0	0	0	0	0	0
0.03	north2_all	80	26003	13704	5959	5165	6232	2595	4434	2328	1724	1477	934	1264	1188	884	496	470	1007	951	228	268	657	206	317	273	136	155	129	104	91	134	73	95	55	97	140	180	147	46	58	25	52	35	18	31	18	22	16	18	29	14	8	8	9	7	7	27	3	18	11	16	12	5	0	5	3	2	4	0	3	3	1	2	6	2	5	0	0	3	1	5	0	0	4	0	0	0	0	1	0	0	1	0	0	0	3	0	0	0	0	0	0	2	0	0	0	0	0	0	0	0	0	0	0	0	0	0	0	0	0	0
0.03	north2_active	80	13365	7518	2638	2627	3698	1188	2775	1260	927	774	416	709	698	485	209	208	644	635	86	115	439	95	194	151	65	58	47	48	35	73	29	56	21	69	89	130	76	21	33	10	32	12	10	17	10	13	6	6	23	7	5	5	3	2	4	21	1	15	4	11	11	3	0	1	2	0	3	0	1	0	1	0	6	1	5	0	0	1	1	2	0	0	0	0	0	0	0	0	0	0	1	0	0	0	0	0	0	0	0	0	0	2	0	0	0	0	0	0	0	0	0	0	0	0	0	0	0	0	0	0
0.03	north3_all	80	25951	13762	5957	5163	6176	2585	4301	2299	1723	1507	964	1263	1210	890	484	461	996	921	256	256	738	197	302	259	136	155	129	114	86	133	81	102	65	89	129	156	137	52	49	25	38	38	19	27	16	14	14	15	13	14	10	6	18	8	7	24	12	24	11	13	17	3	3	5	5	2	3	1	1	2	2	3	7	3	1	3	0	2	1	3	0	14	1	2	0	0	1	2	0	0	1	0	0	0	3	1	0	0	0	0	0	2	0	0	0	0	0	0	0	0	0	0	0	0	0	0	0	0	0	0
0.03	north3_active	80	13359	7524	2671	2655	3646	1176	2642	1282	926	792	461	726	706	491	190	211	611	596	117	117	475	91	191	141	64	67	56	52	32	81	28	59	26	59	85	114	86	30	31	11	20	18	11	12	9	8	5	5	8	6	4	4	10	4	5	18	8	19	5	12	14	2	2	1	3	1	3	0	1	0	2	1	7	2	1	1	0	0	1	2	0	14	0	2	0	0	1	1	0	0	1	0	0	0	0	1	0	0	0	0	0	2	0	0	0	0	0	0	0	0	0	0	0	0	0	0	0	0	0	0
0.03	north4_all	80	26066	13795	6053	5203	6183	2557	4302	2328	1708	1486	997	1243	1224	870	462	466	957	804	281	231	786	196	298	251	145	144	125	111	84	119	87	109	72	83	116	160	152	47	42	23	51	35	17	26	16	16	12	14	16	7	9	7	15	7	9	12	14	25	8	9	10	4	4	6	6	5	3	1	0	2	2	4	3	2	1	3	0	0	1	4	0	14	1	3	0	0	1	1	0	0	1	0	0	0	0	1	0	0	0	0	0	2	0	0	0	0	0	0	0	0	0	0	0	0	0	0	0	0	0	0
0.03	north4_active	80	13486	7552	2715	2671	3681	1168	2647	1290	913	787	464	697	704	486	173	198	610	496	133	101	497	93	177	135	65	64	62	51	36	65	42	59	36	49	71	101	92	29	26	10	30	15	10	13	10	8	4	6	10	3	4	2	9	5	5	10	9	19	4	9	8	2	3	1	3	4	3	0	0	0	2	1	2	2	1	1	0	0	1	2	0	14	0	2	0	0	1	1	0	0	1	0	0	0	0	1	0	0	0	0	0	2	0	0	0	0	0	0	0	0	0	0	0	0	0	0	0	0	0	0
0.03	north5_all	80	26108	13945	6210	5151	6135	2614	4285	2271	1720	1464	1006	1208	1270	833	470	473	975	789	305	231	680	209	277	244	154	127	129	123	93	118	88	107	69	79	99	159	120	50	40	26	55	38	22	27	15	26	15	9	14	6	9	9	9	8	11	8	17	22	5	3	19	2	8	4	5	5	4	1	1	2	4	5	3	8	1	6	0	0	0	2	0	14	2	4	0	0	1	1	2	0	1	0	1	0	0	1	0	0	0	0	0	2	0	0	0	0	0	0	0	0	0	0	0	0	0	0	0	0	0	0
0.03	north5_active	80	13508	7575	2807	2575	3663	1227	2676	1268	909	807	475	667	754	478	205	210	608	510	134	112	428	93	158	134	70	62	55	59	40	69	41	58	41	45	61	93	79	34	29	11	35	21	11	16	9	15	7	5	7	5	5	3	7	6	7	8	12	16	4	3	15	0	4	0	2	4	3	0	1	0	3	2	2	8	1	1	0	0	0	0	0	14	2	2	0	0	1	1	2	0	1	0	1	0	0	1	0	0	0	0	0	2	0	0	0	0	0	0	0	0	0	0	0	0	0	0	0	0	0	0
0.03	north6_all	80	26085	13903	6219	5198	6143	2625	4511	2251	1759	1492	1024	1208	1321	851	475	486	968	800	327	247	655	197	288	254	149	124	123	113	98	114	82	98	69	81	110	158	80	36	44	25	46	37	23	29	16	28	14	14	10	8	9	10	9	9	13	14	9	14	5	2	22	4	8	4	5	8	3	1	1	2	5	2	3	8	1	6	0	1	0	2	0	0	2	2	0	0	0	0	2	0	1	0	1	0	0	1	0	0	0	0	1	0	0	0	0	0	0	1	0	0	1	0	0	0	0	0	0	0	0	0
0.03	north6_active	80	13456	7544	2842	2607	3680	1238	2893	1278	921	839	480	646	758	490	211	219	611	502	139	122	429	79	160	141	68	61	53	55	48	66	40	51	43	50	77	99	42	26	30	11	28	14	11	20	10	20	7	11	5	4	5	2	6	4	7	9	5	9	4	1	15	1	4	0	1	7	1	1	1	0	3	1	2	8	0	3	0	1	0	0	0	0	2	0	0	0	0	0	2	0	1	0	1	0	0	1	0	0	0	0	0	0	0	0	0	0	0	0	0	0	1	0	0	0	0	0	0	0	0	0
0.03	north7_all	80	26141	13809	6186	5284	5868	2639	4652	2298	1786	1463	1003	1227	1324	818	472	483	1005	858	326	264	620	210	271	229	146	123	137	123	92	122	70	89	77	94	113	154	110	47	46	26	44	33	24	39	14	51	16	15	8	12	9	8	8	9	11	17	7	18	3	11	16	5	6	3	3	4	3	1	2	3	7	2	1	7	1	7	0	1	0	1	1	0	2	3	0	0	0	0	2	0	1	0	1	0	0	0	0	0	1	0	1	0	0	0	0	1	0	1	0	0	1	0	0	0	0	0	0	0	0	0
0.03	north7_active	80	13488	7515	2803	2601	3465	1305	3024	1295	965	809	462	654	802	464	225	226	627	534	131	127	407	91	145	127	66	60	55	66	41	75	36	52	41	62	79	95	66	27	31	11	29	13	11	31	7	43	7	11	3	6	5	2	3	2	7	11	4	13	2	7	8	2	3	0	1	3	1	1	1	2	4	1	0	7	0	3	0	1	0	0	1	0	2	1	0	0	0	0	2	0	1	0	1	0	0	0	0	0	1	0	0	0	0	0	0	0	0	0	0	0	1	0	0	0	0	0	0	0	0	0
0.03	north8_all	80	26166	13716	6120	5310	5941	2551	4767	2311	1783	1423	989	1213	1311	841	461	470	1030	886	328	251	630	205	289	233	139	119	127	119	103	131	70	89	72	105	112	128	88	44	41	26	26	37	22	31	13	45	18	15	17	14	12	8	9	13	12	23	4	14	5	12	17	5	3	4	4	6	2	3	3	3	6	2	1	0	4	8	2	1	0	2	1	0	0	1	0	0	0	0	0	0	1	0	0	0	0	0	1	0	1	0	1	0	0	0	0	1	0	1	0	0	1	0	0	0	0	0	0	0	0	0
0.03	north8_active	80	13538	7323	2732	2655	3573	1230	3061	1253	948	778	455	651	772	460	212	222	649	540	144	122	398	89	177	121	60	57	58	62	48	77	36	51	35	67	79	71	54	23	28	13	17	16	11	24	7	37	8	10	8	4	7	3	4	3	7	14	2	11	4	8	5	2	2	0	2	4	1	2	2	2	3	1	0	0	0	3	1	1	0	0	1	0	0	1	0	0	0	0	0	0	1	0	0	0	0	0	1	0	1	0	0	0	0	0	0	0	0	0	0	0	1	0	0	0	0	0	0	0	0	0
0.03	north9_all	80	26151	13713	6079	5411	5886	2546	4731	2268	1792	1395	1005	1241	1255	835	459	485	1115	918	315	251	615	211	306	218	138	115	135	125	103	125	74	94	70	114	115	110	102	47	33	25	31	34	26	31	15	44	13	13	18	15	14	6	13	13	11	28	8	9	5	12	11	4	3	2	5	7	2	3	3	6	4	1	2	0	3	5	2	0	0	2	1	0	0	1	0	0	2	0	0	0	0	0	0	0	0	0	1	0	1	0	0	0	0	0	0	1	0	0	0	0	0	0	0	0	0	0	0	0	0	0
0.03	north9_active	80	13508	7349	2695	2783	3555	1204	3029	1231	954	748	458	669	727	449	219	215	696	572	142	111	383	103	182	113	53	56	63	67	45	71	39	53	32	74	75	60	64	22	20	14	19	18	13	27	6	32	2	7	10	6	8	3	8	3	8	17	3	7	3	9	6	2	2	0	3	5	1	2	1	4	2	0	0	0	0	3	1	0	0	0	1	0	0	1	0	0	2	0	0	0	0	0	0	0	0	0	1	0	1	0	0	0	0	0	0	0	0	0	0	0	0	0	0	0	0	0	0	0	0	0
0.03	north10_all	80	25909	13727	6079	5343	6103	2531	4729	2283	1780	1313	988	1191	1194	824	447	486	1123	781	295	244	632	214	298	230	144	110	112	119	101	131	79	93	64	104	126	95	102	50	35	27	31	35	28	29	19	34	14	12	16	12	15	8	9	12	9	24	6	6	4	9	13	3	10	2	3	6	2	2	2	5	1	0	8	0	3	2	4	1	0	2	0	1	0	3	1	0	2	1	0	0	0	0	0	0	0	0	1	0	0	0	0	0	0	0	0	0	0	0	0	0	0	0	0	0	0	0	0	0	0	0
0.03	north10_active	80	13304	7440	2738	2718	3694	1215	2954	1247	964	694	455	650	707	436	226	221	713	478	131	106	392	105	181	117	60	55	51	60	49	77	40	53	31	75	79	65	71	22	22	15	20	22	13	21	5	18	3	6	9	4	9	4	6	4	7	17	2	4	3	9	7	1	3	0	2	4	1	1	1	2	0	0	6	0	0	1	3	0	0	1	0	0	0	3	0	0	2	1	0	0	0	0	0	0	0	0	1	0	0	0	0	0	0	0	0	0	0	0	0	0	0	0	0	0	0	0	0	0	0	0
0.03	north11_all	80	25805	13711	6057	5094	6008	2534	4614	2292	1722	1480	954	1210	1172	846	479	441	1062	720	332	252	710	201	306	250	155	132	126	115	87	140	78	103	58	99	146	126	114	45	42	34	32	35	24	26	25	23	17	10	13	18	9	10	6	6	6	11	6	15	4	8	7	7	4	1	0	2	1	3	2	3	8	2	6	4	0	1	0	1	2	11	6	0	0	1	1	0	0	2	1	0	2	1	1	0	0	0	0	0	0	0	0	0	0	0	0	0	0	0	0	0	0	0	0	0	0	1	0	0	0	0
0.03	north11_active	80	13252	7516	2722	2621	3629	1190	2781	1284	948	805	435	723	673	457	205	206	702	451	146	132	413	101	167	139	56	60	63	61	36	93	46	57	30	56	86	87	69	28	22	14	15	21	9	14	9	11	6	3	6	11	5	6	3	2	4	9	3	4	1	6	3	2	3	0	0	0	1	1	0	2	6	2	3	2	0	0	0	1	0	1	5	0	0	0	0	0	0	0	0	0	1	0	0	0	0	0	0	0	0	0	0	0	0	0	0	0	0	0	0	0	0	0	0	0	0	1	0	0	0	0
0.03	north12_all	80	26100	13797	6023	5284	6046	2599	4727	2286	1743	1416	955	1202	1184	829	475	415	1131	768	323	278	698	202	295	266	147	140	133	115	89	143	80	104	59	96	127	101	106	51	47	34	31	32	18	25	21	21	17	14	15	17	11	8	6	4	11	20	8	15	4	7	7	4	6	2	2	2	2	5	3	4	2	3	8	2	3	2	0	2	1	11	6	0	0	1	1	0	0	2	0	1	3	1	1	0	0	0	0	0	0	0	0	0	0	0	0	0	0	0	0	0	0	0	0	0	0	1	0	0	0	0
0.03	north12_active	80	13585	7562	2701	2723	3660	1210	2864	1285	924	789	452	657	697	428	214	181	761	480	139	135	411	98	165	144	56	63	72	57	31	88	40	59	27	61	77	59	74	29	25	17	14	16	6	15	8	14	5	2	8	10	4	5	4	0	9	19	3	3	1	6	3	1	3	0	0	2	2	1	0	3	0	3	4	2	0	0	0	2	0	1	5	0	0	0	1	0	0	0	0	0	1	0	0	0	0	0	0	0	0	0	0	0	0	0	0	0	0	0	0	0	0	0	0	0	0	1	0	0	0	0
0.03	north13_all	80	26156	13997	5976	5273	6107	2631	4722	2314	1729	1473	999	1211	1162	822	465	386	1112	802	297	268	656	208	299	247	146	143	127	119	80	142	78	97	49	103	93	76	123	41	56	36	25	26	21	28	14	26	18	12	21	18	11	8	8	5	10	14	8	10	6	6	9	3	5	2	3	2	4	3	6	2	1	5	7	4	3	2	0	1	0	5	0	1	0	1	1	0	0	1	0	1	3	0	0	0	0	0	0	0	0	0	0	0	0	0	0	0	0	0	0	0	0	0	0	0	0	1	0	0	0	0
0.03	north13_active	80	13564	7714	2735	2708	3694	1249	2867	1275	909	810	478	665	722	442	211	162	733	531	124	124	390	91	182	122	56	67	61	55	27	82	36	55	20	67	51	44	86	21	35	13	11	10	9	18	5	18	4	0	12	8	4	3	5	1	9	13	4	6	1	4	6	2	2	0	0	2	3	0	1	1	0	5	4	3	0	0	0	1	0	1	0	1	0	0	1	0	0	0	0	0	1	0	0	0	0	0	0	0	0	0	0	0	0	0	0	0	0	0	0	0	0	0	0	0	0	1	0	0	0	0
0.03	north14_all	80	26128	13890	6076	5289	6213	2557	4562	2367	1667	1484	988	1213	1161	795	484	369	1141	881	269	288	673	222	262	231	155	136	133	124	93	153	77	87	65	83	118	60	87	43	54	36	37	27	21	30	10	26	17	12	22	17	11	9	10	4	8	39	9	11	4	4	11	3	5	2	4	3	4	3	4	5	1	3	2	3	6	1	0	1	0	4	2	1	0	0	1	0	3	1	0	1	1	0	0	1	0	0	0	0	0	0	0	0	0	0	0	0	0	0	0	0	0	0	0	0	0	0	0	0	0	0
0.03	north14_active	80	13583	7482	2781	2678	3779	1209	2797	1322	846	811	472	653	729	445	227	160	712	599	120	128	433	92	167	111	66	61	61	64	40	91	33	54	34	49	78	33	58	26	37	18	24	16	11	16	5	18	6	0	12	6	3	4	6	1	7	35	3	7	0	2	10	1	1	0	0	3	3	1	1	3	0	3	1	2	1	0	0	1	0	0	2	1	0	0	1	0	2	0	0	0	0	0	0	1	0	0	0	0	0	0	0	0	0	0	0	0	0	0	0	0	0	0	0	0	0	0	0	0	0	0
0.03	north15_all	80	26024	13914	6077	5280	6165	2530	4518	2295	1656	1467	1004	1236	1162	781	513	384	1091	909	278	277	685	226	250	229	144	132	112	112	103	134	78	78	71	74	120	85	76	45	58	33	33	20	23	28	11	25	16	8	20	12	10	8	11	9	8	35	13	10	3	5	16	5	6	2	3	2	3	2	4	3	1	3	4	2	3	1	0	0	0	1	2	1	0	0	0	0	3	0	0	0	2	1	0	1	0	0	0	0	0	0	0	0	1	0	0	0	0	0	0	0	0	0	0	0	0	0	0	0	0	0
0.03	north15_active	80	13453	7440	2744	2669	3733	1227	2819	1291	867	787	480	684	719	454	240	169	674	629	126	118	429	93	146	117	61	58	49	56	42	74	36	42	43	45	82	45	47	24	43	14	21	13	13	16	6	16	6	2	12	6	3	4	5	3	4	23	7	8	0	1	14	3	4	0	0	1	1	1	1	2	0	3	3	1	1	0	0	0	0	0	2	1	0	0	0	0	2	0	0	0	2	1	0	1	0	0	0	0	0	0	0	0	0	0	0	0	0	0	0	0	0	0	0	0	0	0	0	0	0	0
0.03	north16_all	80	26036	13928	6178	5204	6204	2536	4489	2253	1703	1459	966	1237	1197	809	506	429	1120	894	273	258	720	212	242	246	157	142	111	104	101	132	79	82	63	67	145	101	66	48	45	33	35	23	26	26	9	25	15	8	31	10	15	9	10	10	11	37	12	9	5	6	17	5	5	3	2	4	3	2	1	3	0	1	3	1	4	1	0	0	3	1	2	1	9	0	0	0	3	0	0	0	2	1	0	1	0	0	0	0	0	0	0	0	1	0	1	0	0	0	0	0	0	0	0	0	0	0	0	0	0	0
0.03	north16_active	80	13439	7391	2840	2664	3791	1222	2850	1254	920	757	449	719	730	462	236	188	676	592	132	114	459	88	144	138	71	67	50	57	41	76	40	43	43	33	99	58	29	27	29	16	23	14	15	12	4	15	10	2	22	5	7	5	5	4	6	23	7	5	0	2	14	3	4	1	0	2	2	1	0	2	0	1	3	1	1	0	0	0	3	0	2	1	3	0	0	0	2	0	0	0	2	1	0	1	0	0	0	0	0	0	0	0	0	0	1	0	0	0	0	0	0	0	0	0	0	0	0	0	0	0
0.03	north17_all	80	26132	13663	6267	5075	6085	2496	4719	2303	1749	1425	964	1259	1188	822	503	467	1052	859	287	236	654	220	286	241	155	152	114	118	89	136	76	88	62	88	177	131	73	57	40	29	32	20	24	21	13	34	12	14	24	12	14	7	8	13	12	13	15	17	3	6	10	5	7	3	4	18	3	2	3	0	1	1	3	1	3	1	1	0	3	2	0	0	9	0	2	0	1	0	0	0	2	2	0	1	0	0	1	0	0	0	0	0	1	0	1	0	0	0	0	0	0	0	0	0	0	0	0	0	0	0
0.03	north17_active	80	13457	7299	2859	2645	3718	1223	3001	1309	986	771	438	746	712	463	228	215	633	580	139	94	398	95	170	135	72	76	57	58	32	72	37	47	38	51	118	80	42	34	23	14	15	10	12	11	6	16	9	4	17	7	7	2	3	6	7	2	10	3	0	3	7	3	4	2	1	6	2	1	1	0	1	1	3	1	1	0	1	0	3	0	0	0	3	0	2	0	0	0	0	0	2	1	0	1	0	0	0	0	0	0	0	0	0	0	1	0	0	0	0	0	0	0	0	0	0	0	0	0	0	0
0.03	north18_all	80	26367	13756	6238	5059	6227	2518	4773	2329	1717	1455	969	1274	1190	837	498	460	1031	883	284	229	674	207	292	230	150	163	126	129	87	117	79	77	64	89	172	115	78	55	32	28	34	23	26	22	17	32	10	11	29	11	17	11	6	12	10	13	16	15	7	3	3	3	6	3	3	18	2	0	3	0	1	1	3	1	1	0	3	0	4	1	0	0	9	0	3	0	0	0	0	0	0	1	1	0	0	0	1	0	0	0	0	0	1	0	1	0	0	0	0	0	0	0	0	0	0	0	0	0	0	0
0.03	north18_active	80	13445	7456	2795	2657	3838	1226	3038	1318	947	819	464	774	708	467	221	212	617	602	137	98	437	96	176	124	70	88	59	69	34	59	37	44	38	52	117	72	48	33	16	13	18	12	12	12	9	18	7	3	21	5	7	5	5	6	7	2	11	2	2	2	1	1	2	2	1	7	2	0	1	0	1	1	3	1	0	0	3	0	3	0	0	0	3	0	2	0	0	0	0	0	0	0	0	0	0	0	0	0	0	0	0	0	0	0	1	0	0	0	0	0	0	0	0	0	0	0	0	0	0	0
0.03	north19_all	80	26402	13696	6262	5098	6196	2481	4832	2396	1703	1487	964	1209	1165	857	496	448	1021	902	321	235	586	206	308	215	152	154	147	143	86	122	75	86	68	106	148	114	76	50	32	27	38	27	23	20	17	26	12	16	24	12	13	11	6	10	5	8	7	14	6	3	15	4	6	3	7	21	2	2	4	0	1	2	3	1	6	0	3	0	3	1	0	2	0	0	4	0	0	2	0	0	0	2	1	0	0	0	1	1	0	0	0	0	0	0	0	0	0	0	0	0	0	0	0	0	0	0	0	0	0	0
0.03	north19_active	80	13542	7509	2815	2629	3795	1184	2965	1375	940	844	454	730	687	468	229	211	616	586	160	105	380	84	197	117	68	76	74	76	38	65	33	53	38	63	101	73	55	32	15	13	25	15	12	13	10	11	7	7	16	7	3	6	4	3	4	3	5	0	2	2	5	1	1	1	3	9	1	0	2	0	1	2	3	1	6	0	3	0	0	0	0	2	0	0	2	0	0	0	0	0	0	0	0	0	0	0	0	1	0	0	0	0	0	0	0	0	0	0	0	0	0	0	0	0	0	0	0	0	0	0
0.03	north20_all	80	26053	13566	6229	5075	6151	2517	4556	2313	1738	1485	976	1161	1150	855	493	448	980	980	307	253	601	208	293	205	153	142	133	140	97	118	84	67	62	92	90	109	71	51	44	28	38	26	30	17	17	33	14	11	33	11	10	13	9	13	4	7	6	8	8	4	19	4	5	3	5	5	2	2	2	1	0	2	3	0	6	0	2	1	3	0	0	2	0	0	4	0	0	2	0	0	0	2	1	0	0	0	0	1	0	0	0	0	0	0	0	0	0	0	0	0	0	0	0	0	0	0	0	0	0	0
0.03	north20_active	80	13313	7435	2776	2601	3799	1140	2801	1313	935	825	462	667	676	474	223	207	589	664	143	109	402	84	179	122	63	72	64	83	48	56	41	40	38	54	69	62	55	33	26	14	23	13	14	10	10	19	6	6	22	5	1	7	6	4	4	1	5	6	4	1	5	0	2	1	2	3	1	0	2	0	0	2	3	0	6	0	2	1	0	0	0	2	0	0	2	0	0	0	0	0	0	0	0	0	0	0	0	1	0	0	0	0	0	0	0	0	0	0	0	0	0	0	0	0	0	0	0	0	0	0
0.03	south21_all	80	25675	13707	6077	5153	5992	2637	4542	2389	1758	1513	1047	1299	1198	897	487	489	1019	874	277	256	488	224	265	234	148	142	123	114	104	170	76	86	57	100	128	119	83	47	42	27	53	24	33	31	20	32	15	16	21	16	9	12	5	5	12	9	7	20	2	3	26	5	7	0	1	8	2	2	1	0	7	3	4	0	1	3	0	1	0	4	2	1	4	1	0	2	1	0	0	0	0	0	1	0	0	0	0	0	1	0	0	0	0	0	0	0	0	0	0	1	0	0	0	0	2	0	1	0	0	1
0.03	south21_active	80	13077	7505	2718	2669	3718	1227	2759	1373	969	823	522	766	727	497	199	237	624	575	138	114	314	98	132	119	68	60	45	47	50	101	40	35	28	66	81	85	44	21	20	12	31	15	22	16	9	16	7	7	10	8	6	7	0	2	0	1	3	18	1	3	20	1	6	0	0	8	2	2	1	0	7	3	2	0	0	1	0	0	0	1	1	1	4	1	0	1	1	0	0	0	0	0	1	0	0	0	0	0	0	0	0	0	0	0	0	0	0	0	0	0	0	0	0	0	0	0	1	0	0	0
0.03	south22_all	80	25984	13820	6068	5137	6146	2662	4675	2414	1713	1527	1007	1312	1213	893	493	486	958	923	277	259	566	208	285	236	154	143	124	123	101	162	87	99	66	84	120	114	97	49	49	28	33	27	27	33	19	24	20	12	22	13	13	10	6	5	17	9	12	17	4	5	11	6	8	1	1	11	2	2	2	5	6	1	3	0	2	2	0	1	0	1	9	2	2	1	1	2	1	0	0	0	0	0	1	0	0	0	0	0	0	0	0	0	1	0	0	0	0	0	0	0	0	0	0	0	0	0	0	0	0	1
0.03	south22_active	80	13314	7569	2734	2615	3752	1267	2823	1380	962	818	496	755	705	498	201	210	544	566	131	119	373	98	166	129	66	60	48	48	51	97	43	49	38	55	85	70	66	18	25	13	25	18	15	20	9	15	10	4	10	7	6	5	1	2	2	1	6	15	2	3	6	2	8	0	0	11	2	2	2	5	6	1	2	0	0	2	0	0	0	1	8	1	2	1	1	1	1	0	0	0	0	0	1	0	0	0	0	0	0	0	0	0	1	0	0	0	0	0	0	0	0	0	0	0	0	0	0	0	0	0
0.03	south23_all	80	26013	13783	6145	5111	6274	2621	4720	2418	1722	1492	1011	1270	1300	882	519	491	950	893	296	259	637	188	296	239	163	134	117	122	96	145	71	97	63	91	109	138	103	55	58	28	21	23	24	28	22	33	19	12	18	9	12	10	11	5	23	21	10	3	4	7	10	7	4	1	3	7	3	1	1	7	5	0	2	0	2	3	0	1	0	1	8	26	3	0	1	0	0	0	0	0	0	0	1	1	0	0	0	0	0	0	0	0	1	1	0	0	0	0	0	0	0	0	1	0	0	0	0	0	0	0
0.03	south23_active	80	13425	7551	2782	2626	3819	1257	2892	1386	952	803	488	739	742	496	211	222	525	555	143	131	418	95	182	129	68	52	48	50	49	94	33	55	34	57	61	91	75	24	27	11	12	12	11	18	10	18	11	5	11	6	4	3	5	1	6	9	5	2	2	4	6	2	4	0	0	5	3	1	1	6	5	0	1	0	1	3	0	0	0	1	7	1	2	0	1	0	0	0	0	0	0	0	1	1	0	0	0	0	0	0	0	0	1	0	0	0	0	0	0	0	0	0	1	0	0	0	0	0	0	0
0.03	south24_all	80	26164	13694	6083	5118	6342	2609	4812	2390	1740	1495	978	1275	1242	870	525	470	939	866	330	258	672	203	300	250	155	121	125	124	75	131	76	82	63	87	139	191	91	49	56	30	18	25	24	25	21	33	20	11	11	8	11	10	15	5	15	24	9	3	4	9	5	4	6	2	2	9	3	1	1	7	3	0	1	0	2	6	0	1	0	1	8	25	1	1	1	1	1	0	0	0	0	0	0	1	0	0	0	0	0	0	1	0	1	1	0	0	0	0	0	0	0	0	1	0	0	0	0	0	0	0
0.03	south24_active	80	13537	7543	2765	2653	3887	1292	2975	1362	1000	810	459	748	724	466	225	220	520	543	157	111	434	107	180	137	71	48	58	54	34	86	35	52	30	54	93	143	70	20	28	9	10	12	11	17	7	19	12	5	7	6	2	4	7	1	7	12	4	2	2	1	5	1	5	0	0	7	3	1	1	6	3	0	1	0	1	4	0	0	0	1	7	0	0	0	1	1	0	0	0	0	0	0	0	1	0	0	0	0	0	0	1	0	1	0	0	0	0	0	0	0	0	0	1	0	0	0	0	0	0	0
0.03	south25_all	80	26259	13701	6013	5095	6274	2624	4777	2336	1794	1493	972	1235	1250	830	541	472	974	907	315	251	708	199	289	260	152	123	129	126	86	121	73	95	66	77	137	197	75	48	45	33	25	23	33	24	25	31	17	8	10	12	13	12	16	7	14	23	5	10	4	9	7	7	4	1	2	10	1	2	2	3	1	0	3	0	1	5	0	1	2	0	7	26	1	1	0	1	1	0	0	0	0	0	0	1	0	0	0	0	0	1	1	0	1	1	0	0	0	0	0	0	0	1	1	0	0	0	0	0	0	0
0.03	south25_active	80	13615	7529	2729	2647	3829	1308	2952	1346	991	817	458	747	738	433	221	224	558	607	153	114	428	93	165	137	72	52	64	56	38	73	31	61	33	48	92	141	49	21	22	13	12	12	17	18	10	14	9	4	7	10	1	3	6	2	9	12	1	9	3	1	5	2	2	0	0	7	1	1	1	1	1	0	3	0	1	3	0	0	1	0	7	0	0	0	0	1	0	0	0	0	0	0	0	1	0	0	0	0	0	0	1	0	1	0	0	0	0	0	0	0	0	0	1	0	0	0	0	0	0	0
0.03	south26_all	80	26433	13687	6021	5104	6249	2572	4614	2340	1804	1530	994	1243	1197	785	492	460	970	920	293	247	676	220	287	258	143	129	146	123	90	129	72	85	56	84	142	178	77	49	45	32	30	27	30	26	29	35	14	7	12	12	13	10	12	9	11	8	6	10	5	9	5	7	5	1	2	11	1	2	3	1	1	0	5	0	1	3	1	1	2	0	0	1	0	1	0	1	1	0	1	0	0	0	0	2	0	0	0	0	0	1	1	0	0	0	0	0	0	0	0	0	0	1	1	0	0	0	0	0	0	0
0.03	south26_active	80	13670	7560	2771	2618	3846	1256	2859	1314	982	868	466	728	721	415	216	220	607	630	136	111	431	100	154	132	72	61	72	53	38	72	32	48	25	44	99	131	41	22	24	13	14	16	15	16	11	18	9	2	8	10	1	3	5	3	9	3	1	9	4	2	3	2	3	0	2	9	1	0	2	0	1	0	5	0	1	1	1	0	1	0	0	0	0	0	0	1	0	0	1	0	0	0	0	1	0	0	0	0	0	0	1	0	0	0	0	0	0	0	0	0	0	0	1	0	0	0	0	0	0	0
0.03	south27_all	80	26546	13472	6066	5116	6146	2540	4548	2329	1775	1531	1006	1225	1199	787	487	446	998	899	278	247	667	204	288	249	142	147	149	120	101	123	72	114	54	106	120	137	76	51	49	28	30	26	28	28	24	29	20	15	13	11	13	10	9	12	13	8	7	14	6	3	4	5	3	1	2	10	1	2	4	1	2	0	6	1	0	1	1	0	2	0	0	1	0	0	0	1	0	0	1	0	0	0	0	1	6	0	0	0	0	1	0	0	0	0	0	0	0	0	0	0	0	1	0	0	0	0	0	0	0	0
0.03	south27_active	80	13757	7381	2788	2599	3720	1235	2860	1301	934	874	485	690	742	431	218	198	637	569	126	119	435	96	163	137	64	73	82	59	48	71	30	68	29	46	74	86	44	21	23	14	16	15	15	16	9	19	14	6	9	8	2	2	4	6	9	4	1	13	5	2	2	2	2	0	2	9	0	0	2	0	1	0	6	0	0	1	1	0	1	0	0	0	0	0	0	1	0	0	1	0	0	0	0	0	6	0	0	0	0	0	0	0	0	0	0	0	0	0	0	0	0	0	0	0	0	0	0	0	0	0
0.03	south28_all	80	26246	13548	6200	5044	6118	2545	4446	2350	1735	1512	979	1191	1176	813	462	457	959	917	270	229	668	212	283	244	132	151	141	115	98	123	64	103	58	114	102	119	88	59	55	23	34	27	24	17	19	32	21	15	27	16	17	11	8	13	14	22	9	16	7	4	6	1	2	1	2	6	2	2	3	1	4	0	3	1	0	2	1	1	1	0	24	0	0	0	0	0	0	1	1	0	4	0	0	1	6	0	0	0	0	0	0	0	0	0	1	0	4	0	1	0	0	1	0	0	0	0	0	0	0	0
0.03	south28_active	80	13566	7390	2848	2598	3734	1233	2773	1307	901	830	474	675	714	447	214	217	619	527	118	114	463	101	159	135	58	78	74	63	43	70	32	61	29	45	54	66	56	32	24	13	19	15	12	6	10	21	14	7	24	11	6	3	3	7	7	7	4	12	4	2	6	0	2	1	2	5	1	0	1	0	3	0	3	0	0	1	1	0	0	0	0	0	0	0	0	0	0	0	1	0	0	0	0	0	6	0	0	0	0	0	0	0	0	0	1	0	0	0	1	0	0	0	0	0	0	0	0	0	0	0
0.03	south29_all	80	26120	13437	6204	5058	6139	2581	4524	2302	1682	1473	976	1241	1243	850	460	461	911	983	272	244	606	206	268	211	128	148	140	112	94	114	72	100	68	130	98	120	82	56	56	25	30	28	27	24	18	25	21	18	32	15	19	10	7	10	11	26	8	13	6	5	5	2	5	1	2	3	2	2	3	0	3	0	5	1	0	2	0	1	0	0	24	0	0	0	0	0	0	1	1	1	4	0	0	0	9	0	0	0	0	0	0	0	0	0	3	0	4	0	1	0	0	0	1	0	0	0	0	0	0	0
0.03	south29_active	80	13343	7252	2787	2620	3725	1248	2747	1280	866	783	471	698	756	493	198	216	568	577	121	123	394	104	141	122	55	75	72	64	40	59	40	59	28	59	52	64	62	30	23	12	15	15	10	12	9	15	12	8	29	9	9	5	1	7	3	14	4	9	3	3	4	0	4	1	2	2	1	0	1	0	2	0	4	0	0	1	0	0	0	0	0	0	0	0	0	0	0	0	1	0	0	0	0	0	9	0	0	0	0	0	0	0	0	0	3	0	0	0	1	0	0	0	0	0	0	0	0	0	0	0
0.03	south30_all	80	26006	13509	6206	5042	5948	2611	4635	2285	1754	1440	982	1154	1303	886	480	468	917	956	273	249	633	215	274	240	129	150	137	113	88	104	77	97	67	103	120	123	110	59	53	23	31	27	28	29	22	33	19	11	28	12	24	10	9	11	11	26	7	14	12	8	10	2	4	4	1	3	3	3	1	3	4	1	9	0	0	1	1	1	0	0	24	0	1	3	0	0	0	2	0	1	5	0	0	0	3	0	0	0	0	0	0	0	0	0	3	0	4	1	1	0	0	0	1	0	0	0	0	0	0	0
0.03	south30_active	80	13243	7353	2763	2617	3585	1259	2817	1264	904	784	478	673	790	514	205	222	554	593	126	113	373	109	140	138	56	78	73	59	41	60	43	56	26	65	72	79	75	31	19	9	14	13	11	13	11	20	6	6	26	6	17	8	2	6	4	14	5	9	9	5	9	0	3	2	0	2	1	1	0	3	4	1	8	0	0	0	0	0	0	0	0	0	1	3	0	0	0	1	0	0	1	0	0	0	3	0	0	0	0	0	0	0	0	0	3	0	0	0	1	0	0	0	0	0	0	0	0	0	0	0
0.03	south31_all	80	25978	13978	5992	5217	6126	2690	4675	2301	1736	1399	948	1241	1222	806	498	450	1023	871	320	281	575	223	308	232	146	143	132	108	100	129	93	89	69	110	132	123	109	60	48	30	73	21	24	29	26	18	11	17	19	12	16	7	10	8	7	30	5	6	4	13	31	11	4	6	9	7	0	3	3	4	5	1	3	1	2	2	2	0	3	0	0	0	0	0	0	0	0	2	0	0	0	0	1	0	0	1	0	0	0	0	0	0	0	0	0	0	0	0	0	0	0	0	0	0	0	0	0	0	0	0
0.03	south31_active	80	13371	7643	2687	2642	3693	1259	3001	1297	913	727	438	699	663	439	197	200	652	553	157	113	370	110	186	139	53	58	68	58	44	69	45	52	33	62	69	62	68	29	24	11	45	11	17	17	12	11	4	6	12	7	7	1	6	3	3	16	3	0	2	11	27	9	1	2	2	5	0	0	1	4	3	1	2	0	2	1	0	0	3	0	0	0	0	0	0	0	0	0	0	0	0	0	1	0	0	0	0	0	0	0	0	0	0	0	0	0	0	0	0	0	0	0	0	0	0	0	0	0	0	0
0.03	south32_all	80	26073	13804	6020	5249	6019	2611	4737	2253	1706	1435	979	1175	1222	844	499	486	1057	869	326	289	611	211	318	217	151	136	140	118	98	121	92	97	63	88	146	121	112	54	53	26	70	24	33	26	24	19	9	12	17	12	14	7	8	8	8	15	7	9	4	15	22	12	4	5	11	8	4	3	4	9	4	1	10	1	12	2	1	0	4	0	0	0	0	3	0	0	0	3	0	0	0	1	0	0	0	0	0	0	0	0	0	0	0	0	0	0	0	0	0	0	0	0	0	1	0	0	0	0	0	0
0.03	south32_active	80	13376	7623	2718	2673	3640	1226	3004	1276	885	742	444	675	667	451	193	215	655	538	160	123	381	102	192	121	53	53	75	64	39	67	50	57	31	46	92	67	81	20	30	8	40	13	24	14	11	8	5	6	11	5	7	1	5	3	4	12	4	2	1	12	20	7	0	3	3	8	3	0	0	4	3	1	9	0	2	1	0	0	2	0	0	0	0	3	0	0	0	0	0	0	0	0	0	0	0	0	0	0	0	0	0	0	0	0	0	0	0	0	0	0	0	0	0	0	0	0	0	0	0	0
0.03	south33_all	80	25892	13772	6047	5274	5953	2579	4900	2200	1711	1526	1002	1186	1204	838	498	467	1113	772	325	304	622	231	315	232	136	131	145	106	107	119	96	101	72	89	119	95	110	42	53	30	62	22	32	24	17	30	22	13	22	11	11	6	8	11	10	20	5	5	7	7	10	10	4	4	11	12	5	1	4	9	4	1	11	1	12	2	1	0	5	0	0	0	2	7	0	0	0	1	0	0	1	1	0	0	0	0	0	0	0	0	0	0	0	0	0	0	0	0	0	0	0	0	0	1	0	0	0	0	0	0
0.03	south33_active	80	13320	7585	2701	2681	3578	1187	3025	1205	872	792	448	680	673	438	213	220	684	485	162	134	375	126	175	127	52	52	77	58	51	66	51	56	35	51	80	55	74	17	24	10	32	10	20	14	5	17	11	5	10	4	6	2	6	4	5	12	2	2	2	5	5	5	1	2	3	12	3	0	0	4	3	1	10	0	2	1	0	0	2	0	0	0	2	3	0	0	0	0	0	0	0	0	0	0	0	0	0	0	0	0	0	0	0	0	0	0	0	0	0	0	0	0	0	0	0	0	0	0	0	0
0.03	south34_all	80	25808	13585	6057	5214	6060	2595	4836	2208	1749	1485	971	1182	1166	862	525	485	1125	733	317	280	607	241	297	251	131	125	143	108	103	134	100	95	66	88	115	103	99	33	53	27	53	19	32	27	12	36	21	15	22	13	10	5	7	10	17	9	7	10	7	9	8	6	4	3	4	10	6	1	3	5	0	2	9	0	11	2	1	2	5	0	0	1	3	7	0	1	0	1	0	0	1	1	0	1	0	0	0	0	0	0	0	0	0	0	0	0	0	0	0	0	0	0	0	1	0	0	0	0	0	0
0.03	south34_active	80	13294	7378	2646	2695	3683	1218	3044	1200	910	786	448	690	673	476	243	221	696	484	161	125	341	130	175	126	56	55	70	57	56	77	58	45	25	53	68	65	62	15	27	7	27	10	20	15	5	22	10	5	12	5	5	2	4	4	9	0	4	5	2	7	2	2	2	2	1	10	3	0	0	0	0	0	8	0	1	1	1	1	2	0	0	0	2	3	0	1	0	0	0	0	0	0	0	0	0	0	0	0	0	0	0	0	0	0	0	0	0	0	0	0	0	0	0	0	0	0	0	0	0	0
0.03	south35_all	80	25937	13548	6072	5202	6028	2584	4816	2268	1718	1464	991	1253	1238	861	500	463	1123	752	293	265	604	236	334	281	135	131	135	106	101	122	99	98	64	78	110	99	93	32	53	23	35	21	28	29	12	38	23	16	20	10	12	10	13	6	13	10	9	9	8	7	14	5	4	4	2	8	5	2	1	1	1	4	3	1	2	2	1	3	2	0	0	1	3	7	0	1	0	0	0	0	1	1	0	1	0	0	0	0	0	0	0	0	0	0	0	0	0	0	0	0	0	0	0	1	0	0	0	0	1	0
0.03	south35_active	80	13381	7266	2638	2693	3687	1220	3071	1247	923	812	452	714	742	476	230	220	697	513	137	116	336	115	198	144	65	58	63	52	55	71	61	45	25	51	57	67	53	15	27	7	16	10	16	13	7	21	10	6	9	2	4	4	5	2	7	1	2	3	3	6	7	1	3	2	0	8	2	1	0	0	1	1	2	1	2	1	1	1	0	0	0	0	2	3	0	1	0	0	0	0	0	1	0	0	0	0	0	0	0	0	0	0	0	0	0	0	0	0	0	0	0	0	0	0	0	0	0	0	0	0
0.03	south36_all	80	25799	13513	6095	5231	6121	2524	4735	2288	1713	1409	976	1272	1256	875	486	451	1161	784	293	270	601	221	336	275	145	127	135	115	100	131	88	97	64	97	117	120	101	40	48	22	33	21	28	28	14	36	19	18	17	10	12	8	14	8	16	9	11	7	7	6	9	5	3	2	2	3	3	3	1	1	1	4	2	2	2	2	1	3	0	0	0	1	3	10	0	1	1	0	0	0	0	1	0	1	0	0	0	0	0	0	0	0	0	1	0	0	0	0	0	0	0	0	0	0	0	0	0	0	1	0
0.03	south36_active	80	13215	7289	2675	2702	3734	1177	3046	1274	920	797	436	714	762	495	216	207	712	540	139	123	353	98	189	150	64	61	63	59	55	76	52	43	27	57	59	76	60	16	27	8	16	12	13	12	9	19	7	6	7	3	4	2	4	3	11	2	2	3	4	6	7	2	2	1	2	3	0	2	0	0	1	1	1	1	2	0	1	1	0	0	0	0	2	0	0	1	0	0	0	0	0	1	0	0	0	0	0	0	0	0	0	0	0	1	0	0	0	0	0	0	0	0	0	0	0	0	0	0	0	0
0.03	south37_all	80	25821	13474	6156	5258	6087	2531	4894	2335	1711	1395	995	1244	1267	877	477	412	1090	844	283	271	674	201	344	256	148	137	124	124	102	131	87	92	56	92	117	142	105	51	55	19	34	28	33	28	16	30	17	15	15	13	11	7	13	6	11	6	12	12	6	3	10	6	5	3	2	0	1	3	1	9	2	2	2	2	1	2	0	1	0	0	1	1	0	7	0	1	1	0	0	0	0	1	0	0	0	0	0	0	1	0	0	0	0	1	0	0	0	0	0	0	0	0	0	0	0	0	0	0	1	0
0.03	south37_active	80	13314	7310	2726	2697	3660	1164	3155	1283	939	767	441	692	789	508	212	193	660	560	144	122	433	66	190	143	59	59	57	65	53	70	46	47	25	52	69	78	59	20	32	6	16	13	17	10	9	15	6	7	6	5	2	2	5	2	7	2	1	5	3	3	5	2	2	2	2	0	0	2	0	8	2	1	1	1	1	0	0	0	0	0	0	1	0	0	0	1	0	0	0	0	0	1	0	0	0	0	0	0	1	0	0	0	0	1	0	0	0	0	0	0	0	0	0	0	0	0	0	0	0	0
0.03	south38_all	80	25687	13607	6002	5278	6103	2527	4803	2338	1743	1430	998	1299	1291	841	453	429	1167	898	272	267	714	202	329	249	143	137	121	122	106	133	76	87	64	82	108	149	90	57	51	23	31	27	37	31	13	41	17	18	20	13	10	4	13	9	8	10	19	9	2	10	11	5	4	2	5	1	4	2	1	9	3	2	1	2	1	2	0	0	2	0	1	1	0	7	1	0	1	0	0	0	0	0	0	0	0	0	0	0	1	0	0	0	0	1	0	0	0	0	0	0	0	0	0	0	0	0	0	1	1	0
0.03	south38_active	80	13227	7449	2666	2682	3575	1199	3008	1299	939	773	450	748	775	471	199	202	746	579	144	130	462	77	188	140	56	64	51	64	49	60	37	44	31	42	65	95	50	27	28	10	17	15	23	15	7	25	6	9	9	8	2	1	3	5	5	5	8	3	2	3	6	2	1	2	3	0	1	1	0	8	3	2	1	0	0	1	0	0	1	0	0	1	0	0	1	0	0	0	0	0	0	0	0	0	0	0	0	0	1	0	0	0	0	1	0	0	0	0	0	0	0	0	0	0	0	0	0	1	0	0
0.03	south39_all	80	25869	13683	5925	5200	6070	2606	4802	2314	1759	1410	1007	1309	1248	864	463	437	1049	870	280	265	704	211	327	209	141	134	121	122	101	144	81	79	65	67	114	166	75	55	55	21	35	22	38	28	14	41	16	18	21	11	6	3	9	10	9	8	19	15	4	8	6	6	2	3	4	5	3	1	1	10	2	1	0	2	1	2	0	0	2	1	1	1	0	6	2	0	0	0	0	0	0	0	0	0	0	1	0	0	1	0	0	0	0	0	0	0	0	0	0	0	0	0	0	0	0	0	0	1	0	0
0.03	south39_active	80	13406	7474	2674	2632	3586	1213	3045	1273	978	722	466	754	735	486	217	199	669	536	138	117	435	88	192	116	56	69	49	67	50	74	40	40	33	38	75	96	41	31	27	10	17	12	26	15	8	25	6	9	10	7	2	0	2	6	3	5	11	6	3	1	1	3	0	2	2	1	1	0	1	8	2	1	0	0	0	1	0	0	1	0	0	1	0	0	1	0	0	0	0	0	0	0	0	0	0	0	0	0	1	0	0	0	0	0	0	0	0	0	0	0	0	0	0	0	0	0	0	1	0	0
0.03	south40_all	80	26084	13765	5944	5287	6002	2606	4684	2312	1694	1477	1024	1284	1190	825	473	459	1043	900	280	253	648	203	339	241	129	131	127	117	100	147	79	81	67	66	128	185	113	59	59	24	43	21	30	34	13	44	14	22	23	14	8	5	9	9	8	12	17	14	7	8	5	5	1	3	6	12	6	0	1	5	2	1	0	1	3	4	0	0	4	1	2	1	1	0	3	0	0	0	0	0	0	0	1	0	0	1	0	0	1	0	0	0	0	0	0	0	0	0	0	0	0	0	0	0	0	0	0	1	0	0
0.03	south40_active	80	13505	7540	2690	2683	3467	1216	2998	1293	924	790	495	736	682	464	226	204	688	572	129	109	414	84	192	146	51	69	57	57	54	79	40	44	33	35	94	115	67	40	33	12	23	11	20	22	8	28	7	10	12	9	1	1	3	5	2	9	10	4	5	1	1	3	0	2	4	6	4	0	1	3	1	1	0	0	0	3	0	0	2	0	1	1	0	0	2	0	0	0	0	0	0	0	0	0	0	0	0	0	1	0	0	0	0	0	0	0	0	0	0	0	0	0	0	0	0	0	0	1	0	0
