label	Group	numOtus	Otu0	Otu1	Otu2	Otu3	Otu4	Otu5	Otu6	Otu7	Otu8	Otu9	Otu10	Otu11	Otu12	Otu13	Otu14	Otu15	Otu16	Otu17	Otu18	Otu19	Otu20	Otu21	Otu22	Otu23	Otu24	Otu25	Otu26	Otu27	Otu28	Otu29	Otu30	Otu31	Otu32	Otu33	Otu34	Otu35	Otu36	Otu37	Otu38	Otu39	Otu40	Otu41	Otu42	Otu43	Otu44	Otu45	Otu46	Otu47	Otu48	Otu49	Otu50	Otu51	Otu52	Otu53	Otu54	Otu55	Otu56	Otu57	Otu58	Otu59	Otu60	Otu61	Otu62	Otu63	Otu64	Otu65	Otu66	Otu67	Otu68	Otu69	Otu70	Otu71	Otu72	Otu73	Otu74	Otu75	Otu76	Otu77	Otu78	Otu79	Otu80	Otu81	Otu82	Otu83	Otu84	Otu85	Otu86	Otu87	Otu88	Otu89	Otu90	Otu91	Otu92	Otu93	Otu94	Otu95	Otu96	Otu97	Otu98	Otu99	Otu100	Otu101	Otu102	Otu103	Otu104	Otu105	Otu106	Otu107	Otu108	Otu109	Otu110	Otu111	Otu112	Otu113	Otu114	Otu115
0.03	north1_all	80	7816	2305	1636	2071	535	427	427	337	278	326	285	430	225	176	230	111	90	229	94	67	71	115	41	42	37	40	34	34	24	52	54	37	21	19	17	34	29	10	15	12	4	18	18	6	26	10	11	10	5	1	6	2	3	4	9	2	7	3	1	1	3	4	3	1	1	4	1	2	1	1	2	2	2	1	1	2	0	1	0	0	0	2	1	2	0	0	1	0	0	0	1	0	0	0	0	0	2	0	0	0	1	0	0	0	0	0	0	0	0	0	1	0	1	0	0	0
0.03	north1_active	80	4890	1227	982	1397	247	213	215	158	113	196	169	283	139	93	125	52	43	139	43	30	38	77	24	19	16	16	19	18	10	28	35	17	11	12	10	22	22	4	9	7	1	13	12	5	17	6	7	3	3	0	1	0	2	1	8	1	6	0	1	0	1	0	2	1	0	2	1	0	0	0	1	1	1	1	0	2	0	0	0	0	0	0	0	1	0	0	1	0	0	0	1	0	0	0	0	0	0	0	0	0	0	0	0	0	0	0	0	0	0	0	0	0	1	0	0	0
0.03	north2_all	80	7819	2204	1611	2130	562	463	411	346	260	338	282	429	234	196	231	97	81	200	90	69	70	129	44	46	41	34	25	33	21	47	55	38	16	21	13	37	28	11	17	9	5	17	16	7	26	10	7	15	3	4	4	2	3	2	11	1	7	1	1	1	1	5	3	3	5	1	1	3	1	2	2	2	3	0	1	1	0	1	0	0	0	2	1	2	0	0	1	0	1	1	1	0	0	0	0	0	2	0	0	0	0	0	0	0	0	0	0	0	0	0	1	0	0	0	0	0
0.03	north2_active	80	4890	1167	929	1426	265	245	214	170	109	201	167	276	144	100	126	47	29	123	41	29	40	90	27	23	18	17	12	17	10	24	25	15	6	14	8	24	21	3	10	6	2	11	9	5	16	8	3	4	2	4	1	0	1	1	9	0	6	0	1	0	0	1	2	2	3	1	0	0	0	0	1	1	2	0	0	1	0	0	0	0	0	0	0	1	0	0	1	0	0	0	1	0	0	0	0	0	0	0	0	0	0	0	0	0	0	0	0	0	0	0	0	0	0	0	0	0
0.03	north3_all	80	7970	2223	1661	2162	571	463	404	348	272	334	283	418	208	195	246	105	73	199	87	65	69	163	40	35	38	35	23	30	18	62	46	35	18	21	13	33	27	6	13	7	4	15	17	10	21	9	5	13	4	5	3	3	3	1	14	1	6	1	3	2	1	4	1	3	5	0	1	3	2	2	2	0	2	3	1	1	0	2	0	1	0	0	1	2	0	0	1	0	1	1	1	0	0	0	0	0	2	0	0	0	2	0	0	0	0	0	0	0	0	0	1	0	0	0	0	0
0.03	north3_active	80	5023	1178	949	1418	268	246	218	173	120	195	161	272	125	99	151	52	31	126	40	29	41	117	22	18	17	17	8	14	8	35	19	14	7	12	9	23	19	1	5	5	2	9	8	7	12	7	3	4	2	5	1	2	1	0	10	0	2	0	3	0	1	1	0	2	3	0	0	0	2	0	1	0	2	1	0	1	0	1	0	0	0	0	0	1	0	0	0	0	0	0	1	0	0	0	0	0	0	0	0	0	2	0	0	0	0	0	0	0	0	0	0	0	0	0	0	0
0.03	north4_all	80	7947	2256	1636	2069	580	466	423	346	269	316	274	444	224	194	277	105	75	202	89	52	58	148	41	39	44	32	29	31	17	81	57	39	16	22	13	36	22	4	5	5	7	12	15	18	25	4	4	17	2	8	6	6	5	0	11	1	6	1	3	2	1	3	0	4	5	1	1	1	3	2	2	1	2	3	1	1	0	2	0	1	0	0	1	0	0	0	2	1	1	1	1	0	0	0	0	0	2	0	0	0	3	0	0	0	0	0	0	0	0	0	1	0	0	0	0	0
0.03	north4_active	80	4958	1233	926	1305	273	235	212	178	126	183	146	281	136	108	180	57	32	118	44	20	32	101	20	22	20	17	10	19	8	54	29	17	7	11	9	27	15	0	1	4	3	8	4	14	15	4	2	6	0	6	3	6	4	0	7	1	2	1	2	1	1	1	0	2	4	1	0	0	2	0	1	1	2	1	0	1	0	1	0	0	0	0	0	0	0	0	1	1	0	0	1	0	0	0	0	0	0	0	0	0	3	0	0	0	0	0	0	0	0	0	0	0	0	0	0	0
0.03	north5_all	80	7865	2299	1629	2073	605	487	420	344	282	324	287	437	222	181	260	114	82	188	88	52	61	142	46	30	39	36	34	31	12	92	60	30	17	17	12	44	26	4	7	8	6	16	11	19	12	4	2	10	2	8	8	7	5	0	10	1	7	2	3	3	1	2	0	3	2	1	0	1	3	0	1	1	0	4	1	0	1	1	0	1	0	0	2	0	0	0	2	1	0	0	1	0	0	0	0	0	0	0	0	0	3	0	0	0	0	0	0	0	0	0	0	0	0	0	0	0
0.03	north5_active	80	4934	1263	925	1322	287	235	200	186	138	196	159	278	135	100	181	68	38	112	48	25	31	99	22	15	20	18	13	17	5	68	33	17	9	7	9	35	19	2	4	3	3	11	3	16	7	3	1	4	0	3	4	6	4	0	5	1	2	1	2	1	1	0	0	1	1	1	0	0	2	0	0	1	0	1	0	0	0	1	0	0	0	0	0	0	0	0	1	1	0	0	1	0	0	0	0	0	0	0	0	0	3	0	0	0	0	0	0	0	0	0	0	0	0	0	0	0
0.03	north6_all	80	7721	2324	1608	2061	607	479	431	342	263	310	288	456	234	167	252	118	76	200	101	44	56	145	35	38	45	30	36	29	14	106	60	30	15	19	14	52	21	13	10	14	10	13	11	19	11	6	7	10	3	8	10	7	8	2	5	3	4	2	2	3	4	4	0	2	1	1	0	1	1	0	1	2	0	3	2	0	1	1	0	0	0	0	1	0	0	0	1	1	0	0	2	0	1	0	0	0	0	0	0	0	1	0	0	0	0	0	0	0	0	0	0	0	0	0	0	0
0.03	north6_active	80	4761	1253	931	1358	286	237	198	175	127	189	175	303	149	86	187	72	42	112	55	20	28	87	19	18	24	13	15	19	6	76	31	17	9	9	9	35	15	5	7	5	6	9	3	16	5	4	4	7	2	1	4	5	7	1	2	1	1	1	1	1	4	1	0	1	1	1	0	0	0	0	0	2	0	0	0	0	0	0	0	0	0	0	0	0	0	0	1	1	0	0	1	0	0	0	0	0	0	0	0	0	1	0	0	0	0	0	0	0	0	0	0	0	0	0	0	0
0.03	north7_all	80	7800	2286	1600	2098	596	491	428	346	260	317	291	396	233	177	239	111	75	213	89	59	72	149	38	37	44	30	32	30	17	83	55	32	19	17	15	57	27	16	11	13	11	13	15	20	16	7	7	8	3	8	7	6	6	2	8	3	8	1	0	3	3	4	1	0	2	0	0	2	2	1	2	1	0	2	8	0	1	1	1	0	1	0	1	0	0	0	0	0	0	0	1	0	1	0	1	0	0	0	0	0	1	0	0	0	0	0	0	0	0	0	0	0	0	0	0	0
0.03	north7_active	80	4910	1228	937	1371	265	234	209	180	127	191	176	276	145	90	176	60	40	122	54	30	37	84	20	18	25	16	15	22	10	50	24	18	11	8	9	38	19	6	9	4	6	8	5	16	9	4	4	7	2	1	2	3	5	1	5	1	5	0	0	1	3	1	0	0	1	0	0	0	1	1	0	1	0	0	6	0	0	0	1	0	0	0	0	0	0	0	0	0	0	0	0	0	0	0	0	0	0	0	0	0	1	0	0	0	0	0	0	0	0	0	0	0	0	0	0	0
0.03	north8_all	80	7867	2280	1606	2045	613	492	431	354	253	326	307	424	219	161	242	102	67	222	83	55	80	158	42	36	43	26	30	34	19	92	41	33	18	21	14	53	35	15	13	18	9	8	18	10	14	7	5	8	3	6	5	3	16	6	8	4	7	1	1	3	6	8	1	0	1	1	0	2	3	2	1	1	1	2	7	1	1	1	1	0	1	0	2	4	0	0	1	0	0	0	2	0	1	0	1	0	0	1	0	0	0	0	0	0	0	0	0	0	0	0	0	0	0	0	0	0
0.03	north8_active	80	4955	1221	947	1332	262	233	221	189	119	182	191	309	141	80	171	52	33	125	46	28	42	86	21	15	24	13	14	28	11	55	19	20	10	10	9	38	22	5	8	7	4	3	6	7	8	4	3	5	2	0	1	1	13	2	6	1	5	1	0	1	6	2	0	0	0	0	0	0	3	1	0	1	0	0	6	0	0	0	1	0	0	0	0	4	0	0	1	0	0	0	0	0	0	0	0	0	0	0	0	0	0	0	0	0	0	0	0	0	0	0	0	0	0	0	0	0
0.03	north9_all	80	7822	2245	1657	2044	611	480	462	361	263	343	321	422	221	170	230	107	70	236	85	70	78	145	42	36	38	24	28	34	24	80	40	33	23	22	15	44	30	8	12	13	7	13	18	8	17	8	9	8	6	3	4	3	15	4	8	2	9	1	1	2	5	9	1	2	1	1	1	1	3	2	3	0	1	1	7	1	0	1	2	1	1	0	2	4	0	1	1	0	0	0	1	0	1	0	1	1	0	1	0	0	0	0	0	0	0	0	0	0	0	0	0	0	0	0	0	0
0.03	north9_active	80	4906	1246	962	1290	268	224	251	184	123	182	189	304	125	85	147	48	31	141	52	35	41	82	20	16	20	12	13	26	14	49	24	20	14	8	10	36	17	3	4	6	3	7	6	3	9	5	7	3	5	0	2	2	10	1	7	1	7	1	0	1	5	2	0	1	0	0	0	0	3	1	1	0	0	0	6	0	0	0	2	0	0	0	0	4	0	1	1	0	0	0	0	0	0	0	0	0	0	0	0	0	0	0	0	0	0	0	0	0	0	0	0	0	0	0	0	0
0.03	north10_all	80	7811	2312	1655	2030	630	489	446	381	268	333	338	507	245	171	237	100	71	230	91	62	67	174	43	43	35	26	27	30	27	67	34	24	20	23	17	60	28	6	14	13	10	14	12	10	21	12	13	9	6	2	5	2	18	5	5	1	10	4	3	3	3	6	0	4	0	2	3	1	2	3	2	1	1	1	9	1	0	1	1	2	1	0	3	4	0	1	1	0	0	0	1	0	0	0	0	1	0	1	0	0	0	0	0	0	0	0	0	0	0	0	0	0	0	0	0	0
0.03	north10_active	80	4866	1293	990	1308	289	231	238	188	123	180	209	365	137	86	145	48	36	143	54	28	32	103	21	21	18	13	11	20	16	43	24	16	11	8	8	55	17	2	4	5	4	8	6	6	15	9	9	2	3	0	3	2	12	2	4	0	8	3	1	2	3	1	0	2	0	1	1	0	2	1	1	0	0	0	6	0	0	0	1	0	1	0	1	4	0	1	1	0	0	0	0	0	0	0	0	0	0	0	0	0	0	0	0	0	0	0	0	0	0	0	0	0	0	0	0	0
0.03	north11_all	80	7803	2291	1562	2085	634	453	403	331	255	354	276	367	228	163	251	140	92	170	87	68	93	145	54	41	42	39	30	48	15	50	57	43	12	21	16	49	20	11	8	12	12	14	20	15	28	5	12	9	5	3	11	3	14	7	3	1	3	3	2	2	3	3	1	2	2	3	0	6	1	0	2	1	0	0	3	0	1	0	1	1	0	0	0	1	1	0	0	1	0	1	0	1	0	1	0	0	0	0	0	0	0	0	0	0	0	0	0	0	0	2	0	1	0	0	0	0
0.03	north11_active	80	4988	1252	840	1341	300	215	199	151	135	206	172	234	141	86	160	66	44	117	51	27	47	97	29	23	20	19	17	24	4	35	34	24	4	11	8	36	11	3	1	6	8	11	13	9	19	4	6	6	2	1	4	1	7	3	1	0	3	3	1	0	1	2	1	1	2	1	0	4	1	0	2	0	0	0	2	0	1	0	1	1	0	0	0	1	1	0	0	1	0	1	0	1	0	1	0	0	0	0	0	0	0	0	0	0	0	0	0	0	0	2	0	1	0	0	0	0
0.03	north12_all	80	7834	2348	1569	2125	638	454	426	326	247	349	286	361	235	156	241	130	101	184	76	69	69	156	50	44	42	41	27	41	17	58	60	47	17	18	17	46	30	14	10	10	10	14	20	13	28	6	13	5	6	3	10	0	13	6	6	0	5	2	3	1	1	2	1	0	3	2	0	4	2	1	0	1	1	0	1	0	0	0	0	1	0	1	0	0	1	0	0	1	0	1	0	1	0	1	0	0	0	0	0	0	0	0	1	0	0	0	0	0	0	1	0	1	0	0	1	0
0.03	north12_active	80	4960	1280	856	1357	300	210	211	153	114	205	183	220	148	84	144	64	53	119	41	28	38	105	28	24	21	15	14	19	8	35	38	30	4	8	10	30	18	5	2	4	6	10	12	8	25	4	7	4	2	0	5	0	6	3	6	0	4	2	1	1	0	0	1	0	3	0	0	2	1	1	0	0	1	0	0	0	0	0	0	1	0	1	0	0	1	0	0	1	0	1	0	1	0	1	0	0	0	0	0	0	0	0	1	0	0	0	0	0	0	1	0	1	0	0	0	0
0.03	north13_all	80	7881	2298	1610	2172	635	470	460	314	254	332	290	370	254	156	201	135	110	188	62	65	62	184	44	40	49	43	31	38	26	72	54	43	17	13	17	31	25	11	11	11	9	12	10	6	23	8	21	9	4	4	6	0	11	4	10	2	5	4	3	1	3	3	2	1	3	1	0	1	1	2	0	0	1	0	1	0	0	0	0	0	0	1	0	0	0	0	0	1	0	1	0	0	0	1	0	0	0	0	0	0	0	0	1	0	0	0	1	0	0	1	0	0	0	0	1	0
0.03	north13_active	80	4997	1252	897	1382	285	219	231	150	106	202	167	222	155	80	121	62	61	116	37	28	34	129	30	21	25	16	18	13	14	39	34	29	6	6	10	17	16	4	3	4	4	9	6	4	21	4	15	9	0	0	2	0	4	2	6	2	4	2	1	1	0	1	1	0	3	0	0	0	0	2	0	0	1	0	0	0	0	0	0	0	0	1	0	0	0	0	0	1	0	1	0	0	0	1	0	0	0	0	0	0	0	0	1	0	0	0	1	0	0	1	0	0	0	0	0	0
0.03	north14_all	80	7899	2321	1617	2141	622	464	415	308	261	335	298	365	258	176	232	122	99	202	62	69	59	154	46	38	47	40	25	35	35	69	73	45	21	13	16	31	30	10	10	13	9	9	10	15	21	7	13	11	5	4	6	1	15	3	14	3	5	4	2	1	2	3	1	1	1	2	2	0	2	2	3	0	2	0	2	0	0	0	0	0	0	1	0	0	1	0	0	0	0	0	0	0	0	0	0	0	0	0	0	0	1	0	1	0	0	0	1	0	0	0	0	0	0	0	1	0
0.03	north14_active	80	4981	1257	908	1356	279	210	220	162	106	200	164	216	153	88	132	60	60	123	29	30	31	106	26	16	21	13	14	11	20	35	51	35	7	6	8	22	20	3	3	5	4	5	5	10	18	3	12	9	1	0	3	0	8	2	8	3	3	2	1	1	0	1	0	0	1	0	0	0	0	2	3	0	2	0	0	0	0	0	0	0	0	1	0	0	0	0	0	0	0	0	0	0	0	0	0	0	0	0	0	0	1	0	1	0	0	0	1	0	0	0	0	0	0	0	0	0
0.03	north15_all	80	7787	2294	1622	2095	623	482	410	329	277	336	304	387	245	170	254	120	89	196	77	62	64	134	45	37	51	40	26	42	29	64	67	35	17	15	15	26	23	8	5	15	11	10	15	15	21	5	11	13	7	2	5	2	11	0	13	4	4	3	2	0	2	4	1	2	0	3	2	0	5	3	4	0	2	0	2	0	0	0	0	0	0	0	0	0	1	0	0	1	0	0	1	0	0	0	0	0	1	2	0	0	2	0	0	0	0	0	1	0	0	0	0	0	0	0	0	0
0.03	north15_active	80	4845	1252	943	1330	286	226	213	173	130	205	156	229	145	87	147	57	46	121	38	29	30	92	22	13	24	19	15	16	15	37	47	25	7	10	8	17	16	6	2	7	6	5	7	10	16	2	11	10	3	0	3	1	8	0	7	3	2	1	1	0	0	1	0	1	0	1	0	0	2	3	3	0	2	0	1	0	0	0	0	0	0	0	0	0	0	0	0	0	0	0	0	0	0	0	0	0	1	0	0	0	1	0	0	0	0	0	1	0	0	0	0	0	0	0	0	0
0.03	north16_all	80	7790	2249	1650	2074	617	508	408	345	292	336	309	420	205	174	247	104	72	194	75	68	75	137	43	43	49	34	27	43	23	60	54	34	14	15	17	29	19	10	7	13	10	11	16	15	13	1	11	10	6	2	6	2	14	2	13	4	8	3	2	0	4	3	1	1	1	2	4	0	5	2	4	1	1	1	4	0	1	0	0	0	0	0	0	0	1	0	1	1	0	1	1	0	1	0	0	0	1	2	0	0	2	0	0	0	0	0	0	0	0	0	0	0	0	0	0	1
0.03	north16_active	80	4846	1225	946	1318	291	240	225	182	139	195	161	280	118	96	143	61	34	115	40	28	30	96	19	14	19	17	13	19	11	33	37	26	8	9	7	19	13	7	3	8	8	6	6	9	7	0	9	6	4	0	4	1	8	1	6	3	4	2	1	0	2	1	0	1	0	1	1	0	2	2	3	0	1	1	2	0	0	0	0	0	0	0	0	0	0	0	1	0	0	0	0	0	1	0	0	0	1	0	0	0	1	0	0	0	0	0	0	0	0	0	0	0	0	0	0	1
0.03	north17_all	80	7806	2306	1630	2102	607	513	404	348	311	328	296	413	190	158	240	104	72	187	90	71	65	146	45	41	43	28	26	46	23	66	53	22	14	13	18	20	17	8	4	9	6	11	16	14	15	2	8	6	11	2	7	1	11	2	13	2	8	7	2	2	7	2	4	3	2	3	2	0	5	4	2	1	0	2	3	0	1	0	0	0	0	0	0	0	0	0	1	1	0	1	1	0	1	0	0	0	1	2	0	0	2	1	0	0	0	0	0	0	0	0	0	0	0	0	0	1
0.03	north17_active	80	4864	1270	929	1350	292	245	205	179	141	179	171	282	99	88	142	58	29	110	46	27	26	101	18	16	16	15	10	23	7	42	33	16	8	9	7	12	11	7	1	6	5	6	4	9	10	1	6	4	5	0	5	1	7	1	6	1	4	6	1	1	5	0	1	2	0	3	1	0	2	4	1	0	0	2	2	0	0	0	0	0	0	0	0	0	0	0	1	0	0	0	0	0	1	0	0	0	1	0	0	0	1	1	0	0	0	0	0	0	0	0	0	0	0	0	0	1
0.03	north18_all	80	7796	2302	1687	2123	625	488	405	337	284	317	265	423	184	183	214	90	76	181	81	70	72	167	39	41	39	27	31	34	22	70	69	31	11	12	16	24	18	8	4	14	6	19	16	9	14	4	8	6	11	1	6	3	3	3	9	5	7	6	5	4	7	1	4	5	6	3	3	0	3	4	2	2	0	2	2	0	1	0	0	0	0	0	0	0	0	0	1	0	0	2	3	0	1	0	0	0	1	0	0	0	0	1	0	0	0	0	0	0	0	0	0	0	0	0	0	1
0.03	north18_active	80	4863	1254	959	1346	307	242	205	181	119	162	158	305	95	113	131	46	37	108	41	22	32	103	16	24	14	10	13	21	8	49	49	25	7	7	6	16	10	5	2	11	5	14	4	7	11	2	6	4	4	0	4	1	0	1	4	2	4	5	4	2	5	0	1	3	3	3	1	0	2	4	1	0	0	2	1	0	0	0	0	0	0	0	0	0	0	0	1	0	0	0	2	0	1	0	0	0	1	0	0	0	0	1	0	0	0	0	0	0	0	0	0	0	0	0	0	1
0.03	north19_all	80	7756	2325	1621	2134	615	496	401	337	273	326	261	373	206	166	208	95	87	190	88	70	76	170	46	35	35	24	35	33	21	74	71	34	14	14	19	29	21	6	4	9	7	17	13	16	26	6	4	4	10	1	4	7	1	3	8	4	3	4	5	4	11	1	3	5	9	4	3	0	5	5	1	1	0	1	1	0	0	1	0	0	0	0	0	0	0	0	0	0	0	2	2	0	1	0	0	0	0	0	0	1	0	1	0	0	0	0	0	0	0	0	0	0	0	0	0	1
0.03	north19_active	80	4780	1251	916	1392	309	250	203	180	112	172	144	253	106	101	120	42	39	128	36	26	37	106	20	22	13	6	19	19	8	57	54	28	7	10	11	23	13	3	1	9	3	13	5	14	9	2	2	2	3	0	2	4	1	0	3	1	2	4	4	2	8	0	1	3	3	3	1	0	5	5	1	0	0	1	0	0	0	0	0	0	0	0	0	0	0	0	0	0	0	0	2	0	1	0	0	0	0	0	0	0	0	1	0	0	0	0	0	0	0	0	0	0	0	0	0	1
0.03	north20_all	80	7735	2278	1615	2107	602	499	423	322	245	320	285	376	222	173	222	96	95	209	89	65	83	174	48	39	35	27	34	25	22	52	83	33	16	18	15	38	22	10	9	12	7	19	11	15	36	10	4	6	12	1	4	9	1	4	3	4	5	6	4	3	6	1	0	3	11	3	3	0	5	5	0	1	0	2	0	0	0	1	0	0	0	0	0	0	0	0	0	2	0	1	2	0	0	0	0	0	0	0	0	1	0	1	0	0	0	0	0	0	0	0	0	0	0	0	0	0
0.03	north20_active	80	4727	1213	909	1383	310	256	225	176	101	177	155	270	122	101	129	41	41	148	38	31	43	95	18	20	15	10	19	14	11	42	68	26	5	12	10	30	15	3	3	10	2	14	6	13	10	5	0	3	8	0	3	6	1	2	3	1	5	3	4	1	5	0	0	2	5	2	1	0	5	5	0	0	0	2	0	0	0	0	0	0	0	0	0	0	0	0	0	2	0	0	2	0	0	0	0	0	0	0	0	0	0	1	0	0	0	0	0	0	0	0	0	0	0	0	0	0
0.03	south21_all	80	3803	2078	1608	1082	918	539	406	797	307	267	416	458	154	148	107	109	265	95	102	66	64	154	41	104	38	87	47	29	34	58	21	24	17	29	22	13	11	9	8	19	13	35	10	16	5	15	9	9	5	5	6	16	9	9	4	3	5	7	5	2	0	4	2	3	1	2	0	1	2	0	0	0	1	1	0	0	1	5	1	3	0	1	0	1	0	6	2	0	0	0	0	0	0	2	2	0	0	0	0	0	2	0	0	0	0	0	1	0	0	0	0	0	0	0	0	0
0.03	south21_active	80	1807	1097	900	613	537	275	199	503	167	139	275	271	72	73	46	64	180	58	58	36	29	104	16	84	21	64	29	13	20	38	13	15	10	16	11	6	4	3	2	10	8	22	6	10	1	9	5	1	4	2	4	10	5	5	0	1	5	5	5	0	0	0	1	3	0	1	0	0	2	0	0	0	0	1	0	0	0	4	0	1	0	1	0	0	0	4	2	0	0	0	0	0	0	1	0	0	0	0	0	0	2	0	0	0	0	0	0	0	0	0	0	0	0	0	0	0
0.03	south22_all	80	3685	2031	1544	1081	850	534	413	756	331	267	352	405	165	138	108	116	239	94	96	70	64	135	45	97	32	69	44	25	31	48	29	23	20	27	25	14	13	8	12	14	13	25	14	12	11	14	8	10	4	3	6	17	8	10	3	2	5	6	2	1	0	4	2	3	1	0	4	2	1	1	0	1	1	1	0	1	0	7	1	2	0	2	0	1	0	2	0	1	0	0	0	0	0	1	1	0	0	0	0	0	2	0	0	0	0	0	1	0	0	0	0	0	0	0	0	0
0.03	south22_active	80	1750	1033	837	612	476	270	206	472	173	145	222	242	78	61	42	67	150	53	53	37	27	98	19	74	18	52	26	7	18	29	18	15	11	15	14	7	7	3	2	8	6	16	7	9	10	10	4	1	3	2	4	10	4	6	0	0	5	5	2	0	0	0	1	3	0	0	4	0	1	0	0	1	0	1	0	1	0	5	0	1	0	1	0	0	0	1	0	0	0	0	0	0	0	1	0	0	0	0	0	0	2	0	0	0	0	0	0	0	0	0	0	0	0	0	0	0
0.03	south23_all	80	3691	2014	1470	1048	798	511	404	694	321	241	339	374	143	139	110	100	214	90	112	64	67	95	46	103	37	60	51	31	28	50	26	24	17	19	22	14	11	10	11	13	17	15	10	10	12	13	6	7	5	1	3	13	8	7	4	0	6	4	1	1	1	4	3	5	1	0	4	1	1	2	1	1	1	1	0	1	0	2	1	1	0	1	1	1	0	2	0	1	1	0	1	0	0	1	1	0	0	0	0	0	2	0	0	0	0	0	1	0	0	0	0	0	0	0	0	0
0.03	south23_active	80	1713	1011	776	576	434	250	196	432	173	132	202	237	66	64	45	52	134	44	60	33	27	67	20	71	19	37	27	12	16	32	16	16	8	9	13	8	7	6	3	4	8	6	6	6	12	9	4	1	3	1	1	5	3	6	0	0	6	2	1	0	0	0	2	4	0	0	4	0	1	1	1	1	0	1	0	1	0	1	0	0	0	0	1	0	0	1	0	0	1	0	0	0	0	1	0	0	0	0	0	0	2	0	0	0	0	0	0	0	0	0	0	0	0	0	0	0
0.03	south24_all	80	3722	2006	1470	1045	775	542	403	641	339	232	350	375	142	118	110	94	213	77	130	60	67	97	42	92	33	63	47	31	32	41	28	23	18	21	28	11	15	14	15	13	13	8	12	4	14	17	6	6	3	2	1	9	8	2	2	0	4	4	3	1	1	5	5	4	0	0	6	2	0	3	1	1	0	1	0	1	0	2	0	0	0	1	1	0	0	2	4	1	1	0	1	0	0	1	1	0	0	0	1	0	0	0	0	0	0	0	0	0	0	0	0	0	0	0	0	0
0.03	south24_active	80	1725	1006	780	566	435	258	206	409	172	126	216	235	65	58	43	48	135	34	73	36	23	69	21	63	20	34	23	14	19	24	16	14	9	10	19	5	9	7	7	5	6	2	9	0	12	10	4	2	1	1	1	4	2	1	0	0	3	2	2	0	0	0	3	3	0	0	6	0	0	1	1	1	0	1	0	1	0	1	0	0	0	0	1	0	0	0	4	0	1	0	0	0	0	1	0	0	0	0	0	0	0	0	0	0	0	0	0	0	0	0	0	0	0	0	0	0
0.03	south25_all	80	3793	2041	1549	1073	808	541	430	689	365	227	399	424	133	119	113	96	234	80	133	66	60	109	40	110	45	85	57	34	38	42	23	22	14	16	28	13	16	14	15	15	12	15	15	4	8	23	4	2	4	3	0	8	5	4	3	1	9	4	2	4	1	4	4	2	2	3	7	4	0	2	2	1	0	1	0	0	0	1	0	0	0	0	1	0	2	1	4	1	1	0	1	0	0	1	0	0	0	0	1	0	4	0	0	0	0	0	0	0	0	0	0	0	0	0	0	0
0.03	south25_active	80	1759	1057	850	599	457	269	225	441	190	129	255	276	62	66	51	52	153	36	75	42	25	76	21	67	17	46	28	18	21	26	14	13	7	7	18	6	11	6	7	5	6	7	13	1	6	9	2	1	2	1	0	2	1	3	0	0	8	2	1	1	0	2	2	1	2	2	7	1	0	1	2	1	0	1	0	0	0	1	0	0	0	0	1	0	2	0	4	0	1	0	0	0	0	0	0	0	0	0	0	0	4	0	0	0	0	0	0	0	0	0	0	0	0	0	0	0
0.03	south26_all	80	3924	2078	1593	1111	873	534	420	728	375	255	411	412	155	131	100	107	276	78	120	65	52	121	39	104	49	90	57	30	38	52	24	21	16	20	37	15	17	10	11	14	9	19	13	7	10	23	4	3	3	5	2	7	4	5	4	2	12	4	4	4	2	3	4	0	3	3	5	4	0	1	1	0	0	5	0	0	0	0	0	0	0	0	2	0	2	3	4	0	1	0	1	0	0	1	0	0	0	0	1	0	4	0	0	0	0	0	0	0	0	0	0	0	0	0	0	0
0.03	south26_active	80	1885	1075	908	620	490	271	215	478	194	143	277	274	78	76	47	67	190	38	74	42	24	76	25	66	22	52	34	16	23	38	13	11	9	9	26	7	9	4	6	4	3	10	10	6	8	8	2	3	1	2	1	2	2	2	1	0	10	2	1	1	0	2	2	0	3	2	5	1	0	0	1	0	0	5	0	0	0	0	0	0	0	0	2	0	2	2	4	0	1	0	0	0	0	0	0	0	0	0	0	0	4	0	0	0	0	0	0	0	0	0	0	0	0	0	0	0
0.03	south27_all	80	3950	2126	1640	1177	897	539	447	733	378	265	399	427	151	132	106	115	290	81	92	80	49	141	40	131	54	89	52	23	43	54	22	23	14	27	33	14	17	9	14	12	10	17	11	11	12	20	6	4	3	4	4	4	4	5	4	4	13	2	3	10	1	2	3	2	4	4	5	3	0	1	1	3	1	5	0	0	2	1	0	0	0	0	1	0	3	4	4	0	0	0	0	0	0	1	0	0	0	0	0	0	4	0	0	0	0	0	0	0	0	0	0	0	0	0	0	0
0.03	south27_active	80	1892	1118	899	683	504	270	227	476	200	143	259	273	74	78	53	70	197	41	58	45	28	92	25	85	24	57	28	10	26	40	10	9	8	11	19	5	11	3	7	7	3	14	8	8	10	7	4	3	1	2	3	1	2	3	2	0	9	0	1	7	0	2	2	0	4	3	5	1	0	0	1	3	1	4	0	0	1	0	0	0	0	0	1	0	3	2	4	0	0	0	0	0	0	0	0	0	0	0	0	0	4	0	0	0	0	0	0	0	0	0	0	0	0	0	0	0
0.03	south28_all	80	3959	2109	1649	1165	892	565	446	764	376	270	407	479	149	135	96	122	303	76	82	80	51	132	48	141	55	77	60	18	32	67	25	27	16	31	30	15	17	10	11	16	8	14	16	11	12	17	5	6	7	5	4	9	4	3	3	4	11	3	2	9	2	2	2	3	4	2	3	2	1	0	0	4	1	5	0	1	2	1	0	0	0	1	1	1	1	4	1	0	0	0	0	1	0	0	0	0	0	0	0	0	4	0	0	0	0	0	0	1	0	0	0	0	0	0	0	0
0.03	south28_active	80	1930	1085	917	657	484	287	234	498	207	142	250	321	79	76	49	76	222	36	53	43	28	78	28	86	26	47	38	7	19	52	10	9	8	14	17	6	10	5	7	8	4	10	13	9	9	6	4	3	2	3	3	7	4	1	3	0	7	1	0	7	0	2	2	0	4	1	3	1	0	0	0	4	1	4	0	0	1	0	0	0	0	1	1	0	1	2	1	0	0	0	0	1	0	0	0	0	0	0	0	0	4	0	0	0	0	0	0	0	0	0	0	0	0	0	0	0
0.03	south29_all	80	3914	2122	1633	1157	900	559	484	736	358	269	440	504	156	136	105	114	277	77	86	84	49	147	54	142	51	106	48	15	27	57	28	25	20	29	25	13	16	14	13	17	9	18	15	10	9	13	5	5	6	2	5	9	3	5	5	7	15	4	0	7	3	4	1	3	3	3	3	2	1	0	0	4	1	5	1	2	2	1	0	2	0	1	1	1	1	2	1	0	0	0	0	2	1	0	0	0	0	0	0	0	0	0	0	0	0	0	0	1	0	0	0	0	0	0	0	0
0.03	south29_active	80	1890	1094	910	667	508	274	251	469	200	134	270	326	84	78	51	65	188	40	49	42	30	81	27	87	25	76	32	5	19	46	12	10	10	15	12	4	10	8	9	9	5	11	13	5	5	8	4	1	2	1	5	7	3	3	3	2	6	3	0	6	2	3	1	0	3	2	2	0	0	0	0	4	1	4	1	0	1	0	0	0	0	1	1	0	1	0	1	0	0	0	0	2	0	0	0	0	0	0	0	0	0	0	0	0	0	0	0	0	0	0	0	0	0	0	0	0
0.03	south30_all	80	3857	2088	1658	1162	902	563	464	726	342	262	455	550	159	135	109	117	277	81	96	75	60	143	52	123	44	115	43	14	28	58	26	29	17	22	29	12	20	16	17	15	11	27	18	8	6	11	2	4	6	3	6	14	3	4	6	6	14	5	0	6	3	4	11	2	2	7	3	2	1	0	0	1	1	1	1	2	0	0	0	3	0	1	0	1	1	0	1	0	0	0	0	2	1	0	0	0	0	0	0	0	0	0	0	0	0	0	0	1	0	0	0	0	0	1	0	0
0.03	south30_active	80	1897	1084	913	659	510	286	241	469	177	132	294	355	89	73	48	65	179	41	57	38	32	79	25	70	19	84	32	5	18	44	12	14	6	13	19	4	13	11	9	5	6	14	15	5	3	5	0	1	3	1	5	9	2	2	3	4	6	5	0	6	2	3	11	0	2	6	2	0	0	0	0	1	1	0	1	0	0	0	0	1	0	1	0	0	0	0	1	0	0	0	0	2	0	0	0	0	0	0	0	0	0	0	0	0	0	0	0	0	0	0	0	0	0	0	0	0
0.03	south31_all	80	3704	1990	1564	1062	805	524	431	644	296	256	358	397	151	140	103	117	299	88	119	81	57	124	35	99	31	76	48	32	38	45	36	27	18	21	27	9	10	6	9	12	14	12	18	6	28	9	10	8	3	7	1	6	2	2	2	1	2	4	4	9	0	0	10	2	1	0	0	2	0	1	0	2	1	0	2	5	1	0	0	0	0	1	0	0	0	0	2	1	0	1	0	1	0	0	2	0	0	0	1	1	0	0	1	1	0	0	0	0	1	0	0	0	0	0	0	0
0.03	south31_active	80	1718	1013	893	607	435	265	207	397	160	141	217	274	73	65	48	63	180	44	79	31	23	88	19	62	15	46	31	14	14	24	20	10	10	10	13	7	3	2	3	5	10	11	5	3	22	4	7	4	1	4	0	5	1	1	0	0	1	4	0	8	0	0	8	1	1	0	0	0	0	0	0	0	0	0	0	3	1	0	0	0	0	0	0	0	0	0	0	0	0	1	0	0	0	0	2	0	0	0	1	0	0	0	1	1	0	0	0	0	0	0	0	0	0	0	0	0
0.03	south32_all	80	3714	1923	1534	1016	809	463	417	629	304	260	334	353	130	120	105	119	253	84	104	79	56	124	43	106	34	65	43	35	38	44	37	25	18	23	28	6	12	6	13	11	10	10	16	9	23	7	10	7	3	5	1	4	2	3	2	4	6	4	5	14	0	0	8	2	3	1	0	2	0	2	0	0	0	0	2	2	1	0	0	0	0	0	0	0	0	0	0	1	0	0	1	0	0	0	0	0	0	0	1	0	0	0	1	1	0	0	0	0	1	0	0	0	0	0	0	0
0.03	south32_active	80	1700	954	867	576	416	223	197	388	158	141	189	251	70	52	45	59	158	46	66	36	18	89	21	64	13	37	28	16	13	25	21	11	9	9	14	4	5	2	6	7	8	7	9	5	17	4	4	4	2	4	0	4	1	1	0	2	5	4	0	12	0	0	6	0	2	0	0	0	0	0	0	0	0	0	0	0	1	0	0	0	0	0	0	0	0	0	0	0	0	0	1	0	0	0	0	0	0	0	1	0	0	0	1	1	0	0	0	0	0	0	0	0	0	0	0	0
0.03	south33_all	80	3721	1937	1532	976	842	493	398	623	316	232	355	351	130	123	105	114	246	79	100	83	51	130	48	82	34	68	44	34	30	47	34	24	19	17	31	7	11	6	15	10	7	10	16	8	18	4	11	8	3	3	2	6	3	3	3	4	5	3	5	12	0	1	10	2	2	1	0	1	0	1	1	0	1	0	2	2	0	0	0	1	0	0	0	0	0	0	0	0	0	0	1	0	0	0	0	3	0	0	0	0	0	0	0	0	0	0	0	0	1	0	0	0	0	0	0	0
0.03	south33_active	80	1656	989	864	535	467	248	186	388	158	128	210	237	69	60	49	57	161	42	63	44	16	95	25	44	15	43	28	15	12	29	18	12	10	9	17	4	5	2	7	7	6	6	9	5	13	2	5	4	2	3	0	6	3	1	1	2	4	2	0	9	0	1	9	0	1	0	0	0	0	0	1	0	1	0	0	0	0	0	0	1	0	0	0	0	0	0	0	0	0	0	1	0	0	0	0	3	0	0	0	0	0	0	0	0	0	0	0	0	0	0	0	0	0	0	0	0
0.03	south34_all	80	3728	1910	1451	999	878	529	390	605	323	215	361	323	137	113	106	101	232	73	88	85	45	109	56	107	33	74	41	35	32	50	28	14	15	18	25	8	17	11	14	11	6	15	17	9	10	3	10	5	6	3	1	7	4	9	2	5	7	3	2	10	0	3	10	1	3	1	0	1	0	2	2	0	1	1	2	0	0	0	0	1	0	0	0	0	0	0	0	0	0	0	1	0	0	0	0	4	0	0	0	0	0	1	0	0	0	0	0	0	0	0	0	0	0	0	0	0
0.03	south34_active	80	1689	981	797	546	476	254	187	376	156	108	230	204	71	58	51	51	139	38	49	43	14	78	26	67	12	50	22	13	17	34	14	7	7	9	15	4	8	5	7	7	5	8	14	5	5	2	4	2	6	3	0	7	3	7	1	3	5	1	0	6	0	2	9	0	1	0	0	1	0	1	2	0	1	0	0	0	0	0	0	1	0	0	0	0	0	0	0	0	0	0	1	0	0	0	0	4	0	0	0	0	0	1	0	0	0	0	0	0	0	0	0	0	0	0	0	0
0.03	south35_all	80	3781	1940	1454	1034	891	551	362	604	314	219	376	361	137	136	106	101	271	61	100	81	46	108	52	100	36	61	41	33	34	48	22	20	12	19	31	10	15	9	16	14	6	20	18	6	11	4	5	5	7	2	4	10	4	8	2	2	3	9	3	10	2	5	4	2	1	2	0	1	0	1	2	0	1	2	1	1	0	0	0	1	2	0	0	0	0	0	0	0	0	0	0	0	0	0	0	4	0	0	0	0	0	1	0	0	0	0	0	0	0	0	0	0	0	0	0	0
0.03	south35_active	80	1744	975	763	551	490	282	185	375	149	106	243	222	72	65	51	58	179	26	50	39	14	78	22	65	10	46	23	11	20	28	8	10	7	9	20	5	7	5	10	8	4	15	12	4	5	1	3	2	5	2	2	9	2	7	1	1	1	7	0	6	0	3	3	1	0	1	0	1	0	1	2	0	1	0	0	0	0	0	0	1	1	0	0	0	0	0	0	0	0	0	0	0	0	0	0	4	0	0	0	0	0	1	0	0	0	0	0	0	0	0	0	0	0	0	0	0
0.03	south36_all	80	3790	2010	1505	1095	911	529	384	674	322	251	387	415	129	131	110	116	283	67	107	80	52	134	47	113	38	67	36	25	38	45	27	22	11	24	27	14	18	12	11	16	9	23	17	6	12	6	5	1	6	3	6	7	4	10	2	2	2	7	4	8	2	6	6	2	2	1	0	1	0	1	3	2	2	2	2	1	0	0	0	1	2	0	0	0	0	0	0	1	0	0	0	0	0	0	0	4	0	0	0	0	0	1	0	0	0	0	0	0	0	0	0	0	0	0	1	0
0.03	south36_active	80	1767	1021	830	602	510	276	198	428	150	123	253	258	63	56	46	68	196	25	50	32	20	96	17	76	13	51	19	9	22	26	14	11	4	13	16	7	7	8	8	9	6	15	11	2	7	2	1	1	4	2	4	5	1	9	2	1	1	6	3	5	0	3	5	1	0	1	0	1	0	1	2	1	1	0	1	0	0	0	0	1	1	0	0	0	0	0	0	0	0	0	0	0	0	0	0	4	0	0	0	0	0	1	0	0	0	0	0	0	0	0	0	0	0	0	0	0
0.03	south37_all	80	3851	2045	1575	1146	918	541	401	769	320	267	393	479	119	140	111	116	307	69	110	68	62	138	45	128	40	83	45	31	34	55	28	26	11	23	29	13	17	11	18	14	10	22	18	14	20	12	12	2	9	2	7	9	4	7	5	4	2	6	4	7	3	9	2	2	1	3	0	0	1	2	2	2	1	4	1	1	1	0	0	0	2	1	0	0	1	0	0	1	0	0	0	0	0	0	0	1	0	0	0	1	0	0	0	0	0	0	0	0	0	0	0	0	0	0	1	0
0.03	south37_active	80	1831	1034	858	654	539	286	204	512	159	144	230	311	54	57	47	67	207	26	59	35	25	100	16	80	15	65	28	14	17	35	13	13	3	13	22	7	5	8	12	8	6	13	9	7	13	7	5	1	2	1	4	4	0	6	4	2	0	6	3	4	1	5	2	1	0	1	0	0	1	2	0	1	0	2	1	0	0	0	0	0	1	1	0	0	0	0	0	0	0	0	0	0	0	0	0	1	0	0	0	0	0	0	0	0	0	0	0	0	0	0	0	0	0	0	0	0
0.03	south38_all	80	3846	2097	1677	1154	953	532	440	831	327	276	394	540	123	133	111	122	321	83	118	76	64	146	41	167	36	104	56	31	33	78	29	21	13	22	39	17	15	10	17	13	8	28	24	20	21	13	9	3	7	6	4	13	4	6	5	3	9	6	4	3	3	10	2	1	1	6	0	3	1	1	2	2	1	2	2	1	1	0	0	1	1	1	0	0	1	0	0	1	0	0	0	0	0	0	0	0	0	0	0	1	0	0	0	0	0	0	0	0	0	0	0	0	0	0	1	0
0.03	south38_active	80	1849	1095	923	648	559	271	223	560	170	149	239	348	56	56	47	74	214	34	65	40	31	104	17	109	17	78	37	16	14	51	14	9	5	11	33	9	4	6	10	5	5	19	12	7	15	10	4	2	0	5	2	8	0	4	4	1	7	6	3	3	2	7	2	1	0	4	0	3	1	1	0	1	0	2	2	0	0	0	0	1	0	1	0	0	0	0	0	0	0	0	0	0	0	0	0	0	0	0	0	0	0	0	0	0	0	0	0	0	0	0	0	0	0	0	0	0
0.03	south39_all	80	3914	2143	1690	1142	917	533	442	792	329	257	397	535	139	130	111	112	314	83	102	72	68	148	36	163	38	93	63	33	34	84	31	18	20	11	42	14	12	12	19	11	8	22	21	21	25	13	9	3	7	10	4	10	3	6	6	3	10	1	1	1	2	12	0	0	0	6	0	3	2	1	2	0	0	2	2	0	1	0	0	3	0	1	0	0	1	0	0	0	0	0	0	0	0	0	0	0	2	0	0	1	0	0	0	0	0	0	0	0	0	0	0	0	0	0	0	0
0.03	south39_active	80	1897	1131	905	643	538	243	241	523	174	142	251	349	62	54	52	57	213	36	66	38	34	99	19	106	19	69	45	15	19	56	17	9	10	5	33	7	3	4	10	2	3	14	11	8	17	10	4	2	1	6	1	6	0	4	4	1	7	1	0	1	2	9	0	0	0	3	0	3	2	1	0	0	0	2	1	0	0	0	0	3	0	1	0	0	0	0	0	0	0	0	0	0	0	0	0	0	0	0	0	0	0	0	0	0	0	0	0	0	0	0	0	0	0	0	0	0
0.03	south40_all	80	3924	2176	1669	1123	898	540	464	733	330	242	412	556	158	146	109	121	295	91	115	80	61	148	38	154	35	89	66	32	44	80	30	20	24	12	50	14	13	9	17	8	10	24	16	17	24	12	6	4	5	12	6	10	5	4	5	3	10	1	5	1	1	7	0	0	0	12	0	4	1	1	1	0	0	0	2	0	0	0	0	3	0	1	0	1	0	0	0	0	0	0	0	0	1	0	0	0	2	0	0	0	0	0	0	0	1	1	0	0	0	0	0	0	0	0	0	0
0.03	south40_active	80	1923	1150	908	619	519	262	261	462	177	119	277	360	72	71	50	74	206	45	76	37	27	94	23	107	20	59	46	15	30	53	17	11	15	7	38	6	4	2	9	1	4	17	10	6	18	9	2	4	2	7	2	5	3	2	2	2	7	1	4	1	1	6	0	0	0	9	0	4	1	1	0	0	0	0	1	0	0	0	0	3	0	0	0	0	0	0	0	0	0	0	0	0	1	0	0	0	0	0	0	0	0	0	0	0	0	1	0	0	0	0	0	0	0	0	0	0
