label	Group	numOtus	Otu0	Otu1	Otu2	Otu3	Otu4	Otu5	Otu6	Otu7	Otu8	Otu9	Otu10	Otu11	Otu12	Otu13	Otu14	Otu15	Otu16	Otu17	Otu18	Otu19	Otu20	Otu21	Otu22	Otu23	Otu24	Otu25	Otu26	Otu27	Otu28	Otu29	Otu30	Otu31	Otu32	Otu33	Otu34	Otu35	Otu36	Otu37	Otu38	Otu39	Otu40	Otu41	Otu42	Otu43	Otu44	Otu45	Otu46	Otu47	Otu48	Otu49	Otu50	Otu51	Otu52	Otu53	Otu54	Otu55	Otu56	Otu57	Otu58	Otu59	Otu60	Otu61	Otu62	Otu63	Otu64	Otu65	Otu66	Otu67	Otu68	Otu69	Otu70	Otu71	Otu72	Otu73	Otu74	Otu75	Otu76	Otu77	Otu78	Otu79	Otu80	Otu81	Otu82	Otu83	Otu84	Otu85	Otu86	Otu87	Otu88	Otu89	Otu90	Otu91	Otu92
0.03	north1_all	80	11266	4830	2023	1341	1072	881	690	674	507	390	349	330	223	173	225	137	116	123	166	113	143	92	94	39	42	29	29	58	23	58	27	5	52	13	17	10	50	9	7	11	4	3	2	7	3	4	10	3	2	4	1	0	1	0	6	0	2	1	2	2	0	2	1	0	1	0	1	0	0	0	1	0	1	0	1	0	0	0	0	0	0	0	0	0	0	0	0	0	0	0	0	0	0
0.03	north1_active	80	6625	2672	726	498	416	371	287	342	222	160	167	135	85	70	114	53	45	51	107	54	112	55	58	14	18	19	11	35	9	32	8	1	36	7	10	2	44	6	3	4	1	3	1	3	2	0	6	2	1	1	0	0	0	0	6	0	0	1	1	2	0	0	1	0	1	0	0	0	0	0	0	0	1	0	1	0	0	0	0	0	0	0	0	0	0	0	0	0	0	0	0	0	0
0.03	north2_all	80	10397	4471	2034	1338	1066	834	703	669	482	354	353	325	204	169	229	138	119	117	161	113	125	80	75	35	43	31	27	48	19	49	25	7	41	13	20	9	20	9	7	11	4	4	3	6	5	11	9	2	4	3	1	1	1	0	3	0	2	1	2	1	0	2	1	1	1	0	1	0	0	0	1	0	1	0	0	0	0	0	0	0	0	0	0	0	0	0	0	0	0	0	0	0	0
0.03	north2_active	80	5593	2361	706	475	408	337	282	318	207	132	165	124	73	72	107	53	46	51	94	54	86	47	45	12	18	15	12	24	8	27	8	0	28	6	13	2	14	6	3	5	1	4	0	3	3	4	5	1	2	1	0	0	1	0	2	0	0	1	1	1	0	0	1	1	1	0	0	0	0	0	0	0	1	0	0	0	0	0	0	0	0	0	0	0	0	0	0	0	0	0	0	0	0
0.03	north3_all	80	9924	4344	2018	1347	1033	832	740	644	477	342	344	302	206	170	230	152	129	110	142	96	104	82	70	31	53	37	29	37	19	43	24	8	34	18	21	8	16	6	8	12	4	5	5	10	7	10	9	2	5	4	2	1	2	0	3	1	2	1	0	2	0	2	0	1	1	0	1	0	0	0	0	0	1	1	0	0	1	0	0	0	0	0	0	0	0	0	0	0	0	0	0	0	0
0.03	north3_active	80	5066	2227	690	466	387	332	305	307	214	122	158	118	71	72	105	62	49	48	90	42	79	46	39	10	22	17	12	17	7	18	9	3	23	11	11	2	8	4	5	5	2	5	1	8	2	4	5	1	2	3	0	0	2	0	1	1	0	1	0	1	0	0	0	1	1	0	0	0	0	0	0	0	1	0	0	0	0	0	0	0	0	0	0	0	0	0	0	0	0	0	0	0	0
0.03	north4_all	80	10057	4366	2023	1394	1040	851	743	608	496	339	354	302	208	164	203	144	120	105	152	101	116	84	61	31	53	36	34	41	21	52	26	11	22	21	20	10	10	7	7	12	4	7	6	13	5	11	5	6	4	5	3	2	2	1	3	1	1	1	1	3	0	1	0	1	1	0	0	0	1	0	0	0	0	1	0	0	1	0	0	0	0	0	0	0	0	0	0	0	0	1	0	0	0
0.03	north4_active	80	5242	2261	709	494	378	360	307	283	223	123	158	132	76	70	90	58	42	44	105	44	85	54	33	8	23	11	14	21	6	29	7	4	13	11	12	4	2	3	4	6	2	6	1	10	1	4	2	5	2	4	0	0	2	0	1	1	1	0	0	1	0	0	0	1	1	0	0	0	1	0	0	0	0	0	0	0	0	0	0	0	0	0	0	0	0	0	0	0	0	1	0	0	0
0.03	north5_all	80	10845	4784	2052	1429	1048	881	727	605	523	358	394	304	228	181	227	140	120	91	166	110	140	114	72	31	61	43	31	46	25	51	22	16	24	19	18	11	16	8	7	10	6	12	4	12	4	9	3	6	3	4	5	1	1	5	8	2	1	1	1	3	1	1	0	0	1	0	0	0	2	0	0	0	0	1	0	0	1	0	0	0	0	0	0	0	0	0	0	0	0	1	0	0	0
0.03	north5_active	80	6051	2562	734	512	416	396	334	296	238	140	189	124	90	73	111	59	42	34	117	50	104	74	43	7	31	19	11	29	11	34	4	6	16	11	11	4	8	3	2	4	2	9	1	9	0	5	1	6	0	3	3	0	1	3	3	2	1	0	0	1	0	1	0	0	1	0	0	0	1	0	0	0	0	0	0	0	0	0	0	0	0	0	0	0	0	0	0	0	0	1	0	0	0
0.03	north6_all	80	11763	5204	2121	1407	1130	913	762	668	535	383	418	332	246	168	234	136	104	95	171	127	159	107	87	39	64	43	32	46	33	47	23	15	29	14	16	13	22	5	5	12	4	14	5	8	2	9	4	6	2	4	5	2	1	6	6	1	1	2	1	2	1	1	0	0	1	0	0	0	3	0	0	0	0	0	0	0	0	0	0	0	0	0	0	0	0	0	0	0	0	1	0	0	0
0.03	north6_active	80	7019	2985	801	501	454	425	350	350	256	168	204	149	102	71	128	54	33	41	127	63	124	69	63	12	33	19	9	30	16	35	3	5	20	7	12	3	15	2	1	6	0	11	1	5	0	5	4	6	0	2	3	0	1	3	2	1	1	1	0	1	0	1	0	0	1	0	0	0	2	0	0	0	0	0	0	0	0	0	0	0	0	0	0	0	0	0	0	0	0	1	0	0	0
0.03	north7_all	80	12711	5482	2158	1438	1149	944	808	683	530	409	429	349	255	181	249	124	115	100	180	138	171	109	95	46	66	37	28	54	28	61	15	14	28	16	19	11	22	9	6	12	5	14	5	9	2	9	4	7	2	4	5	2	0	6	6	3	1	2	1	0	1	1	0	0	0	1	1	0	2	0	2	0	0	1	0	0	0	0	0	0	0	0	0	0	0	0	0	0	0	0	0	0	0
0.03	north7_active	80	7922	3244	850	531	490	444	360	385	242	185	229	163	106	71	154	47	40	46	141	78	142	67	68	16	32	20	7	39	16	42	4	4	25	8	12	1	18	7	2	5	0	10	1	7	1	6	3	7	0	1	3	0	0	3	3	3	1	1	1	0	0	1	0	0	0	0	0	0	1	0	2	0	0	0	0	0	0	0	0	0	0	0	0	0	0	0	0	0	0	0	0	0	0
0.03	north8_all	80	12641	5514	2158	1413	1123	930	762	725	499	401	415	336	233	167	229	135	102	99	170	129	174	116	99	51	65	47	29	70	21	60	16	13	30	21	18	10	34	11	7	13	5	9	6	8	2	7	4	11	4	4	1	1	3	2	5	3	0	1	4	0	1	1	0	0	0	1	1	0	1	0	2	0	0	1	0	0	0	0	0	0	0	0	0	0	0	0	0	0	0	0	0	0	0
0.03	north8_active	80	7923	3261	874	505	494	433	340	410	215	181	224	175	88	67	138	49	35	38	131	76	152	77	73	21	35	28	9	53	10	38	7	6	27	13	9	0	28	7	3	7	0	5	1	7	1	5	3	10	3	1	0	0	1	1	3	3	0	1	4	0	1	1	0	0	0	0	0	0	1	0	2	0	0	0	0	0	0	0	0	0	0	0	0	0	0	0	0	0	0	0	0	0	0
0.03	north9_all	80	12694	5500	2157	1414	1129	930	753	713	500	428	410	336	210	162	227	138	101	107	196	115	170	122	94	54	48	43	31	72	21	79	14	11	40	25	14	10	34	12	15	12	2	8	9	6	3	8	2	9	8	3	2	0	5	2	3	2	0	1	4	0	1	0	1	0	1	1	1	0	0	0	2	0	0	1	0	0	0	0	0	0	0	0	0	0	0	0	0	0	0	0	0	0	0
0.03	north9_active	80	8023	3273	874	517	502	438	352	394	236	190	229	187	78	56	141	50	38	37	153	68	144	82	66	22	20	31	11	53	10	54	7	5	35	18	5	1	27	8	6	9	0	6	2	5	1	5	1	8	7	1	0	0	1	1	3	2	0	1	4	0	1	0	0	0	0	0	0	0	0	0	2	0	0	0	0	0	0	0	0	0	0	0	0	0	0	0	0	0	0	0	0	0	0
0.03	north10_all	80	12688	5533	2105	1391	1111	922	733	718	502	414	419	308	203	153	245	150	109	114	209	110	191	134	93	48	39	46	33	63	24	86	10	13	49	27	14	12	44	9	15	12	7	5	9	5	6	9	4	9	9	2	1	0	5	1	4	1	0	0	7	0	1	0	3	0	2	1	1	0	0	0	1	0	0	0	0	1	1	0	0	0	0	0	0	0	0	0	0	0	0	0	0	0	0
0.03	north10_active	80	7987	3307	817	490	504	434	345	403	237	188	229	162	72	43	156	47	42	37	164	69	160	94	67	17	15	30	12	47	8	67	5	7	42	23	9	1	37	6	5	10	2	4	1	3	4	5	1	8	8	1	0	0	1	1	3	0	0	0	7	0	1	0	1	0	0	0	0	0	0	0	1	0	0	0	0	1	0	0	0	0	0	0	0	0	0	0	0	0	0	0	0	0	0
0.03	north11_all	80	10971	4646	2004	1343	1125	976	686	702	493	358	373	304	194	163	219	112	112	122	147	104	127	110	93	48	38	51	21	42	25	37	19	15	31	17	10	9	14	9	11	10	8	3	7	4	3	5	3	4	3	2	0	2	1	2	2	2	1	1	0	0	1	1	0	0	0	0	0	0	0	0	0	0	0	1	0	0	0	0	1	0	0	0	0	0	0	0	0	0	0	0	0	1	0
0.03	north11_active	80	6226	2477	733	482	395	384	271	340	225	140	184	135	87	63	111	38	51	42	94	63	88	54	59	22	18	23	5	31	10	26	7	5	18	11	3	1	10	5	2	4	3	2	2	4	2	3	3	1	2	1	0	0	0	0	1	0	0	0	0	0	1	1	0	0	0	0	0	0	0	0	0	0	0	1	0	0	0	0	1	0	0	0	0	0	0	0	0	0	0	0	0	0	0
0.03	north12_all	80	10475	4443	2031	1339	1131	939	646	666	440	366	327	278	184	158	211	132	114	122	127	89	122	100	92	46	38	40	20	39	28	29	16	14	30	13	17	7	9	11	10	8	8	4	7	6	4	6	2	2	3	2	1	3	0	2	2	3	1	1	2	1	2	2	0	0	0	0	0	1	0	0	1	0	0	1	0	1	0	0	1	0	0	0	0	0	0	0	0	0	0	0	0	1	0
0.03	north12_active	80	5729	2293	704	470	401	374	242	329	181	156	149	118	81	60	96	56	42	39	81	55	82	55	50	18	16	16	6	25	9	16	3	6	16	8	7	1	6	5	2	2	0	3	2	4	1	2	2	1	2	1	0	1	0	0	1	0	0	0	0	0	2	1	0	0	0	0	0	0	0	0	1	0	0	1	0	1	0	0	1	0	0	0	0	0	0	0	0	0	0	0	0	0	0
0.03	north13_all	80	10105	4370	2045	1379	1090	887	626	658	425	354	311	258	181	159	206	135	120	108	137	83	115	89	94	48	38	42	29	43	27	20	21	15	29	12	20	10	7	6	10	6	10	3	3	6	5	4	4	3	3	3	2	5	1	3	3	1	0	2	2	1	3	1	0	0	0	2	0	1	0	0	1	0	0	1	1	1	0	0	0	0	0	0	0	0	0	0	0	0	0	0	0	0	0
0.03	north13_active	80	5280	2183	727	471	390	338	242	323	165	142	149	107	73	67	93	58	49	39	88	44	74	47	49	17	11	14	8	24	6	5	5	7	15	5	11	1	4	2	2	2	0	2	1	2	1	1	3	2	3	0	0	1	0	0	1	0	0	1	0	0	2	0	0	0	0	2	0	0	0	0	1	0	0	1	0	1	0	0	0	0	0	0	0	0	0	0	0	0	0	0	0	0	0
0.03	north14_all	80	10002	4285	2051	1385	1098	843	659	647	422	360	304	247	197	159	199	147	123	95	143	76	108	84	88	48	40	40	28	33	25	26	24	13	29	23	24	9	9	9	7	9	9	4	5	4	5	5	4	3	2	7	4	4	1	2	2	1	0	1	2	1	3	1	1	0	0	3	0	1	0	0	1	1	0	0	1	1	1	0	0	0	0	0	0	0	0	0	0	0	0	0	0	0	0
0.03	north14_active	80	5238	2122	720	469	420	333	265	326	156	147	146	89	74	62	91	58	47	34	82	39	76	49	48	10	15	14	6	13	6	11	7	8	20	11	11	3	6	3	3	2	0	4	2	0	0	1	3	2	2	2	1	1	0	0	0	0	0	1	0	0	2	0	0	0	0	2	0	0	0	0	1	0	0	0	0	1	0	0	0	0	0	0	0	0	0	0	0	0	0	0	0	0	0
0.03	north15_all	80	10697	4522	2092	1374	1061	882	694	659	400	377	370	246	211	155	195	140	117	89	198	93	117	97	98	53	40	35	33	30	23	29	27	13	37	21	20	10	12	7	8	12	4	7	8	4	5	4	6	7	1	9	4	5	1	4	1	3	0	1	2	1	2	0	2	0	0	4	6	1	0	0	0	1	0	0	1	0	1	0	0	0	0	0	0	0	0	1	0	0	0	0	1	0	0
0.03	north15_active	80	5945	2361	752	493	415	366	296	345	147	165	187	92	83	57	112	56	43	41	134	52	88	61	60	14	16	14	7	11	6	18	6	8	29	12	10	3	11	2	3	4	0	6	3	0	0	3	2	5	1	2	2	1	0	2	0	2	0	1	0	1	1	0	0	0	0	3	6	0	0	0	0	0	0	0	0	0	0	0	0	0	0	0	0	0	0	1	0	0	0	0	1	0	0
0.03	north16_all	80	11726	5018	2084	1392	1119	911	723	691	443	392	389	294	221	166	203	112	116	97	218	112	145	108	97	52	36	34	34	43	27	36	30	14	33	25	19	14	21	12	7	14	3	11	10	1	5	8	5	8	1	9	4	3	0	2	0	3	0	0	0	1	1	0	2	0	0	2	6	0	0	0	2	1	0	0	0	0	1	0	0	0	0	0	0	0	0	1	0	0	0	0	1	0	0
0.03	north16_active	80	7074	2799	778	523	462	397	326	366	177	178	199	122	88	53	124	38	41	49	156	64	116	71	59	17	15	18	8	24	10	27	12	6	28	16	9	4	20	4	1	5	1	7	4	1	1	5	2	5	1	2	2	0	0	2	0	2	0	0	0	1	0	0	0	0	0	1	6	0	0	0	2	0	0	0	0	0	0	0	0	0	0	0	0	0	0	1	0	0	0	0	1	0	0
0.03	north17_all	80	12735	5413	2140	1347	1151	975	748	698	480	376	444	310	208	163	202	114	107	106	245	125	170	136	107	55	36	29	32	53	29	85	29	12	38	26	27	12	35	9	5	13	3	14	11	7	5	7	7	6	1	6	4	4	1	2	1	3	0	0	0	1	1	0	1	1	0	2	6	0	0	0	2	1	1	0	0	2	1	0	0	0	0	0	0	0	0	1	0	0	0	0	1	0	0
0.03	north17_active	80	8077	3236	842	507	521	441	353	364	194	174	249	142	84	56	125	40	36	50	193	78	149	96	64	24	14	16	11	34	11	66	11	4	31	19	19	4	34	2	0	4	1	6	5	7	1	5	3	4	1	2	3	0	1	2	0	2	0	0	0	1	0	0	0	0	0	1	6	0	0	0	2	1	0	0	0	2	1	0	0	0	0	0	0	0	0	1	0	0	0	0	1	0	0
0.03	north18_all	80	12797	5358	2119	1357	1122	989	731	705	497	358	415	325	211	178	203	118	121	103	256	120	185	130	96	51	38	31	37	63	37	87	24	14	39	25	28	13	31	10	2	12	4	12	6	8	3	8	11	6	1	3	2	3	1	1	1	3	1	0	0	2	1	0	1	1	0	1	5	1	0	0	2	1	1	0	0	2	1	0	0	0	1	1	0	0	0	1	0	0	0	0	1	0	0
0.03	north18_active	80	8139	3204	850	514	510	450	338	357	217	154	231	149	91	60	132	47	42	51	205	69	157	90	55	26	15	15	17	42	19	68	12	3	31	18	21	3	30	3	0	4	1	5	3	7	1	4	5	4	1	3	1	0	1	1	0	2	0	0	0	1	0	0	0	0	0	1	1	0	0	0	2	1	0	0	0	2	1	0	0	0	1	1	0	0	0	1	0	0	0	0	1	0	0
0.03	north19_all	80	12774	5368	2161	1353	1091	981	752	725	506	356	407	322	215	175	206	131	116	95	248	118	174	139	100	47	43	29	40	51	29	103	20	20	46	28	27	10	42	11	2	12	8	10	4	15	5	4	7	2	1	3	2	2	1	1	3	2	1	0	1	1	4	0	1	1	0	0	6	1	0	0	0	1	1	0	0	2	2	0	0	0	1	1	0	1	0	0	0	0	0	0	0	0	0
0.03	north19_active	80	7979	3193	873	511	495	436	353	367	223	147	223	152	104	64	126	50	44	34	190	75	144	92	55	19	18	9	18	34	15	85	9	7	37	16	19	3	38	3	0	6	1	3	2	13	1	0	4	1	1	3	1	0	1	1	0	0	0	0	1	0	1	0	0	0	0	0	1	0	0	0	0	1	0	0	0	2	1	0	0	0	1	1	0	0	0	0	0	0	0	0	0	0	0
0.03	north20_all	80	12831	5434	2116	1423	1120	968	791	722	496	367	407	314	219	167	198	133	127	97	251	108	181	136	101	43	44	34	35	47	30	73	13	20	60	21	16	14	27	11	2	11	9	6	4	20	7	2	12	5	2	2	2	2	1	2	3	2	2	0	2	1	4	0	1	1	0	0	6	1	0	1	0	1	1	0	0	0	1	0	0	0	1	1	0	1	0	0	0	0	0	0	0	0	0
0.03	north20_active	80	7957	3242	825	536	484	436	364	363	224	154	213	144	99	61	123	55	44	37	184	73	155	100	60	18	18	11	14	31	15	64	5	8	54	13	13	7	24	5	0	6	1	4	1	16	4	0	8	4	2	2	2	1	0	1	0	0	1	0	2	0	1	0	0	0	0	0	1	0	0	1	0	1	0	0	0	0	0	0	0	0	1	1	0	0	0	0	0	0	0	0	0	0	0
0.03	south21_all	80	11053	3990	2968	1612	1143	873	1250	793	460	336	682	309	207	230	147	207	152	126	90	77	60	68	71	39	30	49	30	26	57	29	32	30	39	25	20	8	7	12	12	14	8	7	3	7	7	2	7	5	1	3	2	0	0	8	1	0	1	3	3	4	0	0	1	0	1	3	6	1	0	2	0	0	0	0	0	0	0	0	0	0	0	0	0	0	0	0	1	0	0	0	0	0	0
0.03	south21_active	80	6269	1832	1700	677	486	391	823	461	181	136	487	132	79	126	58	134	64	70	39	43	25	20	40	17	10	25	10	13	34	15	17	13	22	15	9	3	5	5	7	6	3	4	1	5	4	1	3	1	0	1	1	0	0	7	1	0	1	0	2	1	0	0	0	0	1	1	5	1	0	2	0	0	0	0	0	0	0	0	0	0	0	0	0	0	0	0	1	0	0	0	0	0	0
0.03	south22_all	80	11863	4044	3127	1644	1191	909	1379	812	486	353	764	314	209	217	151	244	148	154	87	104	65	71	78	41	33	47	28	27	57	34	26	26	54	25	17	9	11	13	10	11	10	7	5	6	8	4	13	7	1	3	2	0	1	10	0	3	0	3	1	1	0	0	1	0	1	3	6	0	1	0	0	0	0	0	0	0	0	0	0	0	0	0	0	0	0	0	1	0	0	0	0	0	0
0.03	south22_active	80	7065	1885	1821	688	494	418	957	505	178	139	572	143	79	108	54	176	61	90	38	63	29	22	46	18	16	25	9	12	39	20	8	9	37	13	8	3	8	5	8	5	4	3	1	4	5	2	2	3	0	2	1	0	1	8	0	2	0	1	1	1	0	0	1	0	1	1	5	0	1	0	0	0	0	0	0	0	0	0	0	0	0	0	0	0	0	0	1	0	0	0	0	0	0
0.03	south23_all	80	12430	4194	3190	1624	1254	926	1431	848	474	335	864	306	216	221	146	272	142	173	92	115	66	74	76	51	33	36	28	25	45	34	31	28	52	28	19	12	19	13	11	8	9	7	6	5	11	2	14	9	1	7	3	0	1	9	0	3	2	3	2	0	0	0	1	0	0	2	6	8	2	0	0	0	0	0	0	0	0	0	0	0	0	0	0	0	0	0	0	0	1	0	0	0	0
0.03	south23_active	80	7533	1985	1892	699	529	415	1031	522	189	136	657	159	69	100	46	187	56	104	39	71	32	24	45	18	18	13	11	8	29	22	15	12	37	13	9	7	12	3	11	5	3	3	2	2	7	1	4	6	0	2	1	0	1	7	0	2	1	1	1	0	0	0	1	0	0	1	5	8	2	0	0	0	0	0	0	0	0	0	0	0	0	0	0	0	0	0	0	0	1	0	0	0	0
0.03	south24_all	80	12337	4215	3103	1597	1239	900	1510	870	482	322	880	286	235	238	153	307	116	170	99	130	74	63	70	52	39	34	38	29	41	26	32	27	48	23	17	14	20	9	10	6	8	7	7	8	10	4	14	10	3	8	1	1	3	6	0	5	3	3	2	1	0	0	1	1	0	2	0	8	2	0	0	0	0	0	0	0	0	0	0	0	0	0	0	0	0	0	0	0	1	0	0	0	0
0.03	south24_active	80	7398	1999	1828	714	522	387	1121	543	200	120	668	139	85	101	52	217	48	101	41	74	32	23	38	15	19	11	18	12	29	18	18	11	35	14	8	6	12	1	9	5	3	3	2	3	6	2	4	7	1	3	0	0	2	5	0	4	1	2	1	0	0	0	1	1	0	1	0	8	2	0	0	0	0	0	0	0	0	0	0	0	0	0	0	0	0	0	0	0	1	0	0	0	0
0.03	south25_all	80	12125	4283	3118	1558	1209	881	1516	848	467	312	812	270	222	249	155	307	122	171	88	115	84	53	70	57	43	32	36	32	45	22	32	37	40	28	17	18	30	8	13	8	10	7	5	7	6	4	9	11	3	6	1	1	3	4	2	3	3	3	1	1	0	1	0	2	0	1	0	8	1	0	0	0	0	0	0	0	1	1	0	0	0	0	1	0	0	0	0	0	1	0	0	0	0
0.03	south25_active	80	7220	2003	1833	682	544	363	1114	526	204	118	628	127	83	109	45	217	51	101	43	63	33	17	36	18	20	8	16	12	30	14	20	21	28	19	7	11	16	2	9	6	4	2	2	2	4	2	7	9	1	1	0	0	2	3	2	3	1	1	0	0	0	0	0	1	0	1	0	8	1	0	0	0	0	0	0	0	0	1	0	0	0	0	1	0	0	0	0	0	1	0	0	0	0
0.03	south26_all	80	12082	4287	3138	1610	1156	912	1519	841	459	309	812	277	210	252	170	298	125	165	102	110	85	55	69	61	42	41	30	31	43	21	34	28	34	29	13	15	24	6	11	9	9	5	4	8	6	4	8	10	2	7	0	2	7	3	2	3	2	2	1	1	0	1	0	2	1	0	0	0	1	1	0	0	0	2	0	0	2	1	0	0	0	0	1	0	0	1	0	0	2	0	0	0	0
0.03	south26_active	80	7257	2015	1847	701	528	363	1088	520	194	115	640	123	78	126	53	206	57	100	49	55	32	18	35	23	20	14	14	15	26	15	20	18	27	20	6	9	13	2	7	5	3	1	1	3	3	1	6	8	1	1	0	1	5	3	2	3	1	1	0	0	0	0	0	1	1	0	0	0	1	0	0	0	0	2	0	0	0	1	0	0	0	0	1	0	0	0	0	0	2	0	0	0	0
0.03	south27_all	80	12079	4358	3194	1638	1136	903	1420	816	431	318	810	266	197	235	160	241	120	166	89	114	89	63	84	56	36	38	28	22	43	20	24	32	25	29	18	12	18	7	10	12	9	7	2	6	4	3	6	8	2	2	0	1	6	1	3	4	6	1	0	0	0	1	0	1	1	0	0	2	1	1	0	0	0	2	0	0	2	1	0	0	0	0	1	0	0	1	0	0	1	0	0	0	0
0.03	south27_active	80	7436	2090	1864	702	510	380	1001	475	180	124	640	120	72	128	51	158	51	101	42	60	34	21	45	25	19	16	14	9	25	12	10	21	20	19	9	6	9	4	5	7	5	0	1	2	3	1	5	6	1	1	0	1	4	1	2	4	5	0	0	0	0	0	0	0	1	0	0	2	1	0	0	0	0	2	0	0	0	1	0	0	0	0	1	0	0	0	0	0	1	0	0	0	0
0.03	south28_all	80	12165	4304	3119	1720	1125	911	1394	803	436	334	837	284	196	235	152	253	138	160	95	81	82	65	79	56	33	42	23	19	33	24	24	26	31	23	20	7	18	7	9	10	8	6	3	6	4	3	6	11	0	3	0	3	6	2	3	1	5	1	0	0	0	1	0	0	7	0	0	2	1	1	0	1	0	2	0	0	3	0	0	0	0	0	1	0	0	1	0	0	1	0	0	0	0
0.03	south28_active	80	7436	2117	1817	694	510	406	1033	461	195	127	665	137	58	130	48	173	60	98	39	46	34	22	50	24	19	19	11	5	19	14	8	15	27	10	11	2	9	3	6	5	5	1	1	3	3	2	5	5	0	1	0	3	4	1	2	1	5	0	0	0	0	0	0	0	7	0	0	2	1	0	0	0	0	2	0	0	1	0	0	0	0	0	1	0	0	0	0	0	1	0	0	0	0
0.03	south29_all	80	12144	4381	3128	1727	1132	891	1494	835	434	343	744	297	202	234	133	298	142	152	97	89	73	62	85	51	39	43	29	24	35	17	30	28	35	30	15	9	14	10	12	10	6	10	2	3	6	3	4	5	0	3	1	2	5	5	3	1	6	1	1	4	0	0	0	0	6	0	0	2	1	0	0	1	1	2	0	0	1	0	0	0	1	0	0	3	0	1	0	0	0	0	0	0	1
0.03	south29_active	80	7311	2180	1787	693	494	405	1143	491	171	137	572	153	65	131	41	212	64	85	38	49	28	19	56	24	21	21	14	10	20	10	16	16	29	18	9	4	12	3	9	7	4	5	1	2	4	3	3	1	0	2	1	2	3	4	1	1	6	0	0	2	0	0	0	0	6	0	0	2	1	0	0	0	0	2	0	0	1	0	0	0	0	0	0	0	0	0	0	0	0	0	0	0	1
0.03	south30_all	80	12268	4265	3150	1663	1106	940	1526	817	443	340	723	316	193	228	129	316	142	144	90	84	68	59	80	46	47	47	33	34	29	15	33	33	34	34	15	7	15	10	10	14	7	11	4	5	4	5	6	6	0	5	1	2	4	5	3	2	1	2	1	4	0	0	0	0	7	0	0	0	1	0	0	2	1	0	0	0	1	0	0	0	1	0	0	3	0	0	0	0	0	0	0	0	1
0.03	south30_active	80	7316	2118	1804	660	491	449	1157	494	186	138	553	167	61	124	41	224	68	88	41	53	27	21	51	21	23	19	14	15	17	8	20	20	25	24	7	4	12	2	7	11	4	6	1	3	2	3	5	2	0	2	1	2	1	4	1	1	1	0	0	2	0	0	0	0	6	0	0	0	1	0	0	1	0	0	0	0	1	0	0	0	0	0	0	0	0	0	0	0	0	0	0	0	1
0.03	south31_all	80	12224	4309	3280	1582	1163	1001	1483	814	478	336	755	322	206	273	162	256	118	153	108	107	75	66	77	57	35	35	28	28	35	32	32	24	39	16	20	9	21	6	15	13	4	10	4	8	6	2	1	10	2	8	4	5	2	2	11	1	0	0	0	1	1	1	0	3	0	1	0	0	1	1	0	1	0	0	0	2	1	1	0	1	0	0	0	0	0	0	0	1	0	0	0	0	0
0.03	south31_active	80	7439	2166	1867	673	509	443	1067	508	198	125	586	141	73	164	54	182	60	93	40	59	35	19	44	21	20	10	14	12	14	15	19	12	33	9	10	5	14	3	12	8	0	6	0	3	4	2	1	4	1	6	2	2	0	2	11	1	0	0	0	0	1	1	0	2	0	0	0	0	1	0	0	0	0	0	0	2	0	1	0	0	0	0	0	0	0	0	0	0	0	0	0	0	0
0.03	south32_all	80	12275	4230	3190	1668	1193	1012	1553	764	466	350	717	303	202	273	144	276	125	151	112	95	68	60	74	64	27	31	27	25	43	25	29	23	36	14	22	11	28	6	16	14	6	10	6	8	6	1	3	6	2	6	5	4	4	1	10	3	0	0	0	1	0	1	0	2	0	0	0	0	1	1	0	1	0	0	0	2	1	1	0	0	0	0	0	0	0	0	0	1	0	0	0	0	0
0.03	south32_active	80	7491	2069	1808	708	538	452	1127	461	209	140	552	127	71	161	48	196	59	89	50	51	27	17	46	29	10	9	16	10	23	12	16	11	31	10	12	8	21	3	13	8	1	6	1	3	4	1	3	0	1	5	3	2	1	1	10	3	0	0	0	0	0	1	0	1	0	0	0	0	1	0	0	0	0	0	0	2	0	1	0	0	0	0	0	0	0	0	0	0	0	0	0	0	0
0.03	south33_all	80	12283	4115	3188	1641	1174	963	1507	802	476	356	711	292	223	278	145	287	134	156	118	86	61	53	74	67	37	39	27	24	53	28	31	25	45	15	16	10	25	7	10	12	6	10	8	7	4	1	7	7	2	6	3	3	3	1	9	3	0	0	0	1	3	2	0	3	0	0	0	0	1	0	0	0	0	0	0	0	1	1	0	0	0	0	0	0	0	0	0	1	0	0	0	0	0
0.03	south33_active	80	7472	2046	1787	687	528	438	1118	486	224	137	560	130	88	150	46	209	57	98	46	48	27	16	47	36	12	12	16	10	33	12	19	10	41	10	11	7	22	5	10	8	1	8	4	2	0	1	7	0	0	4	2	2	1	1	8	3	0	0	0	0	2	2	0	2	0	0	0	0	1	0	0	0	0	0	0	0	0	1	0	0	0	0	0	0	0	0	0	0	0	0	0	0	0
0.03	south34_all	80	12338	4199	3182	1664	1232	930	1512	826	460	353	751	279	213	251	148	298	127	180	114	87	66	48	71	65	41	40	28	26	51	30	27	23	38	25	17	12	20	6	10	9	9	4	7	5	6	1	8	4	3	2	1	2	2	0	2	2	1	0	0	0	3	2	0	2	0	0	9	0	0	0	0	0	0	0	1	0	1	0	0	0	0	0	0	0	0	0	0	0	0	0	0	0	0
0.03	south34_active	80	7448	2145	1798	678	569	424	1118	498	206	146	595	128	82	131	52	206	44	124	40	50	27	15	44	29	16	15	15	12	36	11	18	10	33	19	13	8	18	4	9	5	3	3	4	0	4	1	8	2	0	1	1	0	1	0	1	2	0	0	0	0	2	2	0	2	0	0	9	0	0	0	0	0	0	0	0	0	0	0	0	0	0	0	0	0	0	0	0	0	0	0	0	0	0
0.03	south35_all	80	12269	4235	3201	1628	1219	921	1413	818	450	352	815	296	207	238	137	278	128	178	112	88	72	52	84	61	50	38	26	25	49	28	26	24	45	24	15	10	21	6	11	13	9	6	6	4	12	3	9	4	3	1	0	2	0	1	2	0	2	1	0	0	4	3	1	1	1	0	9	0	2	2	1	0	0	0	1	0	0	0	0	0	0	0	0	0	0	0	0	0	0	0	0	0	0
0.03	south35_active	80	7411	2210	1798	696	527	411	1023	490	204	141	663	143	79	127	47	202	52	124	37	57	27	18	59	24	20	15	13	9	33	7	17	11	39	17	9	4	15	4	8	8	3	5	3	0	7	2	8	2	0	0	0	0	0	1	1	0	0	1	0	0	3	3	0	1	1	0	9	0	2	0	0	0	0	0	0	0	0	0	0	0	0	0	0	0	0	0	0	0	0	0	0	0	0
0.03	south36_all	80	12144	4230	3154	1630	1191	899	1374	908	484	356	802	285	185	250	134	296	143	194	98	88	77	54	87	53	50	34	26	27	41	22	27	25	52	28	19	11	16	4	11	11	10	7	9	4	13	2	8	8	2	2	1	2	0	2	2	0	3	1	0	0	2	3	1	0	1	0	9	0	2	3	1	0	0	0	1	0	0	0	0	0	0	0	0	0	0	0	0	0	0	0	0	0	0
0.03	south36_active	80	7347	2167	1778	709	522	397	1004	558	208	143	667	140	67	137	52	215	70	127	34	56	28	19	62	18	25	15	10	10	30	7	14	12	47	21	10	3	8	2	7	7	2	6	6	1	8	1	6	3	0	0	0	0	0	1	0	0	1	1	0	0	2	3	0	0	1	0	9	0	2	1	0	0	0	0	0	0	0	0	0	0	0	0	0	0	0	0	0	0	0	0	0	0	0
0.03	south37_all	80	12041	4170	3262	1631	1150	897	1366	904	476	362	860	300	194	228	130	282	140	195	86	95	67	55	92	47	52	31	26	28	30	21	34	27	62	19	17	11	22	4	7	7	10	6	9	9	12	3	7	7	1	1	1	0	0	2	1	1	3	1	1	0	2	2	1	0	1	0	9	0	2	3	1	0	0	0	0	0	0	0	0	0	0	0	0	0	0	0	0	0	0	0	0	0	0
0.03	south37_active	80	7378	2040	1876	747	503	381	1004	576	205	150	707	143	71	123	48	208	76	125	30	54	23	23	67	20	24	11	11	7	18	6	18	11	56	15	10	3	10	2	4	4	2	6	4	4	8	2	5	3	0	0	0	0	0	1	0	1	1	1	0	0	1	2	0	0	1	0	9	0	2	1	0	0	0	0	0	0	0	0	0	0	0	0	0	0	0	0	0	0	0	0	0	0	0
0.03	south38_all	80	11748	4169	3222	1622	1128	913	1392	883	512	380	788	311	199	241	141	302	142	169	84	98	73	52	93	45	49	31	31	32	32	23	38	23	39	20	15	10	25	7	4	8	8	9	8	9	6	2	7	9	3	2	3	2	0	1	2	4	1	1	1	0	2	2	0	0	0	0	0	0	0	2	1	0	0	1	0	0	0	0	0	0	0	0	0	0	0	0	0	0	0	0	0	0	0
0.03	south38_active	80	7192	1985	1892	745	518	414	1009	557	229	150	638	149	73	132	53	223	78	100	28	48	28	22	66	16	29	14	11	10	24	10	20	9	34	16	8	2	15	4	2	3	1	7	5	4	4	1	6	5	1	0	0	0	0	0	0	4	1	1	0	0	1	2	0	0	0	0	0	0	0	1	0	0	0	0	0	0	0	0	0	0	0	0	0	0	0	0	0	0	0	0	0	0	0
0.03	south39_all	80	11730	4182	3290	1599	1109	935	1461	832	474	357	762	343	205	240	158	294	138	174	80	106	70	46	87	45	50	32	31	35	34	25	38	17	33	24	10	9	26	10	6	8	7	6	7	6	6	2	5	5	2	1	3	2	0	0	2	5	1	1	2	1	1	1	0	1	0	0	0	0	1	0	1	0	0	1	0	0	0	0	1	0	0	0	0	0	0	0	0	0	0	0	0	0	0
0.03	south39_active	80	7195	2002	1906	728	488	433	1084	549	197	132	611	173	81	131	51	213	75	93	24	53	27	23	61	20	26	10	12	11	23	10	23	6	27	14	6	2	19	7	2	3	2	4	3	3	4	1	4	5	1	0	0	0	0	0	1	5	1	1	1	0	0	0	0	1	0	0	0	0	0	0	1	0	0	0	0	0	0	0	0	0	0	0	0	0	0	0	0	0	0	0	0	0	0
0.03	south40_all	80	11833	4314	3251	1581	1167	953	1474	831	477	351	742	333	214	238	151	298	133	171	95	95	84	49	93	57	56	37	33	35	35	24	33	19	16	32	9	7	23	12	6	21	6	5	4	4	10	2	4	3	3	2	4	2	0	2	2	5	1	1	2	1	2	2	0	1	0	0	0	0	1	0	1	0	0	1	0	0	0	0	1	0	0	0	0	1	1	0	0	0	0	0	0	0	0
0.03	south40_active	80	7286	2130	1836	692	508	437	1077	538	204	123	593	172	80	131	46	208	71	88	29	43	27	19	63	25	31	11	16	12	21	8	21	9	10	17	5	2	17	8	2	10	2	3	2	1	6	0	4	3	1	0	0	0	0	0	1	5	0	1	1	0	0	1	0	1	0	0	0	0	0	0	1	0	0	0	0	0	0	0	0	0	0	0	0	0	1	0	0	0	0	0	0	0	0
