label	Group	numOtus	Otu0	Otu1	Otu2	Otu3	Otu4	Otu5	Otu6	Otu7	Otu8	Otu9	Otu10	Otu11	Otu12	Otu13	Otu14	Otu15	Otu16	Otu17	Otu18	Otu19	Otu20	Otu21	Otu22	Otu23	Otu24	Otu25	Otu26	Otu27	Otu28	Otu29	Otu30	Otu31	Otu32	Otu33	Otu34	Otu35	Otu36	Otu37	Otu38	Otu39	Otu40	Otu41	Otu42	Otu43	Otu44	Otu45	Otu46	Otu47	Otu48	Otu49	Otu50	Otu51	Otu52	Otu53	Otu54	Otu55	Otu56	Otu57	Otu58	Otu59	Otu60	Otu61	Otu62	Otu63	Otu64	Otu65	Otu66	Otu67	Otu68	Otu69	Otu70	Otu71	Otu72	Otu73	Otu74	Otu75	Otu76	Otu77	Otu78	Otu79
0.03	north1_all	80	22092	4613	6323	1891	1279	2768	777	622	450	699	316	568	209	339	364	142	95	111	189	81	146	52	89	43	41	56	28	25	26	25	14	15	10	11	10	5	3	10	9	2	4	28	5	5	3	7	0	1	1	1	3	0	0	3	1	0	0	0	1	0	4	1	1	0	0	0	0	0	0	0	0	0	0	2	1	0	0	0	0	0
0.03	north1_active	80	18520	1587	5394	811	457	2445	316	175	112	533	144	472	58	277	323	73	40	34	165	51	123	13	61	18	26	41	9	5	21	22	5	7	2	5	5	1	3	8	5	1	3	26	5	3	1	6	0	0	0	0	2	0	0	0	0	0	0	0	0	0	3	0	0	0	0	0	0	0	0	0	0	0	0	0	1	0	0	0	0	0
0.03	north2_all	80	23293	4603	6595	1891	1302	2922	794	609	465	707	321	632	205	368	360	130	96	107	245	83	158	47	71	46	39	44	24	19	27	40	12	15	12	7	8	6	6	9	5	4	5	31	15	3	2	8	0	2	1	1	1	0	0	1	2	0	3	0	1	0	4	0	1	0	0	0	0	0	0	0	0	0	0	1	1	0	0	0	0	0
0.03	north2_active	80	19797	1633	5682	862	470	2578	344	174	117	550	147	528	68	304	310	69	42	40	220	45	134	16	50	18	28	33	7	5	22	40	5	8	2	5	3	1	6	8	4	3	4	28	15	1	1	7	0	0	0	0	1	0	0	0	1	0	3	0	0	0	3	0	0	0	0	0	0	0	0	0	0	0	0	0	1	0	0	0	0	0
0.03	north3_all	80	23259	4555	6598	1944	1382	3048	787	614	452	666	321	638	199	318	359	150	98	95	236	79	142	58	75	43	47	41	25	24	24	54	14	16	11	6	6	12	9	10	2	5	6	21	15	2	3	11	0	3	1	2	1	0	1	2	1	0	3	0	0	1	4	0	1	0	0	0	0	0	0	0	0	0	0	0	0	0	0	0	0	0
0.03	north3_active	80	19712	1672	5691	921	468	2704	331	161	115	517	147	535	67	269	296	84	43	41	214	37	121	20	53	16	26	32	6	5	16	51	10	9	2	4	3	4	6	10	1	4	5	18	15	0	1	11	0	1	0	0	1	0	0	0	1	0	3	0	0	1	3	0	0	0	0	0	0	0	0	0	0	0	0	0	0	0	0	0	0	0
0.03	north4_all	80	23263	4537	6628	1963	1355	3093	750	591	470	651	308	667	192	340	331	140	101	78	266	75	130	60	94	44	48	38	24	24	17	63	8	18	12	5	10	10	6	7	3	7	9	25	16	6	2	13	1	3	2	3	0	0	1	4	2	0	3	0	0	2	1	0	0	0	0	0	0	0	0	0	0	0	0	0	0	0	0	0	0	0
0.03	north4_active	80	19668	1650	5697	935	431	2733	313	158	111	497	140	553	63	274	267	77	40	36	249	34	107	22	71	16	20	28	4	4	9	54	6	11	4	4	6	3	3	6	2	6	8	22	15	4	1	13	0	1	0	0	0	0	0	1	1	0	3	0	0	1	0	0	0	0	0	0	0	0	0	0	0	0	0	0	0	0	0	0	0	0
0.03	north5_all	80	22123	4602	6401	2010	1359	2904	742	610	457	603	324	659	198	319	356	141	104	71	242	66	143	52	110	37	51	42	23	26	18	40	11	10	8	8	11	10	11	12	5	8	8	16	12	4	2	9	2	3	1	2	0	0	1	4	2	1	0	0	0	2	0	0	0	0	0	0	0	0	0	0	0	0	1	0	1	0	0	0	0	0
0.03	north5_active	80	18631	1655	5473	932	429	2549	291	154	110	449	134	554	59	254	287	80	40	32	219	28	121	16	84	15	22	31	5	4	11	30	8	5	3	3	7	4	4	11	4	7	7	16	10	4	1	9	0	1	0	0	0	0	0	1	1	0	0	0	0	1	0	0	0	0	0	0	0	0	0	0	0	0	0	0	0	0	0	0	0	0
0.03	north6_all	80	20541	4557	5988	1970	1297	2611	741	596	471	595	319	620	220	306	345	140	112	88	214	66	147	44	107	32	40	53	24	23	14	26	10	9	9	9	11	6	8	14	5	6	4	23	8	4	2	9	2	3	1	1	0	0	1	3	1	1	0	0	0	1	0	0	0	0	0	0	0	0	0	0	0	0	1	0	1	0	1	0	0	0
0.03	north6_active	80	16992	1529	4982	878	410	2264	269	155	116	434	128	521	67	238	275	65	38	32	185	31	121	13	86	15	17	36	6	4	7	16	5	4	4	3	7	2	2	11	4	5	3	21	5	4	1	8	0	1	0	0	0	0	0	1	0	0	0	0	0	0	0	0	0	0	0	0	0	0	0	0	0	0	0	0	0	0	1	0	0	0
0.03	north7_all	80	19292	4526	5533	1946	1299	2283	759	616	464	600	341	587	241	279	297	146	104	102	207	64	148	44	103	30	44	43	23	19	14	25	14	7	5	11	10	5	8	10	9	8	3	14	4	3	0	5	2	2	0	0	3	0	2	0	0	1	0	0	0	1	0	0	2	0	0	0	0	0	0	0	0	0	1	0	1	0	1	0	0	0
0.03	north7_active	80	15558	1416	4474	880	404	1932	272	142	115	421	129	488	59	214	232	57	33	31	178	22	124	11	85	13	21	27	5	4	8	18	6	2	2	5	7	2	3	7	8	5	1	12	2	2	0	3	1	1	0	0	3	0	1	0	0	0	0	0	0	1	0	0	2	0	0	0	0	0	0	0	0	0	0	0	0	0	1	0	0	0
0.03	north8_all	80	18437	4533	5010	1902	1281	2137	751	610	473	584	352	515	229	303	284	150	101	103	180	66	133	45	103	33	33	49	32	22	13	25	12	5	8	15	7	5	7	8	7	7	4	11	9	2	1	8	2	1	0	0	3	0	2	0	0	1	1	0	1	2	0	0	2	0	0	0	1	0	0	0	0	0	1	0	1	0	1	0	0	0
0.03	north8_active	80	14523	1363	3950	833	387	1806	251	144	136	381	137	419	47	231	225	50	29	30	155	24	105	11	84	13	15	26	8	4	8	19	5	2	2	10	6	2	2	3	7	3	1	8	6	0	1	6	1	1	0	0	3	0	1	0	0	0	1	0	1	2	0	0	2	0	0	0	0	0	0	0	0	0	0	0	0	0	1	0	0	0
0.03	north9_all	80	18462	4498	5029	1883	1296	2147	737	590	454	579	352	484	247	331	284	154	103	99	182	62	119	43	86	36	31	45	31	26	16	32	12	9	8	14	8	4	7	6	12	8	7	6	7	3	1	6	2	1	0	0	6	0	3	0	0	0	1	0	1	2	0	0	2	0	0	0	1	0	0	0	0	0	0	0	0	0	1	0	0	0
0.03	north9_active	80	14530	1375	3997	811	372	1800	248	144	130	399	128	390	42	257	227	53	32	27	157	22	94	13	67	11	14	27	5	4	8	26	6	3	3	12	5	1	2	2	11	1	1	4	6	0	1	5	1	1	0	0	6	0	1	0	0	0	1	0	1	2	0	0	2	0	0	0	0	0	0	0	0	0	0	0	0	0	1	0	0	0
0.03	north10_all	80	18501	4457	5071	1829	1340	2148	740	588	499	558	347	465	239	352	291	157	109	81	168	72	126	44	91	35	28	49	26	28	19	34	12	9	14	18	10	2	8	5	12	6	9	8	9	5	3	9	1	0	1	0	5	0	1	0	0	0	1	0	1	2	0	0	0	0	0	0	1	0	0	0	0	0	0	0	0	0	0	0	2	0
0.03	north10_active	80	14661	1357	4094	773	381	1790	252	151	148	402	123	375	43	264	233	60	31	28	147	29	99	10	71	11	14	25	6	2	9	31	5	4	6	16	5	0	2	2	11	1	1	6	8	0	2	8	0	0	0	0	5	0	0	0	0	0	1	0	1	2	0	0	0	0	0	0	0	0	0	0	0	0	0	0	0	0	0	0	2	0
0.03	north11_all	80	19644	4419	5604	1856	1238	2491	747	593	460	556	315	594	210	336	305	127	123	90	199	74	125	55	67	38	35	29	15	19	25	38	18	16	13	13	10	3	11	5	7	3	6	2	5	2	3	5	1	2	0	1	2	1	1	0	0	1	1	0	0	0	1	0	1	1	0	0	0	0	0	0	1	0	0	0	0	0	0	0	0	0
0.03	north11_active	80	15861	1379	4620	777	347	2134	271	170	124	385	128	498	50	256	236	42	41	36	172	30	101	17	43	15	23	15	7	6	15	30	9	7	3	11	2	0	4	1	2	1	2	2	4	1	3	4	0	1	0	0	1	1	1	0	0	1	0	0	0	0	0	0	1	0	0	0	0	0	0	0	0	0	0	0	0	0	0	0	0	0
0.03	north12_all	80	21271	4475	6184	1865	1275	2672	772	591	493	609	336	568	213	365	311	121	116	94	215	70	127	55	63	39	33	35	15	20	23	45	21	14	12	15	9	3	13	6	6	3	5	2	4	5	2	6	1	3	0	0	2	0	1	1	0	1	1	1	0	0	0	0	1	1	0	0	0	0	0	0	1	0	0	0	0	0	0	0	0	0
0.03	north12_active	80	17658	1503	5211	816	375	2323	295	180	133	444	142	471	49	281	257	41	33	35	184	22	103	18	44	17	21	22	5	7	14	38	11	4	3	14	2	0	3	2	2	3	3	1	4	4	2	3	0	1	0	0	1	0	1	1	0	1	0	0	0	0	0	0	1	0	0	0	0	0	0	0	0	0	0	0	0	0	0	0	0	0
0.03	north13_all	80	23021	4447	6499	1966	1284	2819	808	603	499	660	362	599	220	399	330	135	113	97	267	78	135	52	84	42	40	43	17	23	17	58	16	10	15	20	7	4	10	9	5	2	7	7	7	5	3	7	2	3	0	0	7	0	0	1	0	0	1	1	1	1	0	0	1	0	0	0	0	0	0	0	1	0	0	0	0	0	0	0	0	0
0.03	north13_active	80	19557	1551	5570	924	404	2502	341	181	125	512	156	501	57	324	281	63	31	35	231	35	110	15	63	20	25	33	5	7	11	50	6	5	7	18	3	1	2	5	4	2	3	6	7	5	3	5	0	1	0	0	5	0	0	1	0	0	0	0	0	1	0	0	1	0	0	0	0	0	0	0	0	0	0	0	0	0	0	0	0	0
0.03	north14_all	80	23523	4459	6581	1982	1275	2825	819	589	503	669	364	621	213	401	335	139	105	95	307	77	148	53	84	40	39	55	23	26	16	61	14	9	18	19	8	6	4	8	7	3	8	8	4	4	3	9	2	3	0	0	7	0	0	2	1	0	1	1	1	1	0	0	0	0	0	0	0	0	0	0	0	0	0	0	0	0	0	0	0	1
0.03	north14_active	80	20102	1592	5688	930	416	2509	352	176	131	525	160	522	61	314	288	78	29	34	262	36	125	18	66	20	21	44	7	8	10	53	6	5	9	17	3	1	0	6	6	3	4	6	3	4	3	7	0	0	0	0	5	0	0	1	0	0	1	0	0	1	0	0	0	0	0	0	0	0	0	0	0	0	0	0	0	0	0	0	0	1
0.03	north15_all	80	23505	4387	6482	2008	1261	2903	800	586	496	661	357	624	210	393	370	130	96	92	290	78	172	56	89	41	57	56	31	32	19	63	11	7	21	20	9	7	5	10	8	4	9	18	4	4	1	11	2	1	1	0	5	0	0	1	2	1	1	0	1	1	0	0	1	0	0	0	0	0	0	0	0	0	0	0	0	0	0	0	0	1
0.03	north15_active	80	20088	1570	5612	948	417	2589	327	160	128	513	153	535	61	309	322	77	26	40	247	34	153	16	71	23	33	49	10	10	12	55	5	5	12	18	5	3	2	6	8	2	5	16	3	3	1	9	0	0	0	0	4	0	0	0	0	0	1	0	0	1	0	0	1	0	0	0	0	0	0	0	0	0	0	0	0	0	0	0	0	1
0.03	north16_all	80	23590	4352	6537	2023	1268	2916	767	587	493	651	341	603	208	368	371	119	99	102	266	78	161	54	77	41	57	58	37	25	17	60	14	9	20	17	7	8	6	10	9	7	5	12	3	4	1	7	2	1	2	1	0	0	0	1	2	2	1	1	0	0	0	1	2	0	1	0	0	0	0	0	0	0	0	0	0	0	0	0	0	1
0.03	north16_active	80	20175	1601	5657	946	411	2571	322	172	134	500	140	516	69	281	324	70	31	45	226	41	146	14	63	23	31	49	12	6	9	51	6	5	11	15	4	3	4	5	9	4	5	10	1	3	0	7	0	0	0	0	0	0	0	0	0	1	1	0	0	0	0	1	1	0	1	0	0	0	0	0	0	0	0	0	0	0	0	0	0	1
0.03	north17_all	80	23417	4270	6547	1972	1281	2938	754	559	520	660	348	644	215	335	376	120	92	98	226	73	160	53	74	43	60	56	34	27	20	48	18	10	23	13	7	7	8	9	14	8	4	12	3	4	2	6	1	2	2	1	2	0	0	1	2	2	0	1	0	0	0	1	2	0	1	0	0	0	1	0	0	0	0	0	0	0	0	0	0	1
0.03	north17_active	80	20008	1563	5645	924	423	2605	317	173	141	493	145	545	71	261	331	63	31	42	199	38	144	13	63	21	35	50	10	7	11	41	7	4	12	10	3	5	5	3	12	4	4	10	1	3	1	6	0	0	0	0	2	0	0	0	0	1	0	0	0	0	0	1	1	0	1	0	0	0	1	0	0	0	0	0	0	0	0	0	0	1
0.03	north18_all	80	23081	4305	6365	1990	1271	2799	771	584	485	670	337	654	214	326	310	117	96	106	212	64	180	54	104	44	45	50	33	25	18	46	15	9	23	12	8	8	8	6	10	5	3	3	3	5	3	6	2	2	1	2	4	0	0	0	1	1	0	1	0	0	1	1	1	0	1	0	0	0	1	0	0	1	0	0	0	0	0	0	0	0
0.03	north18_active	80	19565	1568	5455	924	422	2466	326	172	128	497	140	551	66	250	265	62	28	45	185	39	152	20	92	20	26	42	5	8	9	41	5	4	12	8	3	3	4	2	8	3	3	2	2	3	2	6	1	0	0	1	4	0	0	0	0	1	0	0	0	0	0	1	0	0	1	0	0	0	1	0	0	1	0	0	0	0	0	0	0	0
0.03	north19_all	80	22404	4320	6372	1959	1264	2654	764	591	449	719	323	637	231	312	334	136	107	105	180	67	181	53	107	45	35	43	35	25	16	29	15	8	18	13	9	8	5	4	12	3	5	4	11	5	3	4	3	3	2	1	5	0	0	0	0	0	0	0	0	0	1	0	0	0	0	0	0	0	1	0	0	1	0	0	0	0	0	0	0	0
0.03	north19_active	80	18806	1543	5433	889	405	2329	322	158	117	537	128	531	70	242	288	72	28	50	159	38	153	17	95	19	21	39	7	9	7	24	4	5	9	8	1	3	3	2	9	2	3	3	10	3	2	4	1	0	1	1	5	0	0	0	0	0	0	0	0	0	0	0	0	0	0	0	0	0	1	0	0	1	0	0	0	0	0	0	0	0
0.03	north20_all	80	21960	4360	6182	1993	1259	2621	751	611	427	715	331	599	218	334	313	157	112	105	192	65	168	59	111	37	19	46	31	24	18	26	17	12	11	16	12	11	3	7	12	0	4	30	10	4	5	0	3	1	2	1	5	1	0	0	1	0	0	0	0	0	1	0	0	0	0	0	0	0	0	0	0	1	0	0	0	0	0	0	0	0
0.03	north20_active	80	18253	1529	5243	899	406	2292	295	145	102	535	128	516	50	270	265	77	25	52	170	32	139	20	98	15	14	33	6	7	8	23	5	9	6	8	2	4	2	5	8	0	2	29	9	2	4	0	1	0	2	1	5	0	0	0	1	0	0	0	0	0	0	0	0	0	0	0	0	0	0	0	0	1	0	0	0	0	0	0	0	0
0.03	south21_all	80	10025	8997	2661	3006	2547	1074	779	604	846	371	646	380	219	169	219	154	126	105	156	107	101	62	140	43	46	49	45	54	20	19	14	25	9	8	11	13	15	22	6	6	4	5	3	1	3	0	0	0	1	1	1	1	1	1	1	0	2	2	0	0	0	0	1	0	0	1	0	2	0	0	0	0	0	0	0	0	0	1	0	0
0.03	south21_active	80	3860	7389	725	2291	2015	543	281	150	641	97	525	271	68	78	144	85	29	32	129	80	71	25	128	17	31	36	33	47	12	10	5	21	0	5	8	7	15	21	5	1	2	3	1	1	1	0	0	0	1	0	0	1	1	0	0	0	1	2	0	0	0	0	0	0	0	1	0	2	0	0	0	0	0	0	0	0	0	0	0	0
0.03	south22_all	80	10018	9215	2583	3025	2565	1112	771	621	850	363	679	398	228	174	209	143	119	112	159	120	94	50	97	43	44	45	42	39	22	23	18	29	10	8	18	14	9	23	4	9	6	2	3	4	3	0	0	0	2	3	2	1	1	1	1	0	1	2	0	0	0	0	1	1	0	1	0	1	0	0	0	0	0	0	0	0	0	1	0	0
0.03	south22_active	80	3887	7568	691	2306	2065	580	276	159	641	98	561	274	69	81	131	85	27	39	128	87	67	26	89	20	33	28	33	31	14	14	6	24	0	3	16	8	9	22	4	1	5	0	1	4	2	0	0	0	1	0	0	1	1	0	0	0	1	2	0	0	0	0	0	1	0	1	0	1	0	0	0	0	0	0	0	0	0	0	0	0
0.03	south23_all	80	9996	9245	2562	2958	2439	1124	775	626	829	346	697	422	233	175	219	130	107	106	160	124	101	53	118	41	46	44	42	55	22	25	14	20	8	6	21	19	11	25	6	7	7	2	4	8	9	0	4	0	2	5	2	1	2	3	1	0	1	2	0	0	0	0	1	3	0	1	0	1	2	0	0	0	1	0	0	0	0	0	0	0
0.03	south23_active	80	3900	7588	694	2251	1908	571	276	155	618	96	568	288	69	82	136	75	26	26	129	92	77	31	107	19	29	31	33	50	8	15	2	16	0	1	20	13	11	23	5	1	5	2	2	8	8	0	4	0	1	2	0	1	1	0	0	0	1	2	0	0	0	0	0	3	0	1	0	1	2	0	0	0	1	0	0	0	0	0	0	0
0.03	south24_all	80	9934	9198	2509	3053	2417	1121	755	606	807	344	709	432	218	171	217	132	107	109	163	125	86	51	98	33	49	38	39	56	22	23	15	19	7	6	28	11	24	10	6	6	5	5	3	7	7	2	6	0	2	5	1	1	2	3	1	0	0	3	0	1	0	0	1	3	0	1	0	1	3	0	0	0	1	0	0	0	0	0	0	0
0.03	south24_active	80	3880	7565	662	2320	1911	584	288	148	590	96	579	290	67	72	141	75	28	26	135	93	60	29	85	16	34	24	31	49	7	11	5	14	1	0	28	8	23	8	5	0	3	4	2	7	7	0	4	0	1	2	0	1	1	0	0	0	0	3	0	1	0	0	0	3	0	1	0	1	2	0	0	0	1	0	0	0	0	0	0	0
0.03	south25_all	80	10013	9036	2603	3128	2395	1120	739	603	819	358	708	408	216	182	232	135	110	100	167	113	89	51	107	29	38	39	42	68	21	15	14	21	7	7	21	12	29	13	20	5	4	7	6	4	6	3	7	0	2	4	0	0	2	3	0	0	1	1	0	1	1	0	0	2	0	0	0	0	3	0	0	0	1	0	0	0	0	0	0	0
0.03	south25_active	80	3872	7451	687	2369	1872	564	280	155	593	100	583	289	58	69	153	65	22	24	138	79	66	25	94	15	26	30	33	62	6	6	6	16	2	0	20	9	28	12	19	0	1	6	5	4	6	1	5	0	1	2	0	0	1	1	0	0	1	1	0	1	1	0	0	2	0	0	0	0	2	0	0	0	1	0	0	0	0	0	0	0
0.03	south26_all	80	10086	9157	2612	3122	2468	1090	750	571	827	358	665	404	211	192	211	138	110	87	199	113	98	53	115	33	48	38	41	61	26	19	12	21	10	7	15	11	30	10	16	5	6	9	5	2	1	4	3	0	2	3	0	0	0	1	0	0	4	1	0	1	1	0	0	0	0	0	0	0	3	0	0	0	0	0	0	0	0	0	0	0
0.03	south26_active	80	3874	7565	682	2370	1945	538	289	141	600	96	553	293	60	66	142	63	23	26	176	75	73	22	99	15	33	31	28	55	9	8	7	16	5	2	13	8	29	9	15	1	0	8	4	0	1	1	1	0	2	2	0	0	0	1	0	0	4	1	0	1	1	0	0	0	0	0	0	0	2	0	0	0	0	0	0	0	0	0	0	0
0.03	south27_all	80	10074	9205	2590	3100	2525	1089	778	590	795	354	624	400	212	171	218	149	105	97	214	121	107	51	117	35	44	45	39	61	28	19	11	24	10	4	21	12	15	20	23	6	5	7	8	6	2	2	3	0	1	3	0	0	0	2	0	2	6	3	0	1	1	0	0	1	0	0	0	0	0	0	0	0	0	0	0	0	0	0	0	0
0.03	south27_active	80	3852	7561	681	2337	1984	539	307	140	572	96	517	293	62	58	148	65	19	32	187	85	70	26	98	16	33	32	24	54	11	8	7	17	6	2	17	8	14	16	20	1	0	7	7	4	1	1	1	0	1	2	0	0	0	1	0	1	6	1	0	1	1	0	0	1	0	0	0	0	0	0	0	0	0	0	0	0	0	0	0	0
0.03	south28_all	80	10153	9364	2575	3113	2630	1050	784	592	814	382	577	400	221	162	202	155	92	94	214	114	112	51	142	44	52	56	39	77	27	19	9	26	7	5	18	14	12	20	12	5	6	5	10	6	2	2	4	1	1	2	0	0	0	4	1	2	7	2	1	0	0	0	0	1	0	0	0	0	0	0	0	0	0	0	0	0	0	0	0	0
0.03	south28_active	80	3839	7717	685	2346	2068	522	320	137	616	95	482	290	65	57	138	79	19	30	186	82	76	26	124	19	38	35	24	72	10	7	5	20	6	2	15	9	11	16	8	1	0	5	9	4	1	1	1	0	1	2	0	0	0	3	1	1	7	0	0	0	0	0	0	1	0	0	0	0	0	0	0	0	0	0	0	0	0	0	0	0
0.03	south29_all	80	10149	9238	2687	3049	2640	1115	777	596	857	399	622	392	207	168	216	152	88	97	183	118	90	54	118	52	45	62	44	75	22	19	16	25	7	7	19	7	7	21	17	6	7	4	9	6	2	1	4	4	1	2	0	0	1	4	1	3	4	2	1	0	2	3	0	1	0	0	0	0	0	0	0	0	0	0	0	0	0	0	0	0
0.03	south29_active	80	3824	7603	742	2277	2068	569	311	144	663	99	509	289	62	67	147	78	16	25	154	95	57	26	99	22	31	39	27	69	9	7	7	20	4	2	17	4	6	17	11	2	0	3	9	6	1	0	0	3	0	2	0	0	0	3	1	1	4	0	0	0	2	3	0	1	0	0	0	0	0	0	0	0	0	0	0	0	0	0	0	0
0.03	south30_all	80	10079	9082	2721	3100	2675	1119	776	596	829	405	642	381	202	187	200	157	113	100	161	97	74	58	134	47	57	74	44	76	20	22	16	21	13	13	18	10	7	23	12	4	9	6	9	6	4	1	3	5	1	3	0	0	1	4	1	1	1	0	1	0	2	3	0	0	0	0	0	0	0	0	0	0	0	0	0	0	0	0	0	0
0.03	south30_active	80	3779	7485	766	2310	2099	562	310	142	636	105	525	271	55	68	130	80	23	30	137	76	50	23	118	19	44	52	30	70	6	10	6	17	6	1	15	5	5	20	8	1	2	5	9	6	3	0	0	3	0	3	0	0	0	3	1	0	1	0	0	0	2	3	0	0	0	0	0	0	0	0	0	0	0	0	0	0	0	0	0	0
0.03	south31_all	80	9863	8499	2557	2861	2080	1064	764	619	739	368	550	360	225	161	209	147	104	92	187	98	74	59	108	38	35	44	27	45	25	8	24	28	10	9	21	7	10	17	7	4	4	6	12	12	11	0	4	2	1	3	5	0	1	3	1	2	0	1	1	0	0	0	0	0	0	0	0	0	0	0	0	1	0	0	0	0	0	0	0	0
0.03	south31_active	80	3596	6798	606	2051	1579	490	280	159	538	100	422	235	59	65	139	70	24	27	151	70	49	28	90	19	20	27	14	37	13	3	9	23	5	3	21	7	8	14	7	2	2	6	11	10	7	0	2	1	0	3	1	0	0	1	1	0	0	1	0	0	0	0	0	0	0	0	0	0	0	0	0	0	0	0	0	0	0	0	0	0
0.03	south32_all	80	9855	9019	2493	2963	2308	1104	770	604	768	382	568	347	246	208	225	142	97	89	218	101	72	70	111	33	35	59	33	38	24	13	24	24	10	11	25	10	11	37	13	5	3	6	7	9	11	1	5	3	1	3	5	0	1	3	1	1	0	1	1	0	0	2	0	0	0	0	0	0	0	0	0	0	0	0	0	0	0	0	0	0
0.03	south32_active	80	3725	7374	633	2194	1843	529	303	143	585	114	431	227	67	87	161	71	22	25	189	76	49	37	94	18	18	39	21	32	12	5	9	20	4	5	23	10	10	34	11	2	2	6	6	7	8	1	3	1	0	3	2	0	0	1	1	0	0	0	0	0	0	2	0	0	0	0	0	0	0	0	0	0	0	0	0	0	0	0	0	0
0.03	south33_all	80	9863	9288	2561	3083	2438	1112	757	606	788	374	641	389	242	218	243	140	96	87	227	114	86	65	121	29	36	56	28	51	26	12	23	32	14	11	24	8	14	37	17	4	4	6	6	9	3	1	2	3	2	0	3	0	1	1	0	1	0	2	2	0	0	2	0	0	0	0	0	0	0	0	0	0	0	0	0	0	0	0	0	0
0.03	south33_active	80	3748	7663	668	2327	1949	571	315	148	601	118	514	269	74	87	172	77	19	28	206	84	59	35	105	14	22	37	21	45	18	5	8	26	7	5	21	7	13	33	15	2	3	6	5	8	2	1	1	1	0	0	1	0	0	1	0	0	0	1	1	0	0	2	0	0	0	0	0	0	0	0	0	0	0	0	0	0	0	0	0	0
0.03	south34_all	80	9948	9360	2579	3004	2477	1098	766	606	802	374	641	405	255	196	254	148	98	100	195	104	92	67	122	29	37	48	44	50	25	14	17	28	15	12	23	8	12	37	15	3	2	3	6	7	3	1	2	3	2	1	3	1	1	1	2	1	1	2	1	0	0	2	1	0	0	0	0	0	0	1	0	0	0	0	0	0	0	0	0	0
0.03	south34_active	80	3738	7668	683	2281	1948	559	336	143	606	117	502	286	78	80	183	83	20	33	175	81	59	34	104	13	23	28	36	46	13	3	8	21	5	6	19	6	12	35	12	1	1	3	5	7	3	1	1	1	0	1	2	1	0	1	2	0	1	1	1	0	0	2	0	0	0	0	0	0	0	1	0	0	0	0	0	0	0	0	0	0
0.03	south35_all	80	9952	9399	2622	3053	2470	1100	766	590	783	370	632	417	242	178	233	150	105	95	176	101	91	55	145	31	45	45	50	60	35	13	13	24	12	8	44	7	16	31	9	3	4	4	7	7	10	0	0	3	3	3	1	1	0	1	2	1	1	3	2	0	2	0	1	0	0	1	0	0	0	1	1	0	0	0	0	0	0	0	0	0
0.03	south35_active	80	3723	7639	695	2334	1907	567	328	155	592	121	507	303	70	69	163	75	24	30	156	77	61	26	130	11	31	25	37	54	21	2	7	18	4	4	39	4	16	29	8	1	3	3	5	7	10	0	0	1	1	3	1	1	0	1	2	0	1	2	2	0	2	0	0	0	0	0	0	0	0	1	0	0	0	0	0	0	0	0	0	0
0.03	south36_all	80	9919	9288	2639	3057	2473	1124	781	583	824	362	606	403	235	166	223	162	115	103	178	91	104	48	130	39	39	58	55	60	35	13	14	17	9	6	37	11	15	7	11	4	4	3	8	6	12	0	1	1	3	3	3	1	0	0	2	1	1	2	1	0	2	0	1	0	0	1	0	0	0	1	1	0	0	0	0	1	0	0	0	0
0.03	south36_active	80	3753	7526	738	2354	1912	593	333	138	627	122	479	301	64	53	151	80	29	28	152	68	78	21	116	15	27	34	41	52	22	4	7	11	3	1	33	8	14	5	10	1	3	2	6	6	12	0	1	1	2	3	2	1	0	0	2	0	1	2	1	0	2	0	0	0	0	0	0	0	0	1	0	0	0	0	0	0	0	0	0	0
0.03	south37_all	80	9955	9104	2664	3069	2439	1150	780	589	786	374	565	391	234	186	220	166	119	100	220	81	96	38	133	46	52	60	44	59	31	13	17	20	6	8	43	11	18	7	12	6	5	8	6	4	11	0	2	0	4	3	3	0	0	1	0	0	0	4	1	0	2	0	1	0	0	1	0	1	0	0	1	0	0	0	0	1	0	0	0	0
0.03	south37_active	80	3711	7346	749	2373	1924	612	306	131	590	134	448	289	69	59	142	80	28	29	191	58	78	14	120	16	38	37	31	46	20	4	5	11	3	2	37	8	15	5	12	2	4	7	5	4	11	0	2	0	3	3	2	0	0	1	0	0	0	4	1	0	2	0	0	0	0	0	0	1	0	0	0	0	0	0	0	0	0	0	0	0
0.03	south38_all	80	9963	9125	2679	3023	2428	1144	800	600	751	369	633	384	232	210	232	153	119	84	224	82	97	34	111	44	53	65	43	51	21	13	15	21	7	8	36	13	16	7	12	3	4	8	3	3	8	0	2	2	4	2	3	0	2	1	0	1	0	4	0	0	1	1	0	0	0	0	0	1	0	0	1	0	0	0	0	1	0	0	0	0
0.03	south38_active	80	3751	7434	733	2299	1926	614	319	124	564	114	506	280	70	75	159	76	31	24	192	61	80	13	93	20	42	41	30	37	11	5	4	12	3	1	32	11	13	3	12	1	2	7	3	3	8	0	2	1	3	2	1	0	1	1	0	0	0	4	0	0	1	1	0	0	0	0	0	1	0	0	0	0	0	0	0	0	0	0	0	0
0.03	south39_all	80	9975	8982	2648	3046	2363	1112	812	593	777	375	691	403	235	206	230	153	120	84	217	98	81	40	122	40	50	59	42	42	24	10	13	14	9	11	26	16	15	6	7	5	3	7	15	1	1	1	1	2	5	0	5	0	2	1	0	1	0	4	0	0	0	1	0	1	0	0	0	1	0	0	0	0	0	0	0	1	0	0	0	0
0.03	south39_active	80	3741	7355	734	2313	1867	611	320	132	588	103	563	308	70	80	157	75	28	22	184	77	56	15	102	18	39	39	31	29	11	2	5	8	2	3	22	14	12	3	7	2	2	6	15	0	1	0	1	1	3	0	3	0	1	1	0	0	0	4	0	0	0	1	0	1	0	0	0	1	0	0	0	0	0	0	0	0	0	0	0	0
0.03	south40_all	80	10071	8993	2594	3002	2387	1107	816	586	740	384	673	405	227	190	236	143	114	88	211	111	71	39	152	37	53	47	48	61	21	13	10	15	11	11	33	17	11	6	2	4	4	3	15	1	2	2	0	2	4	0	4	0	2	1	0	1	4	2	0	0	0	1	0	1	0	0	1	0	0	0	0	0	0	0	1	0	0	0	0	0
0.03	south40_active	80	3848	7424	727	2269	1887	608	336	148	559	101	542	313	62	76	166	70	26	23	176	85	39	16	137	18	43	32	29	55	10	4	6	10	2	2	31	13	9	4	2	1	1	1	15	0	2	0	0	1	2	0	3	0	1	1	0	0	4	2	0	0	0	1	0	1	0	0	1	0	0	0	0	0	0	0	0	0	0	0	0	0
