label	Group	numOtus	Otu0	Otu1	Otu2	Otu3	Otu4	Otu5	Otu6	Otu7	Otu8	Otu9	Otu10	Otu11	Otu12	Otu13	Otu14	Otu15	Otu16	Otu17	Otu18	Otu19	Otu20	Otu21	Otu22	Otu23	Otu24	Otu25	Otu26	Otu27	Otu28	Otu29	Otu30	Otu31	Otu32	Otu33	Otu34	Otu35	Otu36	Otu37	Otu38	Otu39	Otu40	Otu41	Otu42	Otu43	Otu44	Otu45	Otu46	Otu47	Otu48	Otu49	Otu50
0.03	north1_all	80	13732	7257	2225	1455	1360	1204	866	533	365	248	178	112	166	99	75	83	48	24	49	42	14	8	5	9	9	6	3	3	1	5	3	2	0	2	0	1	1	0	1	1	0	1	1	0	0	0	0	0	0	0	0
0.03	north1_active	80	8085	4559	1118	718	776	722	538	332	207	152	89	42	108	61	50	56	25	10	24	23	8	2	2	6	7	3	1	0	1	4	0	1	0	2	0	0	0	0	0	0	0	0	1	0	0	0	0	0	0	0	0
0.03	north2_all	80	14136	7438	2286	1474	1373	1238	915	509	356	239	185	108	176	108	79	74	51	21	57	36	20	13	4	3	12	5	2	1	1	4	3	1	1	0	1	1	1	0	1	0	0	1	1	0	0	0	0	0	0	0	0
0.03	north2_active	80	8366	4738	1164	729	789	742	532	319	206	142	98	46	112	69	50	46	28	11	31	17	12	4	2	1	9	2	1	0	0	2	1	1	0	0	0	0	0	0	0	0	0	0	1	0	0	0	0	0	0	0	0
0.03	north3_all	80	14271	7350	2281	1490	1378	1290	917	489	393	267	178	96	175	98	86	79	41	20	58	31	22	17	8	3	7	4	7	1	2	3	4	1	1	0	1	1	1	1	1	0	0	0	1	0	0	0	0	0	0	0	0
0.03	north3_active	80	8551	4615	1131	736	794	807	550	308	231	166	90	40	106	61	52	50	19	9	33	14	16	7	2	1	5	1	5	0	1	2	3	1	0	0	0	0	0	0	0	0	0	0	1	0	0	0	0	0	0	0	0
0.03	north4_all	80	14174	7228	2258	1474	1386	1303	876	479	429	273	169	94	181	107	71	82	39	15	59	28	21	18	5	3	5	3	6	1	2	3	4	1	2	0	1	0	1	1	1	0	0	0	1	0	0	0	0	0	0	0	0
0.03	north4_active	80	8456	4520	1108	727	772	821	533	294	255	167	91	45	107	65	40	52	20	5	36	20	17	8	1	1	2	1	5	1	1	2	3	1	1	0	0	0	0	0	0	0	0	0	1	0	0	0	0	0	0	0	0
0.03	north5_all	80	14110	7264	2228	1510	1456	1299	893	537	430	268	167	97	151	111	63	81	40	21	53	35	20	13	6	4	3	5	6	3	3	2	4	1	1	0	0	1	0	1	1	0	0	0	0	0	0	0	0	0	0	0	0
0.03	north5_active	80	8449	4498	1101	790	824	863	550	332	261	162	90	46	89	69	39	49	18	9	38	24	17	6	1	3	1	2	5	2	2	2	3	0	1	0	0	0	0	0	0	0	0	0	0	0	0	0	0	0	0	0	0
0.03	north6_all	80	14136	7313	2232	1492	1434	1309	899	558	388	286	143	90	156	107	62	69	39	22	43	47	18	12	4	5	1	4	2	3	2	4	3	6	1	1	0	1	0	0	1	0	0	0	0	0	0	0	0	0	0	0	0
0.03	north6_active	80	8406	4518	1107	772	824	876	580	345	233	167	73	41	99	62	32	40	19	8	25	37	15	7	2	3	0	2	1	2	1	4	2	5	1	1	0	0	0	0	0	0	0	0	0	0	0	0	0	0	0	0	0
0.03	north7_all	80	14078	7333	2234	1518	1433	1299	931	582	377	296	147	78	149	92	61	66	38	21	50	46	19	8	9	6	1	7	5	3	2	7	1	6	1	3	0	1	0	0	1	0	0	0	0	0	0	0	0	0	0	0	0
0.03	north7_active	80	8378	4553	1110	794	819	874	608	370	225	166	80	34	89	51	31	37	22	12	33	34	12	7	3	3	0	3	1	1	1	5	1	5	1	3	0	0	0	0	0	0	0	0	0	0	0	0	0	0	0	0	0
0.03	north8_all	80	14127	7380	2224	1493	1451	1351	936	575	400	307	143	79	142	93	67	71	30	22	47	46	16	12	10	5	1	5	9	3	1	5	2	5	0	3	0	1	0	0	0	0	0	0	0	0	0	0	0	0	0	0	0
0.03	north8_active	80	8453	4633	1121	754	866	876	587	362	250	173	84	36	83	47	34	43	18	10	28	34	6	6	4	2	0	2	2	0	0	3	2	5	0	3	0	1	0	0	0	0	0	0	0	0	0	0	0	0	0	0	0
0.03	north9_all	80	14064	7434	2223	1485	1518	1420	911	574	458	286	153	88	150	92	67	84	30	26	53	46	16	10	11	1	1	14	14	3	6	3	1	0	0	3	0	1	1	0	0	0	0	0	0	0	0	0	0	0	0	0	0
0.03	north9_active	80	8391	4645	1105	733	929	913	568	349	289	170	90	39	98	51	37	57	16	12	32	35	5	4	4	0	0	12	7	1	0	1	1	0	0	3	0	1	0	0	0	0	0	0	0	0	0	0	0	0	0	0	0
0.03	north10_all	80	14078	7491	2209	1509	1501	1429	873	581	429	292	161	103	151	109	62	98	34	30	45	45	17	10	11	1	3	14	17	2	6	0	1	1	0	0	1	1	1	0	0	0	0	0	0	0	0	0	0	0	0	0	0
0.03	north10_active	80	8416	4675	1084	757	926	904	529	347	272	189	86	50	102	64	34	66	17	15	29	30	6	3	3	1	2	12	11	1	0	0	1	1	0	0	0	1	0	0	0	0	0	0	0	0	0	0	0	0	0	0	0
0.03	north11_all	80	13854	7370	2229	1509	1520	1285	877	544	376	264	174	91	156	105	83	69	34	28	45	38	14	9	10	4	7	7	14	2	9	0	2	0	0	2	2	0	1	0	0	1	0	1	0	0	0	1	0	0	0	1	0
0.03	north11_active	80	8359	4637	1134	783	931	788	568	337	209	160	95	39	87	61	53	48	14	12	24	27	6	5	1	0	7	2	9	2	6	0	2	0	0	1	1	0	0	0	0	1	0	1	0	0	0	0	0	0	0	0	0
0.03	north12_all	80	14108	7362	2282	1525	1460	1271	884	562	368	246	166	86	175	111	83	68	30	27	50	30	13	8	6	5	8	7	11	2	9	0	1	0	0	5	0	1	0	0	0	1	1	1	0	0	0	1	0	0	0	1	0
0.03	north12_active	80	8505	4579	1177	793	914	789	582	343	198	154	86	37	103	63	57	45	10	10	29	23	8	4	1	2	7	2	8	2	6	0	1	0	0	1	0	1	0	0	0	1	0	1	0	0	0	0	0	0	0	0	0
0.03	north13_all	80	14263	7421	2255	1509	1385	1293	893	519	377	238	156	94	188	95	77	84	21	26	41	30	17	7	5	7	7	6	12	1	6	0	0	1	1	5	0	1	0	0	0	1	2	1	0	1	1	1	0	0	0	0	0
0.03	north13_active	80	8467	4626	1153	756	863	821	592	311	207	143	80	45	116	50	46	53	7	12	27	22	8	4	2	4	5	3	9	1	6	0	0	1	1	2	0	1	0	0	0	1	0	1	0	0	1	0	0	0	0	0	0
0.03	north14_all	80	14298	7380	2275	1487	1330	1321	967	534	377	257	180	100	192	92	83	88	28	34	41	29	15	9	5	9	5	2	12	0	7	3	0	1	1	5	0	1	1	0	0	1	2	0	0	1	1	0	0	0	0	0	0
0.03	north14_active	80	8483	4626	1144	733	811	831	656	326	202	153	101	49	119	46	47	47	12	16	21	19	8	5	2	6	2	2	9	0	7	2	0	1	1	2	0	1	0	0	0	1	0	0	0	0	1	0	0	0	0	0	0
0.03	north15_all	80	14157	7468	2190	1459	1358	1338	960	540	400	245	191	91	179	93	90	86	27	30	51	49	14	10	6	11	11	4	9	0	3	4	0	2	1	2	0	0	1	0	0	0	1	0	0	1	1	0	0	0	0	0	0
0.03	north15_active	80	8391	4756	1098	709	818	816	641	333	227	146	115	42	120	51	52	47	12	16	25	34	8	7	2	6	5	4	7	0	3	2	0	2	1	2	0	0	0	0	0	0	0	0	0	0	1	0	0	0	0	0	0
0.03	north16_all	80	14104	7624	2274	1523	1353	1352	920	559	420	253	207	102	179	97	82	78	39	28	60	50	14	9	7	10	13	6	10	3	5	4	1	3	0	3	0	0	1	0	0	0	1	0	0	0	0	0	0	0	0	0	0
0.03	north16_active	80	8439	4855	1131	765	815	839	614	338	253	151	124	49	126	51	47	41	21	13	28	30	9	6	3	4	7	5	5	2	3	2	1	3	0	2	0	0	0	0	0	0	0	0	0	0	0	0	0	0	0	0	0
0.03	north17_all	80	14050	7579	2341	1526	1393	1335	867	524	451	261	198	98	169	95	75	81	44	21	48	47	16	10	7	9	12	5	10	3	7	3	1	2	1	7	0	0	0	0	0	0	0	0	0	0	0	0	0	0	0	0	0
0.03	north17_active	80	8285	4814	1182	766	862	838	553	312	284	147	113	44	117	56	45	55	27	11	24	28	11	6	3	2	6	4	5	2	3	2	1	2	1	6	0	0	0	0	0	0	0	0	0	0	0	0	0	0	0	0	0
0.03	north18_all	80	14122	7464	2304	1538	1388	1294	869	545	457	262	188	99	198	90	67	73	53	25	38	29	18	13	8	9	9	5	6	4	7	2	1	5	1	7	0	0	0	0	0	0	0	0	0	0	0	0	0	1	0	0	0
0.03	north18_active	80	8360	4748	1159	762	845	834	548	332	291	142	96	47	129	50	44	46	33	15	20	13	11	6	3	2	4	3	2	2	3	0	1	4	1	6	0	0	0	0	0	0	0	0	0	0	0	0	0	1	0	0	0
0.03	north19_all	80	14234	7306	2280	1527	1423	1276	883	528	445	251	158	101	184	85	60	70	47	28	29	27	20	12	6	7	7	4	3	5	8	3	1	3	1	7	0	0	0	0	0	0	0	0	0	0	0	0	0	1	0	0	0
0.03	north19_active	80	8366	4588	1152	780	875	840	531	330	284	131	72	40	118	53	39	42	29	15	15	15	10	7	2	2	4	3	2	1	4	1	1	2	1	7	0	0	0	0	0	0	0	0	0	0	0	0	0	1	0	0	0
0.03	north20_all	80	14331	7448	2281	1458	1432	1260	907	550	412	259	143	111	168	112	75	60	41	27	35	35	21	8	5	10	5	8	4	3	2	4	2	3	0	1	0	0	0	0	0	0	0	0	0	0	0	0	0	1	0	0	0
0.03	north20_active	80	8520	4681	1120	764	837	825	557	345	264	140	65	50	109	77	52	36	25	17	19	24	9	5	1	3	2	7	1	0	2	2	1	2	0	1	0	0	0	0	0	0	0	0	0	0	0	0	0	1	0	0	0
0.03	south21_all	80	13959	7529	2187	1520	1358	1310	868	545	398	274	194	92	154	118	80	84	46	23	59	43	11	8	13	9	6	19	7	2	3	4	1	0	0	2	0	4	0	0	0	0	1	0	0	0	0	0	0	0	0	0	1
0.03	south21_active	80	8373	4646	1094	776	818	825	550	309	248	175	93	40	98	68	42	52	22	10	39	34	6	3	7	7	4	12	5	0	2	3	0	0	0	0	0	3	0	0	0	0	1	0	0	0	0	0	0	0	0	0	0
0.03	south22_all	80	14139	7528	2257	1510	1323	1309	907	575	421	275	179	89	150	129	82	79	42	22	45	49	9	7	15	9	4	16	9	2	3	3	2	0	0	2	0	2	0	1	0	0	1	0	0	0	0	0	0	0	0	0	1
0.03	south22_active	80	8496	4720	1141	773	789	795	579	361	248	170	88	40	92	74	49	50	21	9	29	40	3	2	5	5	3	9	8	0	2	3	1	0	0	0	0	1	0	0	0	0	1	0	0	0	0	0	0	0	0	0	0
0.03	south23_all	80	14097	7641	2247	1438	1355	1331	892	568	408	258	175	91	133	115	88	84	39	27	56	45	10	8	8	6	3	21	7	2	3	4	2	1	0	2	0	0	0	1	0	0	0	0	0	0	0	0	0	0	0	0	0
0.03	south23_active	80	8485	4829	1149	721	790	808	561	358	237	159	85	44	80	68	51	54	21	9	33	37	4	4	1	3	1	12	5	0	2	3	1	1	0	0	0	0	0	0	0	0	0	0	0	0	0	0	0	0	0	0	0
0.03	south24_all	80	14177	7583	2267	1495	1324	1292	883	597	390	247	181	97	130	120	75	74	37	31	53	34	9	5	7	5	3	14	10	2	6	3	1	2	0	2	0	0	1	1	0	0	0	0	0	0	0	0	0	0	0	0	0
0.03	south24_active	80	8511	4800	1189	756	775	807	561	385	209	141	91	45	68	71	46	47	21	12	31	25	3	4	1	2	1	9	9	0	2	2	1	2	0	0	0	0	1	0	0	0	0	0	0	0	0	0	0	0	0	0	0
0.03	south25_all	80	14180	7568	2251	1521	1330	1243	869	554	376	249	189	103	148	108	70	65	36	27	54	32	8	7	2	4	5	12	12	2	7	4	1	3	0	0	0	1	1	1	0	0	0	0	0	0	0	0	0	0	0	0	0
0.03	south25_active	80	8495	4815	1157	778	790	822	549	350	207	134	104	48	76	60	35	43	15	9	36	23	4	5	1	1	3	8	9	0	4	3	0	3	0	0	0	0	1	0	0	0	0	0	0	0	0	0	0	0	0	0	0
0.03	south26_all	80	14039	7485	2289	1533	1309	1312	860	532	377	237	187	105	141	96	68	64	29	29	52	33	9	11	3	9	4	16	8	2	7	6	1	2	0	0	2	1	1	1	0	0	0	0	0	0	0	0	0	0	0	0	0
0.03	south26_active	80	8437	4673	1158	784	777	861	544	345	214	124	107	51	73	50	38	36	12	11	36	25	5	5	2	1	3	12	6	0	4	3	0	2	0	0	0	0	1	1	0	0	0	0	0	0	0	0	0	0	0	0	0
0.03	south27_all	80	14015	7519	2268	1531	1353	1326	883	555	393	238	155	103	145	95	76	54	32	23	40	29	7	13	7	10	5	14	6	2	6	5	1	2	1	0	2	1	0	1	0	0	0	0	0	0	0	0	0	0	0	0	0
0.03	south27_active	80	8395	4687	1135	785	794	855	559	348	237	136	87	47	80	52	49	27	12	11	28	21	4	4	6	2	3	12	3	0	5	3	0	2	0	0	0	0	0	1	0	0	0	0	0	0	0	0	0	0	0	0	0
0.03	south28_all	80	14158	7595	2222	1514	1392	1382	884	544	355	241	156	94	135	98	93	61	38	30	37	32	9	14	11	10	4	13	7	2	5	4	1	1	1	1	3	1	1	1	0	0	0	0	0	0	0	0	0	0	0	0	0
0.03	south28_active	80	8459	4741	1132	775	819	893	548	319	223	140	81	38	83	53	56	27	12	16	29	23	6	4	7	2	2	11	5	1	5	1	0	1	0	0	1	0	1	1	0	0	0	0	0	0	0	0	0	0	0	0	0
0.03	south29_all	80	13885	7212	2243	1477	1400	1281	866	547	354	239	157	102	134	100	92	58	38	28	34	35	13	13	10	11	3	9	13	3	2	2	1	1	1	1	2	1	1	0	0	0	0	1	0	0	0	0	0	0	0	0	0
0.03	south29_active	80	8224	4451	1113	740	803	842	535	315	241	140	78	41	77	57	59	27	15	14	26	24	8	5	6	5	1	8	11	2	1	1	1	1	0	0	1	1	1	0	0	0	0	1	0	0	0	0	0	0	0	0	0
0.03	south30_all	80	13159	6925	2191	1452	1395	1162	817	513	353	232	156	106	134	95	84	54	35	24	32	41	18	11	8	11	1	3	12	4	2	1	1	0	0	1	1	1	2	0	1	0	0	1	0	0	0	0	0	0	0	0	0
0.03	south30_active	80	7622	4258	1060	711	795	746	521	295	229	129	82	45	85	53	55	27	15	11	26	25	11	4	4	5	0	1	10	3	1	0	1	0	0	0	1	1	1	0	1	0	0	1	0	0	0	0	0	0	0	0	0
0.03	south31_all	80	14019	7217	2280	1463	1356	1384	894	606	376	276	167	92	190	103	78	88	44	25	38	28	13	11	6	7	9	9	9	1	8	4	1	1	0	0	2	0	0	1	0	0	0	0	0	0	1	0	0	0	0	0	0
0.03	south31_active	80	8374	4551	1103	778	783	911	558	376	230	153	98	49	131	63	46	61	25	11	23	17	6	5	1	2	3	4	8	0	7	3	0	1	0	0	0	0	0	0	0	0	0	0	0	0	1	0	0	0	0	0	0
0.03	south32_all	80	14169	7147	2230	1439	1390	1325	856	605	364	285	170	105	173	117	68	92	35	35	42	29	14	17	7	8	8	9	8	0	4	3	1	1	0	1	2	0	0	1	0	0	0	0	0	0	0	0	0	0	0	0	0
0.03	south32_active	80	8444	4457	1065	738	769	877	556	367	208	156	94	53	113	73	42	63	21	15	31	17	6	6	1	3	3	2	6	0	3	2	0	1	0	0	0	0	0	0	0	0	0	0	0	0	0	0	0	0	0	0	0
0.03	south33_all	80	14135	7279	2226	1487	1367	1361	822	621	404	269	173	97	164	122	69	103	44	43	46	32	13	18	5	9	6	7	5	1	4	0	1	2	1	1	0	0	0	1	1	0	0	0	0	0	0	0	0	0	1	0	0
0.03	south33_active	80	8387	4635	1076	766	763	900	520	383	234	150	94	50	105	76	38	67	19	20	34	23	5	7	1	6	1	3	4	0	3	0	1	2	0	0	0	0	0	0	0	0	0	0	0	0	0	0	0	0	0	0	0
0.03	south34_all	80	14251	7273	2205	1552	1386	1299	837	630	424	254	171	100	162	123	76	101	43	47	48	35	11	19	4	9	6	4	7	1	3	0	2	1	1	1	0	0	0	0	1	0	0	0	0	0	0	0	0	0	1	0	0
0.03	south34_active	80	8491	4579	1066	814	782	815	534	383	250	153	96	47	99	71	40	68	20	19	37	23	4	7	1	6	0	1	4	0	3	0	2	1	0	0	0	0	0	0	0	0	0	0	0	0	0	0	0	0	0	0	0
0.03	south35_all	80	14185	7304	2155	1585	1339	1291	903	635	432	233	176	88	154	122	81	90	47	42	49	45	11	11	3	7	6	6	2	1	4	0	2	2	1	0	2	2	0	0	2	1	0	0	0	0	0	0	0	0	1	0	0
0.03	south35_active	80	8488	4590	1058	814	774	812	569	393	268	143	100	43	99	71	39	59	24	19	33	32	4	5	1	5	0	2	0	0	4	0	2	1	0	0	1	1	0	0	0	0	0	0	0	0	0	0	0	0	0	0	0
0.03	south36_all	80	14125	7365	2195	1622	1358	1297	918	598	425	220	180	87	153	116	86	73	39	41	55	44	11	13	3	11	6	5	4	1	4	0	2	2	0	0	2	2	0	0	2	1	0	0	1	0	0	0	0	0	0	0	0
0.03	south36_active	80	8429	4632	1063	839	803	819	580	362	271	139	111	40	98	63	38	42	20	18	35	24	5	5	1	4	0	2	1	0	3	0	2	1	0	0	1	1	0	0	0	0	0	0	1	0	0	0	0	0	0	0	0
0.03	south37_all	80	14183	7309	2223	1560	1383	1334	874	573	381	243	165	84	175	103	93	70	31	37	50	50	13	11	5	12	8	6	7	1	5	0	0	1	0	0	2	2	0	1	1	1	0	0	1	0	0	0	0	0	0	0	0
0.03	south37_active	80	8465	4580	1069	800	827	851	523	365	239	145	99	41	112	51	50	36	16	21	24	34	8	4	2	5	2	2	2	0	4	0	0	0	0	0	1	1	0	0	0	0	0	0	1	0	0	0	0	0	0	0	0
0.03	south38_all	80	13930	7157	2211	1449	1405	1345	856	541	382	255	172	98	172	111	90	72	33	30	43	46	11	10	4	12	8	10	8	1	4	0	1	3	1	1	1	1	2	1	1	0	0	0	1	0	0	0	0	0	0	0	0
0.03	south38_active	80	8273	4504	1068	717	840	870	512	329	235	154	105	53	105	48	49	37	17	16	19	30	6	4	2	5	3	5	3	0	2	0	1	2	0	1	0	0	0	0	0	0	0	0	1	0	0	0	0	0	0	0	0
0.03	south39_all	80	13433	6689	2188	1387	1351	1304	787	520	376	255	150	103	196	119	83	67	29	27	47	41	11	6	5	9	7	11	9	2	5	0	3	4	1	1	1	1	3	2	0	0	0	1	0	0	0	0	0	0	0	0	1
0.03	south39_active	80	7788	4167	1068	714	792	827	462	305	224	147	81	61	107	45	46	38	15	11	30	28	5	4	2	6	4	4	5	1	3	0	2	3	0	1	0	1	1	0	0	0	0	1	0	0	0	0	0	0	0	0	1
0.03	south40_all	80	12995	6430	2122	1347	1321	1204	737	487	352	225	167	106	164	103	71	55	34	20	38	38	12	8	5	7	6	12	4	2	3	0	4	4	1	1	1	2	3	2	0	0	0	1	0	0	0	0	1	0	0	0	1
0.03	south40_active	80	7450	3956	1006	677	752	732	432	282	203	123	92	60	86	45	40	31	18	5	29	30	3	4	2	4	4	4	3	2	2	0	2	3	0	1	0	2	1	0	0	0	0	1	0	0	0	0	1	0	0	0	1
