label	Group	numOtus	Otu0	Otu1	Otu2	Otu3	Otu4	Otu5	Otu6	Otu7	Otu8	Otu9	Otu10	Otu11	Otu12	Otu13	Otu14	Otu15	Otu16	Otu17	Otu18	Otu19	Otu20	Otu21	Otu22	Otu23	Otu24	Otu25	Otu26	Otu27	Otu28	Otu29	Otu30	Otu31	Otu32	Otu33	Otu34	Otu35	Otu36	Otu37	Otu38	Otu39	Otu40	Otu41	Otu42	Otu43	Otu44	Otu45	Otu46	Otu47	Otu48	Otu49	Otu50	Otu51	Otu52	Otu53	Otu54	Otu55	Otu56	Otu57	Otu58	Otu59	Otu60	Otu61	Otu62	Otu63	Otu64	Otu65	Otu66	Otu67	Otu68	Otu69	Otu70	Otu71	Otu72	Otu73	Otu74	Otu75	Otu76	Otu77	Otu78	Otu79	Otu80	Otu81	Otu82	Otu83	Otu84	Otu85	Otu86	Otu87	Otu88	Otu89	Otu90	Otu91	Otu92	Otu93	Otu94	Otu95	Otu96	Otu97	Otu98	Otu99	Otu100	Otu101	Otu102	Otu103	Otu104	Otu105	Otu106	Otu107	Otu108	Otu109	Otu110	Otu111	Otu112	Otu113	Otu114	Otu115	Otu116	Otu117	Otu118	Otu119	Otu120	Otu121	Otu122	Otu123	Otu124	Otu125	Otu126	Otu127	Otu128	Otu129	Otu130	Otu131	Otu132	Otu133	Otu134	Otu135	Otu136	Otu137	Otu138	Otu139	Otu140	Otu141	Otu142	Otu143	Otu144	Otu145	Otu146	Otu147	Otu148	Otu149	Otu150	Otu151	Otu152	Otu153	Otu154	Otu155	Otu156	Otu157	Otu158	Otu159	Otu160	Otu161	Otu162	Otu163	Otu164	Otu165	Otu166	Otu167	Otu168	Otu169	Otu170	Otu171	Otu172	Otu173	Otu174	Otu175	Otu176	Otu177	Otu178	Otu179	Otu180	Otu181	Otu182	Otu183	Otu184	Otu185	Otu186	Otu187	Otu188	Otu189	Otu190	Otu191	Otu192	Otu193	Otu194
0.03	north1_all	80	3745	2705	1457	630	559	1069	685	497	725	336	271	151	182	168	190	99	140	195	101	87	124	94	71	58	80	82	115	50	54	81	44	39	29	61	28	29	36	26	15	15	40	43	21	47	21	18	18	44	16	11	15	10	36	9	9	12	13	5	10	7	20	10	24	12	4	6	5	12	5	23	10	4	6	7	2	4	3	2	4	3	1	4	1	1	7	3	2	2	2	3	5	4	0	2	0	1	1	12	1	1	2	2	3	0	1	1	1	2	2	0	2	0	2	0	0	1	1	2	1	0	0	3	0	0	3	0	0	1	0	1	0	0	0	0	0	1	1	0	0	0	2	0	1	1	0	0	0	0	1	0	0	0	0	0	1	0	0	0	0	0	0	0	1	0	0	0	0	0	0	0	0	0	0	0	0	0	0	1	0	0	0	0	2	0	0	1	0	0	0	0	0	0	1	0	1
0.03	north1_active	80	2015	1716	860	295	276	701	410	290	501	198	157	66	107	85	121	44	75	138	58	38	78	53	34	27	50	46	75	25	22	54	22	22	15	41	15	17	20	15	8	6	21	20	13	33	16	11	13	28	12	7	6	6	26	8	5	9	8	5	6	3	14	5	12	8	1	0	4	5	2	17	7	4	1	3	1	1	2	1	2	1	0	4	0	0	6	3	2	2	0	3	2	1	0	1	0	1	1	11	0	1	1	2	3	0	0	0	1	2	1	0	1	0	2	0	0	0	1	2	0	0	0	0	0	0	2	0	0	0	0	1	0	0	0	0	0	0	1	0	0	0	2	0	1	1	0	0	0	0	1	0	0	0	0	0	1	0	0	0	0	0	0	0	0	0	0	0	0	0	0	0	0	0	0	0	0	0	0	1	0	0	0	0	2	0	0	1	0	0	0	0	0	0	1	0	1
0.03	north2_all	80	3795	2713	1444	669	564	1164	692	516	757	376	275	161	212	145	222	96	148	205	104	85	121	102	69	57	72	94	121	49	48	98	43	41	27	81	27	33	46	28	16	15	45	45	20	42	22	20	19	39	21	17	16	12	35	14	10	19	16	5	10	8	21	6	25	10	5	8	6	6	8	20	15	5	7	5	1	2	3	4	3	1	2	4	0	4	6	3	2	2	2	12	4	5	1	3	1	0	1	12	2	0	1	1	5	0	1	1	0	1	2	0	1	0	2	1	1	0	0	2	2	0	0	0	0	0	2	1	0	1	0	1	0	0	0	0	0	4	2	0	0	0	0	0	1	1	0	0	0	1	1	0	0	0	0	0	0	0	0	0	0	0	0	0	0	0	0	0	0	0	0	0	0	0	0	0	0	0	0	2	0	0	0	0	2	0	0	1	0	0	0	0	0	0	1	0	1
0.03	north2_active	80	2047	1728	863	298	286	783	419	302	507	244	155	80	133	79	138	43	75	140	61	38	76	52	30	27	40	62	83	23	22	56	22	23	17	51	14	18	23	18	5	7	27	23	11	30	17	11	11	23	15	10	10	7	24	11	7	12	11	3	7	3	17	4	16	6	1	1	5	3	4	13	8	3	2	3	1	0	2	2	1	1	1	4	0	1	4	3	2	2	0	11	1	1	0	1	0	0	1	11	0	0	0	1	4	0	0	0	0	1	1	0	1	0	2	0	1	0	0	1	1	0	0	0	0	0	2	0	0	0	0	1	0	0	0	0	0	2	1	0	0	0	0	0	1	1	0	0	0	0	1	0	0	0	0	0	0	0	0	0	0	0	0	0	0	0	0	0	0	0	0	0	0	0	0	0	0	0	0	1	0	0	0	0	2	0	0	1	0	0	0	0	0	0	1	0	1
0.03	north3_all	80	3691	2723	1491	631	548	1185	682	504	833	358	266	161	210	152	221	95	135	183	115	99	121	98	59	60	76	97	118	52	46	105	43	48	22	84	35	33	41	25	17	18	35	48	31	42	25	26	17	36	22	12	15	14	23	14	14	20	13	5	12	8	16	5	29	7	6	13	10	9	8	19	16	5	5	5	2	1	7	4	4	0	1	5	1	7	4	4	1	0	2	13	2	2	2	4	1	1	1	13	3	1	3	1	2	0	1	1	0	0	3	0	0	0	2	3	3	0	0	2	3	1	0	0	0	1	2	1	0	1	0	1	0	0	0	0	0	4	2	0	0	0	0	0	2	0	1	0	0	1	0	0	0	0	0	0	0	0	0	0	0	0	0	0	0	0	0	0	0	0	0	0	0	0	0	0	0	1	0	1	0	0	0	0	2	0	0	0	0	0	0	0	0	0	1	0	1
0.03	north3_active	80	1980	1759	900	284	279	819	430	289	555	231	150	75	127	86	134	39	69	120	75	53	75	48	25	32	46	67	80	27	22	66	22	29	11	55	17	20	18	14	4	6	23	34	18	30	18	14	8	17	14	8	8	8	13	8	8	14	7	3	8	3	13	4	17	5	2	5	9	6	4	13	8	2	2	3	2	0	6	1	2	0	1	4	0	2	2	3	1	0	0	12	1	0	1	1	0	0	0	12	0	0	1	1	1	0	0	0	0	0	2	0	0	0	2	2	3	0	0	1	1	1	0	0	0	0	2	0	0	0	0	1	0	0	0	0	0	2	1	0	0	0	0	0	2	0	1	0	0	0	0	0	0	0	0	0	0	0	0	0	0	0	0	0	0	0	0	0	0	0	0	0	0	0	0	0	0	0	0	0	0	0	0	0	2	0	0	0	0	0	0	0	0	0	1	0	1
0.03	north4_all	80	3709	2721	1518	623	539	1166	691	506	818	364	300	167	213	143	220	90	133	166	120	95	123	106	56	59	68	94	103	46	47	118	38	53	25	74	39	39	42	20	18	18	28	43	27	33	30	19	23	38	18	11	16	12	26	20	14	18	15	7	7	11	20	4	21	4	5	10	13	14	10	29	17	7	6	9	4	1	6	4	6	0	1	4	4	10	4	2	1	0	3	15	2	8	2	3	1	7	1	4	2	6	2	1	2	3	0	1	1	0	2	0	0	0	0	3	3	0	1	7	4	1	0	1	0	1	0	1	2	1	0	0	0	1	1	0	0	4	2	0	0	0	0	0	1	0	1	0	0	1	0	0	0	0	0	0	0	0	0	0	0	1	1	0	0	0	0	0	0	0	0	0	0	0	0	0	0	1	0	1	0	0	0	0	0	0	0	0	0	0	0	0	0	0	0	0	1
0.03	north4_active	80	2035	1716	929	282	285	791	449	304	521	218	177	81	123	71	131	34	65	101	82	48	80	53	19	29	40	67	67	22	24	74	24	33	11	44	18	21	19	10	6	4	21	36	16	25	20	7	13	28	11	6	9	7	19	9	8	12	9	3	4	6	15	3	11	2	2	6	9	13	7	24	7	3	2	5	2	1	6	1	3	0	1	2	0	5	2	1	1	0	2	13	1	6	1	0	0	6	0	4	0	1	1	1	1	3	0	1	0	0	1	0	0	0	0	2	3	0	1	1	1	1	0	1	0	0	0	0	2	0	0	0	0	1	0	0	0	2	1	0	0	0	0	0	1	0	1	0	0	0	0	0	0	0	0	0	0	0	0	0	0	0	0	0	0	0	0	0	0	0	0	0	0	0	0	0	0	0	0	0	0	0	0	0	0	0	0	0	0	0	0	0	0	0	0	0	1
0.03	north5_all	80	3726	2817	1489	574	536	1246	698	514	845	347	305	164	210	153	202	91	115	171	122	106	123	119	57	59	80	92	113	51	56	95	35	55	29	76	42	37	42	17	24	19	22	39	32	38	29	17	23	38	19	7	16	9	32	21	10	10	14	8	5	10	18	6	24	4	5	12	12	16	13	26	7	6	7	10	4	2	6	5	8	0	1	3	5	7	3	3	2	1	4	12	1	9	2	3	1	9	1	10	1	13	3	0	1	3	0	2	1	0	3	0	0	0	2	3	6	1	1	5	2	1	5	1	0	1	0	2	2	0	0	0	0	1	1	0	0	1	0	0	0	1	0	0	1	0	1	2	0	1	3	0	0	0	0	0	0	0	0	0	0	1	1	0	0	0	0	0	0	0	0	0	0	0	1	0	0	1	0	0	0	0	0	0	0	0	1	0	0	0	0	0	0	0	0	0	0
0.03	north5_active	80	2046	1750	905	270	284	855	460	329	563	200	188	78	117	76	123	40	52	106	75	51	75	56	25	28	48	67	78	26	31	60	21	32	9	57	19	19	24	6	11	8	16	29	21	28	19	7	15	26	9	4	7	5	22	10	4	7	6	5	1	6	12	2	17	1	2	8	8	13	8	22	3	3	1	4	2	1	6	0	5	0	1	1	0	4	3	1	1	0	2	11	1	8	1	0	0	8	0	4	0	7	2	0	0	3	0	2	0	0	1	0	0	0	2	2	6	1	1	0	0	1	5	1	0	0	0	1	2	0	0	0	0	1	0	0	0	0	0	0	0	0	0	0	1	0	1	1	0	0	0	0	0	0	0	0	0	0	0	0	0	0	0	0	0	0	0	0	0	0	0	0	0	0	1	0	0	0	0	0	0	0	0	0	0	0	0	0	0	0	0	0	0	0	0	0	0
0.03	north6_all	80	3797	2809	1520	579	536	1262	662	539	792	344	309	166	223	157	206	89	129	157	115	97	129	137	79	63	85	78	95	47	59	81	34	60	28	66	51	33	46	15	29	19	26	45	29	38	31	26	34	56	14	9	11	10	33	22	11	11	12	7	6	12	26	6	16	10	2	4	8	24	12	35	5	7	9	7	4	3	5	4	8	0	2	3	4	7	4	3	3	1	3	5	2	9	0	4	1	11	1	7	1	16	1	1	0	3	0	3	2	0	2	1	1	0	2	0	5	2	1	5	1	0	5	1	0	0	0	1	3	0	1	0	0	1	1	1	7	1	0	0	0	1	0	0	0	0	0	2	0	1	5	0	3	0	0	0	0	5	0	0	0	1	1	0	0	0	0	0	0	0	0	0	0	0	1	0	0	0	0	0	0	0	0	0	0	0	1	0	0	0	0	0	0	0	0	0	0
0.03	north6_active	80	2097	1738	901	273	270	836	408	344	518	184	196	85	129	78	124	42	62	97	69	47	73	66	36	25	49	54	63	20	33	45	22	35	9	51	28	18	29	6	15	9	15	32	20	25	17	16	24	45	5	4	5	7	21	10	3	7	8	3	1	8	13	2	11	5	1	4	4	19	5	30	2	4	2	2	2	2	5	1	4	0	1	1	0	3	3	1	1	0	2	3	2	8	0	2	0	9	0	0	0	10	1	0	0	3	0	2	0	0	0	1	0	0	2	0	5	2	1	0	0	0	5	1	0	0	0	1	3	0	0	0	0	1	0	0	0	0	0	0	0	0	0	0	0	0	0	1	0	0	2	0	0	0	0	0	0	5	0	0	0	0	0	0	0	0	0	0	0	0	0	0	0	0	1	0	0	0	0	0	0	0	0	0	0	0	0	0	0	0	0	0	0	0	0	0	0
0.03	north7_all	80	3687	2760	1522	607	542	1252	650	537	787	360	279	168	221	157	183	92	124	162	113	89	119	129	84	66	86	78	116	38	63	88	36	46	29	63	48	28	42	17	29	20	36	54	41	46	26	30	29	52	17	10	11	9	32	16	12	12	14	8	3	8	22	9	19	8	3	5	3	20	9	22	2	5	9	3	1	3	1	5	9	3	3	0	4	4	4	4	3	2	2	3	4	2	0	4	2	10	0	7	0	11	1	1	0	0	0	3	1	1	1	3	1	1	2	0	4	5	1	5	1	1	5	6	0	0	0	1	1	0	1	0	0	1	0	1	7	0	2	0	0	1	0	0	0	0	0	2	0	3	5	0	3	0	0	0	0	5	0	0	0	0	0	0	0	0	0	0	0	0	0	0	1	0	1	0	0	0	0	0	0	0	0	0	0	0	1	0	0	0	0	0	0	0	0	0	0
0.03	north7_active	80	1985	1705	911	286	266	816	394	356	504	197	178	88	129	85	110	44	70	104	54	44	68	56	41	33	51	49	74	17	34	53	21	26	10	48	25	15	26	9	18	12	22	40	27	25	13	22	18	43	8	4	4	5	19	8	4	5	10	4	0	5	11	2	16	4	1	5	1	14	2	19	1	4	3	0	1	2	1	2	5	1	1	0	1	0	2	0	1	1	1	2	4	2	0	2	0	7	0	0	0	10	1	0	0	0	0	2	0	1	0	2	0	0	2	0	4	4	1	0	0	0	5	0	0	0	0	1	1	0	0	0	0	1	0	0	0	0	2	0	0	0	0	0	0	0	0	1	0	2	2	0	0	0	0	0	0	5	0	0	0	0	0	0	0	0	0	0	0	0	0	0	0	0	1	0	0	0	0	0	0	0	0	0	0	0	0	0	0	0	0	0	0	0	0	0	0
0.03	north8_all	80	3727	2654	1540	646	568	1266	664	544	772	359	276	185	206	157	179	100	147	183	113	92	116	103	90	66	73	76	103	44	53	84	33	47	26	61	45	34	46	21	24	24	38	53	37	40	30	30	28	43	13	13	9	8	35	13	10	12	13	6	6	6	28	8	19	11	3	6	3	24	10	22	6	3	6	2	1	4	1	11	8	3	2	0	3	8	6	4	3	1	1	2	5	0	1	3	2	4	1	4	0	7	1	2	10	1	0	1	1	1	1	3	1	1	0	0	0	6	1	0	0	1	5	6	0	0	1	0	1	0	1	0	0	0	0	1	7	0	3	0	0	0	0	0	0	0	0	2	0	3	3	0	3	0	0	0	0	5	0	0	0	0	0	0	0	0	0	0	0	0	0	0	1	0	0	0	0	0	0	0	0	0	0	0	0	0	1	0	0	0	0	0	0	0	0	0	0
0.03	north8_active	80	2049	1663	924	332	285	846	386	358	504	201	165	97	112	82	104	43	88	124	62	41	61	45	46	31	43	43	71	22	24	46	19	26	11	37	22	23	32	12	15	13	22	39	24	20	16	22	16	35	8	6	3	5	19	4	2	6	9	2	2	3	16	2	11	6	0	5	2	18	3	19	5	3	4	0	1	3	0	9	5	1	0	0	2	4	2	1	1	1	0	1	3	0	0	2	0	1	0	3	0	6	1	0	9	1	0	0	0	1	0	2	0	0	0	0	0	5	1	0	0	0	5	0	0	0	0	0	1	0	0	0	0	0	0	0	0	0	2	0	0	0	0	0	0	0	0	1	0	2	2	0	0	0	0	0	0	5	0	0	0	0	0	0	0	0	0	0	0	0	0	0	0	0	0	0	0	0	0	0	0	0	0	0	0	0	0	0	0	0	0	0	0	0	0	0	0
0.03	north9_all	80	3689	2741	1477	646	572	1202	673	567	812	354	285	199	204	159	211	107	157	180	130	100	100	89	94	60	73	90	114	36	51	94	33	39	27	52	38	31	47	29	22	26	51	54	38	49	28	36	27	30	15	14	6	9	37	12	13	11	13	6	7	7	19	7	15	12	2	5	2	15	8	16	5	5	4	6	1	4	2	9	6	3	2	0	3	8	6	4	2	4	0	1	4	1	3	1	2	4	1	5	0	3	0	3	10	1	0	1	0	1	1	3	0	1	0	0	0	5	2	0	0	1	2	6	0	1	1	1	1	0	1	0	0	0	0	0	6	1	3	0	0	0	0	0	0	0	0	0	0	2	1	0	3	0	0	0	0	9	0	0	0	0	0	0	0	0	7	0	0	0	0	0	1	0	0	0	0	0	0	0	0	0	0	0	0	3	0	0	0	0	0	0	0	0	0	0	0
0.03	north9_active	80	2029	1727	867	331	295	829	379	369	545	208	173	99	106	85	123	49	103	118	67	45	52	40	48	26	42	50	74	21	28	52	21	23	13	28	17	21	30	16	14	13	36	37	22	30	18	29	11	14	11	6	2	6	24	2	6	4	8	3	4	4	13	2	9	7	0	3	2	13	7	12	5	2	3	2	1	3	0	8	3	1	0	0	2	7	2	1	2	2	0	1	2	0	1	1	1	1	0	3	0	3	0	1	9	1	0	1	0	1	1	1	0	0	0	0	0	4	2	0	0	0	2	0	0	0	0	0	1	0	0	0	0	0	0	0	0	0	2	0	0	0	0	0	0	0	0	0	0	2	0	0	0	0	0	0	0	9	0	0	0	0	0	0	0	0	0	0	0	0	0	0	0	0	0	0	0	0	0	0	0	0	0	0	0	3	0	0	0	0	0	0	0	0	0	0	0
0.03	north10_all	80	3785	2751	1470	658	600	1135	687	549	815	324	316	196	192	156	205	111	154	191	134	118	102	83	92	57	87	89	120	44	50	91	32	36	24	62	42	37	52	29	21	22	53	44	30	49	29	29	24	37	12	17	8	8	43	14	10	16	16	12	8	10	28	10	15	14	5	2	5	16	18	15	9	7	3	7	2	3	4	10	3	4	0	1	5	9	7	2	1	3	2	3	3	1	5	1	1	1	1	5	1	2	0	3	11	2	2	1	0	0	1	3	1	1	1	0	1	1	2	0	0	0	2	6	0	1	1	1	0	0	0	1	0	0	0	1	0	1	1	0	0	0	0	0	0	0	0	0	0	0	1	0	0	0	0	0	0	4	0	0	0	0	0	0	0	0	7	0	0	0	0	0	0	0	0	0	0	0	0	0	0	0	0	1	0	3	0	0	0	0	0	0	0	0	0	0	0
0.03	north10_active	80	2080	1728	851	345	290	783	407	345	563	187	196	100	100	83	126	54	95	129	77	63	60	45	50	24	51	48	84	18	24	52	19	19	13	39	21	27	32	14	12	11	38	32	19	35	17	18	9	10	8	9	5	4	28	5	6	8	9	7	4	7	22	4	7	9	2	0	3	12	10	13	8	2	2	3	1	1	0	8	3	2	0	0	3	7	4	2	1	1	0	2	1	0	1	1	1	1	0	3	0	2	0	2	9	1	1	1	0	0	1	1	1	0	0	0	0	1	2	0	0	0	2	0	0	0	0	0	0	0	0	0	0	0	0	0	0	0	0	0	0	0	0	0	0	0	0	0	0	0	0	0	0	0	0	0	0	4	0	0	0	0	0	0	0	0	0	0	0	0	0	0	0	0	0	0	0	0	0	0	0	0	0	0	0	3	0	0	0	0	0	0	0	0	0	0	0
0.03	north11_all	80	3757	2832	1444	614	569	1183	624	541	791	354	277	184	195	161	185	111	128	171	94	106	106	103	71	44	79	79	88	35	47	91	37	57	22	89	47	34	30	26	24	18	33	32	21	39	27	23	23	59	12	19	16	7	26	15	10	5	10	13	10	5	17	6	12	8	5	8	2	12	5	15	11	3	7	7	5	4	5	2	3	2	4	3	0	5	9	7	1	3	0	8	4	2	1	0	4	9	0	15	3	0	1	1	1	2	4	2	3	0	1	0	1	0	1	0	0	3	0	1	1	1	2	0	1	0	0	0	1	1	0	0	0	0	1	0	3	0	0	0	0	0	1	0	0	0	1	0	0	0	0	0	0	0	0	0	0	0	0	0	0	0	0	0	0	0	4	0	0	0	0	1	1	0	0	0	0	0	0	0	0	0	0	0	0	0	0	0	0	0	1	0	0	0	0	0	0
0.03	north11_active	80	2048	1756	836	298	279	817	374	327	552	222	161	90	100	86	103	42	73	121	40	55	62	69	35	14	54	57	60	14	27	67	16	33	10	65	27	18	16	12	8	8	20	17	16	30	12	15	10	53	7	11	9	3	20	10	7	3	7	4	2	4	9	2	8	5	4	2	1	4	2	9	8	0	5	4	2	4	2	0	1	2	2	1	0	1	4	4	1	2	0	8	1	0	0	0	3	6	0	11	0	0	1	1	0	2	3	1	2	0	1	0	1	0	1	0	0	1	0	0	1	0	2	0	1	0	0	0	0	0	0	0	0	0	1	0	0	0	0	0	0	0	0	0	0	0	0	0	0	0	0	0	0	0	0	0	0	0	0	0	0	0	0	0	0	0	4	0	0	0	0	1	0	0	0	0	0	0	0	0	0	0	0	0	0	0	0	0	0	0	1	0	0	0	0	0	0
0.03	north12_all	80	3844	2855	1420	636	578	1149	633	535	791	345	297	183	198	154	190	107	120	176	100	104	108	108	73	56	80	83	83	40	53	87	45	67	26	73	48	32	32	23	23	11	31	39	23	42	22	19	26	66	15	12	20	7	25	17	11	8	6	12	12	8	23	8	11	19	5	10	2	7	5	21	11	2	7	5	10	2	5	6	2	2	7	5	3	3	10	7	1	2	0	8	5	2	1	2	2	11	1	17	2	1	1	1	0	2	3	3	2	0	1	1	1	0	1	0	0	2	0	0	1	3	2	4	0	0	0	0	1	1	0	0	0	0	1	0	3	0	1	0	1	0	0	0	0	0	1	0	0	0	0	0	0	0	0	0	0	0	0	0	0	0	0	0	0	0	4	0	0	0	0	1	1	5	0	0	0	0	0	0	0	0	0	0	0	0	0	0	0	0	0	0	0	0	0	0	0
0.03	north12_active	80	2087	1748	827	304	292	802	351	323	557	218	170	88	97	77	105	45	66	122	44	52	68	68	34	26	51	57	51	20	33	59	18	36	14	57	28	16	22	9	9	5	17	21	15	30	9	13	15	57	12	6	10	4	19	11	6	5	5	4	2	4	8	3	8	17	3	7	1	5	2	16	7	1	5	4	5	2	3	4	1	2	1	2	2	0	6	4	1	2	0	8	2	0	0	1	2	9	1	10	0	1	1	1	0	2	3	2	1	0	1	1	1	0	0	0	0	1	0	0	1	0	2	4	0	0	0	0	0	0	0	0	0	0	1	0	0	0	1	0	1	0	0	0	0	0	0	0	0	0	0	0	0	0	0	0	0	0	0	0	0	0	0	0	0	0	4	0	0	0	0	1	0	0	0	0	0	0	0	0	0	0	0	0	0	0	0	0	0	0	0	0	0	0	0	0	0
0.03	north13_all	80	3808	2794	1376	676	592	1087	601	523	802	319	303	196	190	154	186	120	123	187	94	96	119	104	79	57	69	86	77	43	57	69	45	72	23	69	53	37	42	24	23	20	37	37	19	48	30	26	34	52	22	9	21	9	21	17	13	10	4	12	11	9	19	7	11	22	4	9	4	25	7	28	11	2	2	5	8	2	3	5	2	2	6	6	3	1	7	7	1	2	2	11	2	1	4	3	1	13	1	10	1	1	1	2	1	2	3	3	3	0	1	1	1	0	1	0	0	0	0	0	1	3	0	4	1	2	0	1	1	0	0	0	0	0	0	0	3	0	1	0	1	0	0	0	0	0	2	1	0	0	0	0	0	0	3	0	0	0	0	0	0	0	0	0	0	0	0	0	0	0	0	1	1	5	0	0	0	0	0	0	0	0	0	0	0	0	0	0	0	0	0	0	0	0	0	0	0
0.03	north13_active	80	2099	1694	791	335	298	747	347	326	563	199	179	100	101	82	96	51	67	126	40	41	84	62	37	25	42	61	44	19	38	49	17	42	12	49	31	19	28	11	11	11	19	16	10	34	12	20	22	41	15	4	11	6	14	12	7	5	2	4	3	4	7	3	7	21	2	7	1	23	3	21	8	1	1	4	5	1	1	4	1	2	0	2	2	0	4	4	0	2	0	10	1	0	1	2	1	11	1	2	0	1	1	1	0	2	3	2	1	0	1	1	1	0	0	0	0	0	0	0	1	0	0	4	0	2	0	1	0	0	0	0	0	0	0	0	0	0	1	0	1	0	0	0	0	0	1	1	0	0	0	0	0	0	1	0	0	0	0	0	0	0	0	0	0	0	0	0	0	0	0	1	0	0	0	0	0	0	0	0	0	0	0	0	0	0	0	0	0	0	0	0	0	0	0	0	0
0.03	north14_all	80	3754	2652	1488	666	596	1115	627	509	750	298	306	180	207	155	186	106	133	166	99	105	115	96	74	55	69	97	78	46	48	81	48	70	30	87	42	30	46	29	22	19	41	46	26	42	30	30	38	54	21	8	22	10	23	19	11	14	8	14	10	8	20	7	13	24	4	6	5	26	11	30	8	5	1	5	9	3	1	5	5	1	5	6	5	3	7	3	1	3	2	11	2	2	3	3	1	14	2	11	1	1	1	1	1	0	1	5	1	0	0	1	1	1	1	0	0	1	1	0	0	3	0	4	1	2	0	1	0	0	0	0	0	0	0	0	0	0	1	0	1	0	0	0	0	0	2	1	0	0	0	0	0	0	3	0	0	0	0	0	0	1	0	0	0	0	0	0	0	0	0	0	0	5	0	0	0	0	0	0	0	0	0	0	0	0	0	0	0	0	0	0	0	0	0	0	0
0.03	north14_active	80	2071	1591	871	329	305	737	374	309	514	175	171	90	118	84	115	45	68	109	41	49	78	54	35	29	40	65	46	20	29	52	20	37	16	56	25	18	27	16	11	11	23	20	11	25	17	19	33	35	13	4	13	7	14	11	4	9	4	8	4	4	10	4	9	21	1	5	2	24	4	26	6	4	0	5	6	2	1	4	3	1	1	2	3	3	5	1	0	2	0	10	1	1	1	2	1	12	1	3	0	1	1	0	0	0	1	4	0	0	0	1	1	0	0	0	0	0	0	0	0	0	0	4	0	2	0	1	0	0	0	0	0	0	0	0	0	0	1	0	1	0	0	0	0	0	1	1	0	0	0	0	0	0	1	0	0	0	0	0	0	1	0	0	0	0	0	0	0	0	0	0	0	0	0	0	0	0	0	0	0	0	0	0	0	0	0	0	0	0	0	0	0	0	0	0	0
0.03	north15_all	80	3710	2644	1490	639	595	1196	664	559	777	305	301	176	210	167	179	111	132	178	92	108	117	88	83	54	67	78	84	45	38	83	52	48	26	100	39	33	49	29	23	20	36	37	23	46	32	36	35	46	18	7	23	9	33	14	9	15	17	13	8	5	23	4	11	12	5	1	8	23	12	19	6	7	1	8	9	3	1	7	5	0	3	3	4	5	8	3	2	4	5	4	2	1	3	2	0	5	1	3	0	2	2	1	1	0	1	3	1	0	0	0	0	1	1	0	0	1	3	0	0	0	0	0	1	3	0	1	1	0	1	0	0	0	0	1	0	0	0	0	1	0	0	1	0	0	2	1	0	0	0	0	0	0	3	0	0	0	0	0	0	1	0	0	0	0	0	0	0	0	0	0	0	5	0	0	0	0	0	0	0	0	0	0	0	0	0	0	0	0	0	0	0	0	0	0	0
0.03	north15_active	80	2080	1623	888	312	289	784	424	355	478	173	165	87	117	98	118	48	70	113	40	56	75	52	42	26	39	48	54	19	21	53	22	29	17	59	23	17	26	17	12	11	20	16	9	29	20	23	28	26	11	3	16	5	24	8	2	11	9	9	4	2	17	1	6	9	1	0	5	22	4	14	4	5	0	5	7	1	1	4	3	0	2	1	2	4	6	1	1	3	1	2	0	1	1	2	0	3	0	1	0	2	2	0	0	0	1	3	0	0	0	0	0	0	0	0	0	0	1	0	0	0	0	0	0	3	0	1	0	0	0	0	0	0	0	0	0	0	0	0	1	0	0	0	0	0	1	1	0	0	0	0	0	0	1	0	0	0	0	0	0	1	0	0	0	0	0	0	0	0	0	0	0	0	0	0	0	0	0	0	0	0	0	0	0	0	0	0	0	0	0	0	0	0	0	0	0
0.03	north16_all	80	3711	2723	1523	617	594	1256	669	572	762	329	280	141	219	160	166	104	139	213	107	89	99	84	68	56	75	75	103	51	33	98	51	40	28	84	41	40	46	29	22	24	37	29	26	40	31	27	28	49	17	13	21	7	33	13	10	15	19	13	7	6	27	8	16	6	4	4	8	16	14	16	3	6	1	9	6	3	1	5	5	0	2	2	3	10	6	1	3	4	5	5	4	1	5	1	1	5	2	4	0	1	2	1	0	0	1	3	0	0	0	0	0	1	0	0	1	1	3	0	0	0	0	0	2	1	1	0	1	1	1	0	0	0	0	1	0	0	0	0	0	0	2	1	0	0	0	1	0	0	0	0	0	0	1	0	0	0	0	0	0	1	0	0	0	0	0	0	0	0	0	0	0	0	0	0	0	0	0	0	0	0	0	0	1	0	0	0	0	0	0	0	0	0	0	0	0
0.03	north16_active	80	2098	1709	923	283	298	820	418	363	476	187	157	65	121	96	106	40	83	141	54	52	60	50	36	30	44	43	66	26	17	63	26	26	18	55	26	22	23	17	8	15	20	10	11	23	19	15	19	25	14	6	15	4	21	8	2	12	11	9	3	4	23	3	11	4	0	1	5	13	7	13	1	4	1	6	4	2	1	1	3	0	2	1	1	8	4	1	1	3	2	2	1	1	2	1	0	4	1	1	0	1	2	1	0	0	1	3	0	0	0	0	0	0	0	0	0	0	1	0	0	0	0	0	1	1	0	0	0	0	0	0	0	0	0	0	0	0	0	0	0	0	2	0	0	0	0	1	0	0	0	0	0	0	0	0	0	0	0	0	0	1	0	0	0	0	0	0	0	0	0	0	0	0	0	0	0	0	0	0	0	0	0	0	0	0	0	0	0	0	0	0	0	0	0	0	0
0.03	north17_all	80	3789	2804	1517	609	568	1232	708	550	839	363	296	147	215	151	162	119	146	246	107	94	104	97	81	62	72	65	99	48	36	118	45	33	23	94	42	44	39	23	26	27	43	33	20	40	15	22	26	39	18	14	16	6	29	18	8	11	17	12	14	11	28	8	10	6	3	3	10	6	15	16	3	6	1	7	5	3	1	7	7	0	4	2	3	9	9	0	2	2	6	12	5	5	3	2	2	4	2	2	3	4	2	2	0	0	1	0	0	0	0	0	0	1	1	0	1	3	5	0	0	0	0	0	1	1	2	0	1	1	1	0	0	0	0	2	0	0	0	0	0	0	2	1	0	1	0	0	0	0	0	0	0	0	0	0	0	0	0	0	0	0	0	0	0	0	0	0	0	0	0	0	0	0	0	0	0	0	0	0	0	0	0	0	1	0	0	0	0	0	0	0	0	0	0	0	0
0.03	north17_active	80	2134	1739	918	282	286	785	443	352	516	212	191	64	115	99	95	54	91	155	66	57	64	56	48	29	41	36	61	24	22	85	26	18	18	65	25	26	18	11	11	15	19	16	11	29	10	9	18	24	15	8	10	4	19	12	2	7	9	7	3	7	24	3	8	5	0	1	7	2	9	15	1	3	1	4	4	1	1	3	4	0	3	1	0	7	3	0	1	2	2	2	1	0	2	2	0	3	2	0	3	2	2	2	0	0	1	0	0	0	0	0	0	1	1	0	0	2	2	0	0	0	0	0	1	1	1	0	0	0	0	0	0	0	0	0	0	0	0	0	0	0	2	0	0	0	0	0	0	0	0	0	0	0	0	0	0	0	0	0	0	0	0	0	0	0	0	0	0	0	0	0	0	0	0	0	0	0	0	0	0	0	0	0	0	0	0	0	0	0	0	0	0	0	0	0	0
0.03	north18_all	80	3844	2814	1532	621	577	1200	733	520	818	355	309	150	218	166	191	118	143	228	111	87	99	106	87	64	64	69	108	42	31	129	43	40	29	75	47	39	35	22	21	27	47	37	24	29	13	20	13	45	19	19	22	13	22	19	8	15	13	10	10	12	26	9	9	6	2	6	10	5	13	21	8	5	4	4	2	2	5	7	2	2	3	3	2	7	7	2	2	2	3	12	3	7	3	2	2	6	2	7	6	3	0	2	1	0	0	0	0	0	0	0	0	1	1	0	2	3	2	0	0	0	0	0	1	0	2	0	0	1	0	0	0	0	0	4	0	0	2	0	0	0	2	0	0	1	0	0	0	0	0	0	0	0	0	0	0	0	0	0	0	0	0	0	0	0	0	0	0	0	0	0	0	0	0	0	0	0	0	0	0	0	0	0	1	0	0	0	0	0	0	0	0	0	0	0	0
0.03	north18_active	80	2161	1720	903	290	296	750	463	331	501	213	192	58	118	103	104	55	88	147	68	33	63	54	49	31	37	37	63	19	20	93	27	23	21	54	27	27	16	9	7	16	21	20	8	21	10	10	11	36	16	7	13	9	17	15	1	8	9	6	1	9	22	4	8	5	1	1	8	0	9	20	4	3	3	2	0	1	4	3	1	0	1	2	0	5	2	2	0	1	1	2	1	1	2	2	0	4	2	1	4	1	0	2	1	0	0	0	0	0	0	0	0	1	1	0	0	2	1	0	0	0	0	0	1	0	1	0	0	0	0	0	0	0	0	2	0	0	2	0	0	0	2	0	0	0	0	0	0	0	0	0	0	0	0	0	0	0	0	0	0	0	0	0	0	0	0	0	0	0	0	0	0	0	0	0	0	0	0	0	0	0	0	0	0	0	0	0	0	0	0	0	0	0	0	0	0
0.03	north19_all	80	3719	2821	1526	611	573	1159	712	504	804	356	312	157	218	184	220	125	144	194	118	103	110	113	94	68	73	62	105	37	38	127	36	39	25	75	49	41	34	24	25	33	52	39	21	36	21	23	15	50	18	20	22	16	17	20	10	18	10	10	13	11	22	5	13	8	3	7	6	7	13	17	7	6	3	3	2	3	5	6	2	2	3	5	2	6	6	3	1	2	3	11	4	8	4	2	1	2	3	5	6	5	1	1	1	1	0	0	0	0	0	0	0	1	1	0	2	3	3	1	0	1	0	1	0	1	1	0	0	1	0	0	1	2	0	3	0	0	2	0	0	0	0	0	0	1	0	0	0	0	0	0	0	0	0	0	0	2	0	0	0	0	0	0	0	0	0	0	0	0	0	0	0	0	0	0	0	0	0	0	0	0	0	0	0	0	0	0	0	0	0	0	0	0	0	0	0
0.03	north19_active	80	2046	1720	914	284	279	756	434	316	482	213	191	64	116	99	122	57	77	116	68	46	73	59	56	28	38	37	66	12	20	89	20	22	17	58	24	32	16	11	12	17	20	22	6	28	13	12	13	42	15	9	13	9	16	14	4	7	5	7	2	8	12	3	12	5	2	1	4	2	10	17	5	3	2	2	1	1	4	4	1	0	1	1	0	4	2	2	0	1	1	2	1	1	3	1	0	1	2	1	4	3	1	1	1	0	0	0	0	0	0	0	0	1	1	0	0	2	2	0	0	1	0	0	0	0	1	0	0	0	0	0	0	2	0	2	0	0	2	0	0	0	0	0	0	0	0	0	0	0	0	0	0	0	0	0	0	2	0	0	0	0	0	0	0	0	0	0	0	0	0	0	0	0	0	0	0	0	0	0	0	0	0	0	0	0	0	0	0	0	0	0	0	0	0	0	0
0.03	north20_all	80	3684	2837	1549	567	570	1140	705	509	803	359	302	159	207	168	224	116	137	179	112	103	115	94	82	60	60	76	100	42	41	120	40	46	30	64	47	44	38	28	20	30	51	40	18	34	21	20	19	52	18	20	28	14	16	19	9	18	16	10	4	19	25	5	23	11	4	8	2	9	6	20	8	7	6	3	4	6	5	7	2	3	1	7	2	2	2	4	1	3	1	1	2	4	2	3	0	2	3	5	4	3	1	0	1	1	1	0	2	2	2	0	1	0	0	0	2	0	1	1	0	1	0	1	0	1	0	0	0	1	0	0	1	3	1	2	1	0	2	0	0	0	0	0	0	1	0	0	1	0	0	0	0	0	0	0	0	2	0	0	0	0	0	0	0	1	0	0	1	0	0	0	0	0	0	0	0	0	0	0	1	0	2	0	0	0	0	0	0	0	0	0	0	0	0	0	0
0.03	north20_active	80	2070	1733	929	268	264	746	449	320	473	218	181	77	111	81	131	53	69	116	57	41	72	41	45	27	34	44	64	15	18	76	23	25	17	45	21	34	14	15	11	14	16	23	4	23	13	11	15	38	12	7	18	8	14	13	4	9	8	5	1	8	15	3	22	8	2	1	2	2	3	20	4	4	4	2	2	3	4	4	1	1	0	1	0	0	2	2	0	2	0	0	0	1	2	2	0	1	2	1	2	3	1	0	1	0	1	0	2	2	2	0	1	0	0	0	0	0	1	0	0	1	0	0	0	0	0	0	0	0	0	0	0	2	1	2	0	0	2	0	0	0	0	0	0	0	0	0	0	0	0	0	0	0	0	0	0	2	0	0	0	0	0	0	0	1	0	0	1	0	0	0	0	0	0	0	0	0	0	0	1	0	2	0	0	0	0	0	0	0	0	0	0	0	0	0	0
0.03	south21_all	80	2967	1294	1701	1380	533	716	755	454	621	230	214	167	162	153	207	119	119	83	111	101	81	78	166	128	58	68	63	39	85	39	41	37	72	63	50	44	23	61	16	28	29	26	20	49	30	8	13	24	10	13	37	32	21	24	11	17	11	10	7	10	11	2	28	10	7	1	3	5	5	7	4	5	5	1	10	9	5	3	5	5	2	7	14	7	2	2	7	1	2	6	3	1	2	1	1	2	0	0	5	4	2	1	2	2	3	1	0	0	1	2	1	0	0	0	1	1	0	0	1	0	3	1	1	0	0	1	0	1	1	1	1	1	0	0	0	0	0	1	0	0	0	0	0	0	0	0	0	0	0	0	0	0	0	0	0	0	0	0	1	0	0	0	0	0	0	1	0	0	1	0	0	0	0	0	1	0	0	0	0	0	0	0	0	0	0	0	0	0	0	0	0	0	0	0	0
0.03	south21_active	80	1387	555	1037	855	262	417	477	256	408	118	111	73	67	65	123	68	57	38	60	61	42	41	94	74	31	41	39	15	51	21	24	19	50	37	36	24	16	48	7	16	10	11	9	34	14	7	8	12	2	6	28	27	14	19	8	9	5	4	5	7	6	1	19	4	5	1	3	1	3	2	3	2	3	1	7	7	1	1	5	5	2	5	11	3	0	1	5	0	1	4	3	0	1	1	0	0	0	0	5	2	1	1	1	2	1	0	0	0	1	0	0	0	0	0	0	0	0	0	0	0	0	1	0	0	0	1	0	0	0	0	0	0	0	0	0	0	0	0	0	0	0	0	0	0	0	0	0	0	0	0	0	0	0	0	0	0	0	0	1	0	0	0	0	0	0	0	0	0	0	0	0	0	0	0	0	0	0	0	0	0	0	0	0	0	0	0	0	0	0	0	0	0	0	0	0
0.03	south22_all	80	2963	1258	1699	1355	527	742	738	457	604	220	214	156	167	171	193	142	108	88	108	85	81	70	140	140	63	71	71	49	84	39	41	35	87	64	64	53	24	66	18	24	28	31	17	50	21	12	14	22	14	8	46	35	21	30	15	6	12	11	11	10	13	6	13	6	5	2	4	4	4	7	1	7	3	1	8	7	4	5	5	5	0	9	14	7	4	1	4	0	2	7	4	1	2	1	1	2	1	0	2	2	1	2	3	3	2	1	0	1	0	3	2	2	0	0	1	1	0	0	1	0	1	0	1	0	1	0	0	1	0	0	1	1	0	0	0	0	0	1	0	0	0	0	0	0	0	0	0	0	0	0	0	0	0	0	0	0	0	0	0	0	0	0	0	0	0	1	0	0	0	0	0	0	0	0	1	0	0	0	0	0	0	0	0	0	0	0	0	0	0	0	0	0	0	0	0
0.03	south22_active	80	1396	552	1056	844	256	427	480	255	417	103	118	76	72	81	112	70	51	38	57	54	44	43	74	101	30	41	47	19	49	20	20	22	63	34	43	33	14	49	6	13	10	17	9	37	14	10	9	14	5	2	37	23	16	24	12	5	6	4	8	7	9	2	9	2	3	1	1	1	2	2	0	3	1	1	6	6	0	2	5	5	0	6	11	4	1	0	3	0	1	4	3	0	2	1	0	0	1	0	2	0	1	1	1	2	1	0	0	0	0	0	1	2	0	0	0	1	0	0	0	0	1	0	0	0	1	0	0	0	0	0	1	0	0	0	0	0	0	0	0	0	0	0	0	0	0	0	0	0	0	0	0	0	0	0	0	0	0	0	0	0	0	0	0	0	0	0	0	0	0	0	0	0	0	0	0	0	0	0	0	0	0	0	0	0	0	0	0	0	0	0	0	0	0	0	0
0.03	south23_all	80	2962	1259	1797	1403	552	784	788	469	549	218	220	178	168	181	205	141	111	84	126	98	69	68	130	155	66	81	72	50	74	44	48	39	81	56	61	58	21	74	20	18	35	34	15	66	27	12	16	18	16	10	42	39	23	30	21	12	13	12	12	11	13	9	7	4	3	5	4	4	3	7	2	6	5	1	7	7	6	4	6	1	1	9	15	5	2	2	4	0	1	5	4	2	4	0	2	2	1	0	2	3	4	3	4	1	2	1	0	1	0	2	3	2	0	0	4	1	0	1	1	0	2	0	1	0	1	1	0	1	0	0	1	1	1	0	0	0	0	0	0	0	0	0	1	0	0	0	1	0	0	5	0	0	0	0	0	0	0	0	0	0	0	0	0	0	0	0	0	0	0	0	0	0	0	0	0	0	0	0	0	0	0	0	0	0	0	0	0	0	0	0	0	0	0	0	0
0.03	south23_active	80	1410	568	1108	898	288	451	535	284	392	110	128	94	85	94	132	57	48	35	68	60	35	40	72	123	34	47	45	22	46	19	24	24	56	34	41	35	12	46	8	10	20	20	6	56	20	9	10	12	6	3	32	26	16	25	12	9	7	6	9	6	9	3	3	3	2	3	1	1	1	3	0	3	2	1	6	6	1	1	6	1	1	6	10	2	1	0	4	0	1	2	3	0	4	0	0	0	1	0	2	1	3	2	1	0	1	0	0	0	0	0	1	2	0	0	3	1	0	1	0	0	2	0	0	0	1	1	0	0	0	0	1	0	0	0	0	0	0	0	0	0	0	0	1	0	0	0	0	0	0	5	0	0	0	0	0	0	0	0	0	0	0	0	0	0	0	0	0	0	0	0	0	0	0	0	0	0	0	0	0	0	0	0	0	0	0	0	0	0	0	0	0	0	0	0	0
0.03	south24_all	80	2931	1260	1850	1464	554	771	878	470	607	230	217	189	168	183	199	153	108	97	136	92	68	70	113	142	70	77	79	51	62	46	45	43	97	58	79	58	22	70	21	23	39	46	17	66	34	16	12	15	14	12	41	38	18	22	24	10	14	20	11	15	15	11	12	8	1	6	7	5	6	5	4	6	4	5	7	7	4	3	6	10	1	5	10	5	4	1	3	0	1	12	3	2	7	0	1	1	1	0	1	4	3	2	4	1	1	1	0	1	0	2	2	2	0	0	3	1	0	1	0	0	2	0	1	0	1	1	0	0	0	1	1	1	1	0	0	0	2	0	0	0	0	0	1	0	0	0	1	0	0	5	0	0	0	0	0	0	0	0	0	0	0	0	0	0	0	0	0	0	0	0	0	0	0	0	0	0	0	0	0	0	0	0	0	0	0	0	0	0	0	0	0	0	0	0	0
0.03	south24_active	80	1417	586	1162	919	292	468	596	276	419	113	119	97	95	99	123	63	54	43	79	51	34	43	72	110	34	41	47	21	32	27	22	26	67	38	39	33	11	38	7	13	24	24	7	51	23	10	7	7	7	5	29	18	7	16	14	6	6	11	7	6	12	3	4	5	1	3	4	1	5	3	0	3	1	4	6	5	1	1	4	10	1	2	5	2	2	0	2	0	1	7	1	1	5	0	0	0	1	0	1	2	2	1	0	0	0	0	0	0	0	0	1	2	0	0	3	1	0	1	0	0	2	0	0	0	1	1	0	0	0	0	1	0	0	0	0	0	1	0	0	0	0	0	1	0	0	0	0	0	0	5	0	0	0	0	0	0	0	0	0	0	0	0	0	0	0	0	0	0	0	0	0	0	0	0	0	0	0	0	0	0	0	0	0	0	0	0	0	0	0	0	0	0	0	0	0
0.03	south25_all	80	2954	1274	1795	1564	563	703	822	449	571	242	259	173	156	174	193	141	113	90	138	94	57	73	118	159	72	74	71	46	63	54	40	46	119	58	87	62	23	80	25	21	42	42	12	66	30	19	20	12	13	11	50	42	20	35	21	11	14	17	8	17	14	13	14	15	0	10	3	6	9	6	6	6	6	8	4	6	4	1	8	12	3	2	5	2	3	1	14	0	0	12	3	3	7	2	1	0	0	0	1	2	4	2	3	3	1	0	0	1	0	1	1	0	0	0	3	0	0	1	0	0	2	0	0	0	1	1	0	0	0	1	1	1	1	0	0	0	3	0	0	0	0	0	1	0	0	0	1	0	0	5	0	0	0	0	0	0	0	0	0	0	0	0	0	0	0	0	0	0	0	0	0	0	0	0	0	0	0	0	0	0	0	3	0	0	0	0	1	0	0	1	0	0	0	0	0
0.03	south25_active	80	1446	590	1129	1004	300	449	521	265	361	126	141	92	82	96	119	61	61	38	86	46	28	39	76	111	38	36	41	22	40	34	19	24	80	38	46	33	13	43	8	13	30	25	6	51	22	12	9	5	7	6	34	24	6	25	10	6	7	9	3	7	10	4	4	11	0	7	3	2	7	3	1	3	2	7	2	5	2	0	6	11	1	1	1	1	1	0	5	0	0	7	0	1	5	1	0	0	0	0	1	2	2	1	0	1	0	0	0	0	0	0	0	0	0	0	3	0	0	1	0	0	2	0	0	0	1	1	0	0	0	0	1	0	0	0	0	0	1	0	0	0	0	0	1	0	0	0	0	0	0	5	0	0	0	0	0	0	0	0	0	0	0	0	0	0	0	0	0	0	0	0	0	0	0	0	0	0	0	0	0	0	0	3	0	0	0	0	0	0	0	0	0	0	0	0	0
0.03	south26_all	80	3037	1300	1769	1554	539	669	864	422	593	255	237	172	168	188	180	134	102	92	140	94	67	73	135	145	77	63	70	49	67	51	38	59	108	71	89	69	33	76	26	21	44	35	16	64	31	23	22	14	11	9	42	54	15	33	17	10	11	17	8	15	10	8	12	16	0	15	5	6	11	4	6	6	7	10	3	8	5	0	6	14	2	2	3	3	5	2	13	1	1	10	3	4	5	2	0	0	0	1	1	2	3	1	1	2	2	0	0	0	0	0	1	0	0	1	0	1	0	0	0	1	0	0	1	0	0	0	0	1	1	1	0	1	0	0	0	0	4	0	1	0	0	0	0	0	0	0	0	0	0	0	0	0	0	0	0	0	0	0	0	0	0	0	0	0	0	0	1	0	1	0	0	0	0	0	0	1	0	0	0	0	0	3	0	0	0	0	1	0	0	1	0	0	0	0	0
0.03	south26_active	80	1448	606	1115	995	275	420	550	237	363	130	123	87	81	110	107	65	59	46	92	52	33	37	84	96	36	34	42	25	41	34	19	31	67	39	39	34	19	44	10	12	31	22	7	40	17	15	10	4	6	4	26	38	4	18	7	4	5	6	3	7	7	2	5	12	0	11	5	3	7	2	2	3	3	9	1	5	3	0	4	13	0	0	1	1	4	1	4	0	1	7	1	1	3	1	0	0	0	1	1	2	2	1	0	1	1	0	0	0	0	0	0	0	0	0	0	0	0	0	0	1	0	0	0	0	0	0	0	0	0	0	0	0	0	0	0	0	2	0	0	0	0	0	0	0	0	0	0	0	0	0	0	0	0	0	0	0	0	0	0	0	0	0	0	0	0	0	0	0	0	0	0	0	0	0	0	1	0	0	0	0	0	3	0	0	0	0	0	0	0	0	0	0	0	0	0
0.03	south27_all	80	2998	1270	1835	1550	533	707	810	408	602	250	241	168	154	193	184	133	95	90	132	80	78	73	148	136	78	59	80	50	86	52	34	56	119	67	66	58	31	92	26	21	44	29	17	58	23	24	20	14	11	8	43	62	25	33	24	13	8	10	8	14	11	6	8	12	1	12	6	7	9	3	9	7	7	10	3	8	4	2	10	13	2	3	3	3	3	3	12	2	1	2	3	2	3	3	0	1	0	1	1	0	2	0	0	3	1	0	0	0	0	1	0	0	0	1	1	1	0	0	1	1	0	1	2	0	0	0	0	1	1	0	0	0	0	0	0	0	3	0	1	0	0	0	0	0	0	0	0	0	0	0	0	0	0	0	0	0	0	0	0	0	0	0	0	0	0	0	1	0	1	0	0	0	0	0	0	1	1	0	0	1	0	3	0	0	0	0	1	0	0	1	0	0	0	0	0
0.03	south27_active	80	1481	604	1147	986	262	442	499	222	358	123	124	83	70	103	106	69	50	43	90	43	42	39	92	83	40	28	45	26	64	32	15	29	86	33	32	30	17	64	9	12	32	21	7	31	11	16	9	4	3	4	27	46	10	18	16	7	5	2	3	8	9	2	3	9	0	10	3	3	5	1	5	3	4	9	2	5	3	1	9	11	0	1	1	1	3	1	4	1	1	2	2	0	3	1	0	0	0	1	1	0	1	0	0	2	1	0	0	0	0	1	0	0	0	0	0	0	0	0	1	1	0	0	1	0	0	0	0	0	0	0	0	0	0	0	0	0	1	0	0	0	0	0	0	0	0	0	0	0	0	0	0	0	0	0	0	0	0	0	0	0	0	0	0	0	0	0	0	0	0	0	0	0	0	0	0	1	1	0	0	0	0	3	0	0	0	0	0	0	0	0	0	0	0	0	0
0.03	south28_all	80	2970	1325	1875	1556	537	729	820	436	605	248	242	181	155	201	205	135	93	99	123	90	80	70	145	146	83	56	74	50	84	59	31	49	135	64	57	52	28	84	25	17	35	21	25	62	28	28	18	13	12	7	28	52	25	22	26	17	6	13	12	4	13	4	12	13	2	11	8	6	10	1	8	3	8	7	4	5	3	8	11	5	0	2	3	2	5	5	1	2	1	1	3	3	1	2	1	1	0	1	2	0	1	0	0	2	1	1	0	0	0	1	0	0	0	1	1	1	1	0	1	1	0	1	2	0	0	0	0	3	1	1	0	0	4	0	0	0	1	0	1	0	0	0	0	0	0	0	0	0	0	0	0	1	0	0	0	0	0	0	0	0	0	0	0	0	0	0	1	1	1	0	0	0	0	0	0	1	1	0	0	1	0	3	0	0	0	0	1	0	0	1	0	0	0	0	0
0.03	south28_active	80	1460	633	1169	1004	253	437	520	266	372	123	122	89	70	112	121	68	45	53	78	55	42	40	92	99	45	26	38	25	59	36	14	21	95	30	26	23	13	63	13	10	24	14	12	39	16	16	8	5	4	3	18	36	17	10	17	11	2	3	8	3	11	2	3	10	0	7	3	2	6	0	5	1	4	6	2	1	3	4	9	4	0	1	0	1	5	2	1	1	1	1	2	2	1	0	0	0	0	1	2	0	1	0	0	2	1	0	0	0	0	1	0	0	0	0	0	0	0	0	1	1	0	0	1	0	0	0	0	0	0	1	0	0	0	0	0	0	1	0	0	0	0	0	0	0	0	0	0	0	0	0	0	0	0	0	0	0	0	0	0	0	0	0	0	0	0	0	0	1	0	0	0	0	0	0	0	1	1	0	0	0	0	3	0	0	0	0	0	0	0	0	0	0	0	0	0
0.03	south29_all	80	2985	1315	1861	1607	568	784	864	424	615	249	250	170	147	191	204	142	97	109	115	115	80	69	139	133	79	49	77	45	85	61	36	32	126	65	51	53	27	80	23	17	31	23	20	55	25	23	11	13	11	11	29	48	29	16	33	19	1	14	14	5	12	9	10	10	6	7	7	4	5	3	11	2	4	5	3	6	4	10	9	3	3	2	2	1	5	4	1	2	0	4	9	3	0	1	1	1	1	0	2	0	1	0	0	2	0	1	2	0	0	1	1	0	0	1	1	0	1	0	1	1	5	1	2	0	0	1	0	3	1	1	0	0	4	0	0	0	0	0	1	0	0	0	0	0	0	0	1	1	0	0	0	1	0	0	0	0	2	0	0	0	0	1	0	0	0	0	0	1	0	0	0	0	0	0	0	0	1	0	0	1	0	0	0	0	0	0	0	0	0	0	0	0	0	0	0
0.03	south29_active	80	1491	657	1142	1036	276	477	551	247	397	119	119	85	70	106	119	72	44	59	69	66	42	38	83	100	47	25	43	25	59	35	15	13	84	36	30	27	15	61	12	7	17	11	9	38	16	12	6	4	3	5	21	32	21	9	26	13	0	5	11	3	9	4	3	9	1	5	1	1	3	1	7	1	3	4	2	1	3	6	7	1	2	2	1	1	5	2	1	1	0	3	6	3	0	0	0	0	1	0	2	0	1	0	0	1	0	0	0	0	0	1	1	0	0	0	0	0	0	0	1	1	5	0	1	0	0	1	0	0	0	1	0	0	0	0	0	0	0	0	0	0	0	0	0	0	0	0	0	1	0	0	0	0	0	0	0	0	2	0	0	0	0	1	0	0	0	0	0	1	0	0	0	0	0	0	0	0	1	0	0	0	0	0	0	0	0	0	0	0	0	0	0	0	0	0	0
0.03	south30_all	80	2945	1355	1887	1555	587	710	825	460	639	244	241	164	155	172	186	151	95	108	115	120	71	70	138	138	84	48	67	42	77	58	41	31	114	76	52	55	19	64	17	21	32	34	19	55	19	23	17	16	13	9	25	28	23	15	22	14	9	20	14	6	6	10	15	7	6	8	9	4	5	3	9	2	4	5	2	11	3	19	5	5	4	1	7	3	5	3	2	3	1	6	7	3	1	1	2	2	2	1	3	1	1	0	1	1	0	2	2	0	0	1	1	0	0	0	1	0	1	0	1	0	5	1	1	0	1	1	0	2	0	1	0	0	5	0	0	0	0	0	0	0	0	0	0	0	0	0	1	1	0	0	0	1	0	0	0	0	2	0	0	0	0	1	1	0	0	0	0	1	0	1	0	0	0	0	0	0	1	0	0	0	0	0	0	0	0	0	1	0	0	0	0	0	0	0	0
0.03	south30_active	80	1440	668	1139	997	296	425	499	273	426	125	112	85	85	91	114	73	47	56	64	68	35	36	82	108	50	30	40	22	50	36	16	14	72	41	36	35	10	43	9	7	19	19	8	42	11	10	8	3	5	5	21	17	16	7	15	8	5	9	13	3	4	4	8	6	2	6	1	2	2	1	4	1	3	4	1	5	2	16	3	3	2	1	5	1	3	1	1	3	1	4	4	3	1	0	1	0	2	1	2	0	1	0	0	0	0	1	0	0	0	1	1	0	0	0	0	0	0	0	1	0	5	0	0	0	1	1	0	0	0	1	0	0	1	0	0	0	0	0	0	0	0	0	0	0	0	0	0	1	0	0	0	0	0	0	0	0	2	0	0	0	0	1	0	0	0	0	0	1	0	0	0	0	0	0	0	0	1	0	0	0	0	0	0	0	0	0	1	0	0	0	0	0	0	0	0
0.03	south31_all	80	2922	1291	1695	1366	540	694	791	418	612	233	244	166	134	170	186	141	93	102	118	105	71	62	112	121	64	77	62	38	68	48	29	39	121	56	44	57	31	70	26	28	40	27	18	36	30	23	17	13	10	7	43	16	20	25	16	28	12	14	19	11	7	3	26	5	3	3	8	6	7	7	4	6	10	7	1	7	8	12	11	8	3	3	15	2	3	2	7	2	2	4	3	2	7	4	2	0	1	4	1	2	0	1	3	0	1	2	3	0	1	0	6	1	0	1	2	2	2	1	0	0	0	0	2	1	0	2	0	0	0	1	0	1	2	0	0	1	0	5	1	1	1	0	0	1	1	2	0	0	1	0	0	0	0	2	0	0	0	3	0	0	0	0	0	0	0	0	0	0	0	1	0	0	0	0	0	0	0	0	0	0	0	0	0	0	0	0	0	1	0	0	0	0	0	0	0
0.03	south31_active	80	1369	587	1053	816	285	417	517	231	430	110	141	80	63	83	109	78	37	50	63	59	32	30	67	61	31	43	33	14	44	29	14	24	79	45	22	41	17	40	13	15	26	11	5	20	21	11	7	8	5	3	22	6	9	15	10	23	7	8	10	4	6	2	19	2	0	1	6	4	2	3	2	4	8	5	1	5	4	10	3	8	2	1	7	2	1	1	6	2	0	3	0	0	5	2	1	0	1	0	0	0	0	1	2	0	0	2	1	0	0	0	5	0	0	0	2	0	1	1	0	0	0	0	1	0	0	1	0	0	0	0	0	1	0	0	0	0	0	5	1	1	0	0	0	0	0	0	0	0	0	0	0	0	0	1	0	0	0	0	0	0	0	0	0	0	0	0	0	0	0	0	0	0	0	0	0	0	0	0	0	0	0	0	0	0	0	0	0	0	0	0	0	0	0	0	0
0.03	south32_all	80	3024	1294	1856	1436	522	754	820	415	681	254	219	164	131	176	199	136	94	111	111	100	64	80	123	147	70	82	61	37	68	41	37	46	108	63	53	51	37	68	23	23	43	29	16	45	38	22	19	13	11	10	55	15	22	24	26	19	13	16	9	13	6	4	22	2	5	4	9	8	4	5	4	6	16	7	4	7	5	11	14	8	1	3	18	2	2	2	8	3	2	13	4	2	6	3	1	0	1	3	1	1	0	2	1	0	0	3	3	2	1	0	6	3	0	0	0	2	2	1	0	0	0	0	3	1	0	1	0	0	1	1	2	1	2	0	0	1	1	5	1	0	1	0	0	1	1	0	0	1	1	0	0	0	0	2	0	1	0	4	0	0	0	0	0	0	0	0	0	0	0	0	1	0	0	0	0	0	0	0	1	0	0	0	0	0	0	0	0	1	0	0	4	0	0	0	0
0.03	south32_active	80	1446	597	1153	835	293	464	528	221	492	122	123	77	72	85	119	73	36	57	60	56	28	47	79	78	32	50	32	16	47	20	23	24	70	47	31	32	23	35	10	11	28	15	5	25	27	11	9	6	4	6	37	5	13	16	13	15	10	9	3	2	6	3	14	2	1	2	7	5	1	3	2	5	9	4	4	5	2	10	8	8	1	1	7	2	1	1	8	2	0	12	0	0	5	2	0	0	1	0	0	0	0	1	0	0	0	3	0	2	0	0	5	1	0	0	0	0	2	1	0	0	0	0	2	0	0	1	0	0	0	0	2	1	0	0	0	1	1	5	1	0	0	0	0	0	0	0	0	1	0	0	0	0	0	1	0	1	0	1	0	0	0	0	0	0	0	0	0	0	0	0	0	0	0	0	0	0	0	0	0	0	0	0	0	0	0	0	0	0	0	0	0	0	0	0	0
0.03	south33_all	80	3012	1313	1867	1451	514	762	918	421	726	244	212	175	138	167	196	144	109	104	89	95	72	77	153	147	66	66	55	40	97	45	42	48	95	70	56	67	31	63	24	21	44	29	18	64	43	14	16	14	11	10	50	24	21	16	31	23	11	14	6	15	4	2	16	4	3	5	9	7	10	4	4	2	15	6	6	9	6	13	14	22	2	3	10	2	2	1	4	2	0	10	3	2	5	3	1	1	0	3	1	1	1	3	2	0	1	2	4	2	0	2	2	2	0	1	0	0	1	2	0	0	0	0	2	0	0	0	0	0	1	1	2	0	0	0	0	1	1	7	1	0	0	0	0	0	1	0	1	1	1	0	0	0	0	1	0	1	0	1	0	0	0	0	0	0	0	0	0	0	0	0	1	0	0	0	0	0	0	0	1	0	0	0	0	0	0	0	0	0	0	0	4	0	0	0	0
0.03	south33_active	80	1458	613	1171	864	287	488	591	230	522	127	114	92	80	88	120	82	52	57	52	55	37	46	100	91	31	39	33	16	68	23	28	25	69	55	37	47	22	35	11	11	27	17	6	32	29	5	7	6	5	7	34	10	14	12	13	18	5	8	1	5	4	1	8	3	1	1	7	5	6	2	3	1	8	3	4	6	2	11	11	18	1	1	6	2	1	0	4	1	0	10	0	0	4	2	0	1	0	0	0	0	0	2	0	0	1	2	0	2	0	1	0	1	0	1	0	0	1	2	0	0	0	0	2	0	0	0	0	0	0	0	2	0	0	0	0	1	1	7	1	0	0	0	0	0	0	0	0	1	0	0	0	0	0	1	0	1	0	1	0	0	0	0	0	0	0	0	0	0	0	0	0	0	0	0	0	0	0	0	0	0	0	0	0	0	0	0	0	0	0	0	0	0	0	0	0
0.03	south34_all	80	3039	1306	1776	1466	536	789	902	414	732	231	229	174	144	170	187	146	103	98	88	96	86	85	154	155	69	76	58	40	98	49	47	41	100	68	50	58	32	53	22	24	43	30	17	58	38	11	14	15	12	16	44	24	21	14	28	15	13	15	14	10	2	5	14	7	4	5	3	4	10	4	3	4	9	7	10	4	5	12	17	17	2	4	5	5	3	1	4	2	0	10	2	2	2	1	1	1	0	2	0	0	1	3	2	2	1	3	2	2	0	2	1	2	0	1	1	0	1	1	0	0	0	0	3	0	0	1	0	1	2	0	2	2	0	0	0	1	1	2	1	0	0	0	1	0	0	0	1	1	0	0	0	0	0	0	0	1	0	1	0	0	0	0	0	0	0	0	0	0	0	0	1	0	0	0	0	0	0	0	1	0	0	0	0	0	0	0	0	0	0	0	4	0	0	0	0
0.03	south34_active	80	1503	615	1100	885	305	497	590	229	508	120	121	90	87	96	117	78	55	48	47	57	40	48	92	103	34	41	32	16	67	26	29	17	78	44	37	36	19	31	12	14	31	21	8	29	23	5	7	6	7	13	34	13	15	11	7	11	6	6	8	3	2	3	10	3	2	1	2	2	7	1	2	3	2	1	5	2	2	10	15	13	1	1	2	4	1	0	4	1	0	10	0	0	1	1	0	1	0	0	0	0	0	2	0	2	1	3	0	2	0	1	0	1	0	1	0	0	1	1	0	0	0	0	2	0	0	1	0	0	1	0	2	2	0	0	0	1	1	2	1	0	0	0	0	0	0	0	0	1	0	0	0	0	0	0	0	1	0	1	0	0	0	0	0	0	0	0	0	0	0	0	0	0	0	0	0	0	0	0	0	0	0	0	0	0	0	0	0	0	0	0	0	0	0	0	0
0.03	south35_all	80	2992	1323	1714	1450	562	755	880	439	695	219	235	177	151	162	201	164	109	93	107	102	79	80	150	149	69	75	68	38	91	55	41	42	80	63	51	65	29	66	22	25	37	34	19	53	36	15	8	12	10	17	47	22	19	20	19	17	14	10	14	11	2	4	16	7	4	5	1	3	13	4	4	5	7	6	11	3	5	20	17	19	2	2	5	4	3	2	3	0	1	7	0	0	2	1	1	1	0	2	0	0	1	1	2	2	3	3	2	1	1	2	1	0	0	1	1	0	1	2	0	0	1	1	2	0	0	1	1	1	2	0	0	2	0	0	0	0	0	4	0	0	0	0	1	0	0	0	1	0	0	0	0	0	0	0	0	0	0	1	0	0	0	0	0	0	0	0	0	0	0	0	1	0	0	2	0	0	0	0	0	0	0	1	0	0	0	0	0	0	0	0	0	0	0	0	0
0.03	south35_active	80	1497	636	1061	908	316	477	567	242	468	117	131	97	87	98	125	91	60	52	58	56	42	43	92	108	33	39	42	16	63	33	22	17	61	39	33	38	15	42	13	13	26	26	9	29	19	6	4	5	7	15	37	14	15	11	6	12	6	3	11	6	2	2	13	3	2	0	1	2	6	0	4	3	4	1	4	1	2	17	15	15	1	0	2	3	1	1	2	0	1	7	0	0	1	1	0	1	0	0	0	0	0	1	0	2	3	2	0	0	1	1	0	0	0	1	0	0	1	1	0	0	0	1	1	0	0	1	1	0	1	0	0	2	0	0	0	0	0	2	0	0	0	0	0	0	0	0	0	0	0	0	0	0	0	0	0	0	0	1	0	0	0	0	0	0	0	0	0	0	0	0	0	0	0	2	0	0	0	0	0	0	0	1	0	0	0	0	0	0	0	0	0	0	0	0	0
0.03	south36_all	80	3034	1299	1699	1490	553	739	839	447	688	202	258	166	175	169	194	154	99	85	121	120	79	76	135	155	77	76	65	43	91	54	36	42	80	68	54	56	31	75	18	26	34	35	23	42	30	15	9	11	10	18	24	18	25	20	22	21	11	14	15	14	3	6	17	9	5	2	1	2	19	4	7	6	4	5	8	5	4	12	13	6	2	2	8	7	4	2	6	0	2	0	0	1	3	0	0	0	0	1	2	0	1	1	1	2	2	2	0	3	1	1	3	0	0	0	2	0	0	1	2	0	1	1	1	0	1	1	2	1	1	0	0	2	0	1	0	1	0	4	0	0	0	0	1	0	0	0	1	0	0	2	0	0	0	0	0	0	1	0	0	0	0	0	0	0	0	0	0	0	0	0	0	0	0	2	0	0	0	0	0	0	0	1	0	0	0	0	0	0	0	0	0	0	0	0	0
0.03	south36_active	80	1560	617	1049	941	293	466	542	241	455	106	141	86	100	103	118	75	54	51	65	70	41	41	83	105	42	38	40	15	58	31	16	23	53	40	35	32	16	50	9	14	20	27	9	29	15	6	3	5	8	13	15	11	17	10	13	14	6	6	12	9	2	2	15	4	2	0	0	1	10	0	7	3	4	1	3	2	2	10	11	6	2	0	6	4	1	1	4	0	2	0	0	0	2	0	0	0	0	0	2	0	0	1	0	2	2	1	0	2	1	1	0	0	0	0	0	0	0	0	1	0	0	1	0	0	1	1	2	0	1	0	0	2	0	0	0	0	0	2	0	0	0	0	0	0	0	0	0	0	0	1	0	0	0	0	0	0	0	0	0	0	0	0	0	0	0	0	0	0	0	0	0	0	0	2	0	0	0	0	0	0	0	1	0	0	0	0	0	0	0	0	0	0	0	0	0
0.03	south37_all	80	2973	1296	1676	1483	556	708	725	436	621	201	258	169	155	182	214	157	99	90	122	104	71	80	140	149	70	79	73	44	77	56	39	43	80	64	61	54	20	73	21	25	34	33	22	50	31	11	13	12	10	15	29	9	21	21	28	18	11	13	14	13	3	4	20	9	6	7	3	4	12	1	8	4	5	5	9	3	7	12	10	3	5	2	8	7	2	2	9	0	3	0	0	1	3	0	0	1	0	1	3	1	1	0	1	3	3	1	0	7	2	0	3	0	2	0	2	0	0	1	3	0	2	1	0	0	1	0	2	0	1	0	0	2	0	2	1	5	0	2	0	0	0	0	0	0	0	1	0	0	0	2	0	1	0	0	0	0	1	0	0	0	0	0	0	0	0	0	0	0	0	0	0	0	0	2	0	0	0	0	0	0	0	1	0	0	0	0	0	0	0	0	0	1	0	0	0
0.03	south37_active	80	1533	602	1039	927	271	443	478	230	408	104	137	91	87	114	126	82	51	50	65	55	40	39	85	91	37	45	44	16	47	33	21	26	50	38	42	28	10	47	10	11	22	24	9	38	15	5	5	8	6	8	16	3	13	12	22	9	6	6	10	8	2	0	15	4	2	3	0	2	5	0	8	1	5	1	5	2	2	10	7	3	3	0	6	4	1	1	6	0	3	0	0	0	2	0	0	0	0	0	2	0	0	0	0	3	2	0	0	5	1	0	0	0	0	0	0	0	0	0	1	0	0	1	0	0	1	0	2	0	1	0	0	2	0	0	0	4	0	0	0	0	0	0	0	0	0	1	0	0	0	1	0	0	0	0	0	0	0	0	0	0	0	0	0	0	0	0	0	0	0	0	0	0	0	2	0	0	0	0	0	0	0	1	0	0	0	0	0	0	0	0	0	0	0	0	0
0.03	south38_all	80	2898	1269	1651	1413	536	657	740	410	625	201	266	179	154	175	188	144	91	87	123	94	70	61	133	132	56	80	64	46	78	48	38	41	70	68	69	50	21	71	25	22	33	21	21	39	33	14	15	12	10	12	33	9	19	27	25	16	9	12	6	13	6	4	15	7	8	7	4	6	11	4	6	6	7	4	12	4	3	5	8	2	5	3	12	8	2	1	10	0	4	3	0	2	3	1	1	1	3	0	3	1	1	1	1	1	2	0	0	7	1	0	6	0	2	0	1	1	0	1	3	0	1	1	0	0	2	0	2	0	0	0	0	0	1	2	1	5	0	0	1	0	0	0	0	0	1	1	0	0	0	2	0	1	0	0	0	0	1	0	0	0	0	0	0	0	1	0	0	1	0	0	0	0	0	0	0	0	0	0	0	0	0	0	0	0	0	0	0	0	0	0	0	1	0	0	0
0.03	south38_active	80	1450	577	1022	873	238	399	497	206	409	96	144	86	87	108	111	73	49	43	66	54	37	29	84	74	27	42	38	17	47	24	22	21	37	46	49	31	11	50	8	10	19	14	7	34	17	9	7	8	5	4	22	5	11	18	21	8	4	9	3	9	2	0	10	3	3	4	0	4	6	4	6	2	5	1	9	3	0	4	5	2	2	1	11	5	1	0	7	0	3	1	0	1	3	0	1	0	3	0	2	0	0	1	0	1	0	0	0	5	0	0	3	0	0	0	0	1	0	0	1	0	0	1	0	0	1	0	2	0	0	0	0	0	1	0	0	4	0	0	1	0	0	0	0	0	1	1	0	0	0	1	0	0	0	0	0	0	0	0	0	0	0	0	0	0	1	0	0	1	0	0	0	0	0	0	0	0	0	0	0	0	0	0	0	0	0	0	0	0	0	0	0	0	0	0	0
0.03	south39_all	80	2834	1286	1555	1316	496	636	728	412	551	202	245	168	134	164	193	130	84	86	103	88	73	63	115	114	46	74	55	55	84	56	41	32	79	61	70	54	25	56	30	20	27	14	20	33	26	24	19	20	11	9	27	16	21	17	17	11	8	14	6	8	8	3	12	6	9	8	4	6	10	5	12	8	11	5	16	4	4	8	10	1	6	2	8	6	2	1	9	0	3	5	0	1	3	1	2	2	3	1	2	2	0	2	1	2	2	1	0	6	1	0	3	0	2	0	0	1	1	0	1	0	1	0	0	1	1	0	0	0	0	0	1	0	2	1	1	4	0	0	1	0	0	0	2	0	1	1	0	0	0	1	0	1	0	0	0	0	0	0	0	0	0	0	0	0	1	0	0	1	0	0	0	0	0	0	0	0	0	0	0	0	0	0	0	0	0	0	0	0	0	0	0	1	0	1	0
0.03	south39_active	80	1350	565	938	806	223	388	478	213	343	94	121	79	74	95	120	66	43	43	61	49	38	20	58	67	19	37	27	19	49	27	23	14	46	42	48	34	11	37	10	9	17	10	8	27	12	11	11	14	5	2	15	8	11	15	11	6	4	10	4	5	2	0	8	4	4	4	0	4	6	4	8	5	7	2	11	3	0	6	2	1	3	1	7	4	0	0	7	0	2	2	0	1	3	0	1	0	3	0	1	0	0	2	1	1	0	0	0	5	0	0	3	0	0	0	0	1	1	0	0	0	0	0	0	0	0	0	0	0	0	0	1	0	1	0	0	4	0	0	1	0	0	0	2	0	1	1	0	0	0	0	0	0	0	0	0	0	0	0	0	0	0	0	0	0	1	0	0	1	0	0	0	0	0	0	0	0	0	0	0	0	0	0	0	0	0	0	0	0	0	0	0	0	0	0	0
0.03	south40_all	80	2802	1297	1551	1274	500	613	727	409	529	217	229	188	140	148	175	133	100	103	99	92	71	61	103	108	53	71	53	53	80	54	37	30	81	65	62	48	30	71	29	21	23	16	17	33	28	27	18	17	11	9	24	26	18	21	13	12	8	11	6	8	8	3	8	7	7	5	4	5	6	6	7	9	12	5	16	3	3	6	9	1	5	2	9	4	1	2	1	2	2	6	3	3	3	1	3	2	3	1	2	1	0	2	1	2	2	5	0	1	0	1	4	0	1	1	0	3	1	0	1	0	2	0	0	1	1	0	1	0	0	0	1	0	2	1	1	0	0	0	1	0	0	0	3	0	1	0	0	0	0	1	0	1	0	0	0	0	0	0	0	0	0	0	0	0	1	0	0	1	0	0	0	0	0	0	0	0	0	0	0	0	0	0	0	0	0	0	0	0	0	0	0	0	0	1	0
0.03	south40_active	80	1302	575	923	785	224	381	464	216	325	97	110	82	66	82	112	70	48	54	55	48	36	22	52	61	23	33	25	21	46	25	19	12	44	42	39	31	13	48	8	10	10	10	7	23	12	12	10	9	3	5	16	15	12	18	8	6	4	7	4	3	1	1	4	5	4	1	1	3	3	5	3	7	7	3	11	3	0	4	1	0	2	1	7	4	0	1	1	2	1	2	1	3	1	0	1	0	3	0	1	0	0	2	1	1	1	0	0	0	0	1	3	0	0	0	0	1	1	0	0	0	1	0	0	0	0	0	1	0	0	0	1	0	1	0	0	0	0	0	1	0	0	0	2	0	1	0	0	0	0	0	0	0	0	0	0	0	0	0	0	0	0	0	0	0	1	0	0	1	0	0	0	0	0	0	0	0	0	0	0	0	0	0	0	0	0	0	0	0	0	0	0	0	0	0	0
