label	Group	numOtus	Otu0	Otu1	Otu2	Otu3	Otu4	Otu5	Otu6	Otu7	Otu8	Otu9	Otu10	Otu11	Otu12	Otu13	Otu14	Otu15	Otu16	Otu17	Otu18	Otu19	Otu20	Otu21	Otu22	Otu23	Otu24	Otu25	Otu26	Otu27	Otu28	Otu29	Otu30	Otu31	Otu32	Otu33	Otu34	Otu35	Otu36	Otu37	Otu38	Otu39	Otu40	Otu41	Otu42	Otu43	Otu44	Otu45	Otu46	Otu47	Otu48	Otu49	Otu50	Otu51	Otu52	Otu53	Otu54	Otu55	Otu56	Otu57	Otu58	Otu59	Otu60	Otu61	Otu62	Otu63	Otu64	Otu65	Otu66	Otu67	Otu68	Otu69	Otu70	Otu71	Otu72	Otu73	Otu74	Otu75	Otu76	Otu77	Otu78	Otu79	Otu80	Otu81	Otu82	Otu83	Otu84	Otu85	Otu86	Otu87	Otu88	Otu89	Otu90	Otu91	Otu92	Otu93	Otu94	Otu95	Otu96	Otu97	Otu98	Otu99	Otu100	Otu101	Otu102	Otu103
0.03	north1_all	80	2892	3488	768	644	460	384	353	215	249	299	167	254	356	151	258	100	197	69	44	97	42	28	26	30	44	22	15	21	45	19	14	14	11	20	14	18	18	9	4	6	15	13	7	3	8	7	2	1	1	5	1	5	0	2	5	3	2	1	1	6	0	14	1	0	1	0	1	0	1	1	0	0	0	3	1	0	0	1	0	0	0	0	1	0	0	0	0	0	0	2	0	0	0	0	0	0	0	0	0	0	0	1	0	0
0.03	north1_active	80	1431	2265	348	341	229	209	194	87	143	178	90	148	232	80	174	68	147	51	17	62	22	13	12	12	33	10	6	8	30	8	9	2	6	12	8	12	11	5	1	5	12	5	2	1	4	6	2	1	1	2	1	2	0	2	4	2	2	1	1	6	0	13	1	0	1	0	0	0	1	0	0	0	0	3	1	0	0	1	0	0	0	0	0	0	0	0	0	0	0	1	0	0	0	0	0	0	0	0	0	0	0	1	0	0
0.03	north2_all	80	2899	3644	782	651	436	378	320	235	257	291	191	253	434	162	262	88	199	60	47	69	40	24	26	35	50	19	16	23	48	17	22	15	13	24	8	20	20	8	3	7	10	20	7	2	6	3	2	1	1	5	2	7	3	5	6	3	1	1	1	8	0	3	0	0	0	0	1	1	1	1	0	0	0	5	1	1	1	1	0	0	0	1	0	0	0	0	0	0	0	1	0	0	0	0	0	0	0	0	0	0	0	1	0	0
0.03	north2_active	80	1453	2369	362	348	218	185	178	102	153	177	108	150	309	78	173	66	154	42	17	39	22	11	14	13	42	8	7	13	30	7	14	5	8	17	5	13	16	6	0	7	7	13	2	1	2	3	2	1	1	2	2	4	2	4	5	1	1	1	1	7	0	3	0	0	0	0	0	0	1	0	0	0	0	5	1	0	0	1	0	0	0	1	0	0	0	0	0	0	0	1	0	0	0	0	0	0	0	0	0	0	0	1	0	0
0.03	north3_all	80	2857	3559	788	620	422	372	302	234	271	274	197	238	452	165	284	93	202	72	48	65	33	30	27	29	42	20	16	26	50	22	29	16	11	35	7	18	21	9	3	6	12	13	8	2	12	2	1	2	2	2	2	6	3	4	5	1	0	0	1	8	0	0	0	1	0	0	0	1	2	2	0	0	0	5	0	1	3	0	0	1	0	1	0	0	0	0	0	0	0	1	0	0	0	0	0	0	0	0	0	0	0	0	0	0
0.03	north3_active	80	1446	2279	372	338	205	190	164	97	164	173	110	148	330	83	186	62	144	41	23	36	18	13	15	11	38	7	11	19	34	11	18	4	5	23	4	11	16	7	0	6	9	8	3	0	8	2	0	1	2	1	2	4	2	3	5	0	0	0	1	7	0	0	0	1	0	0	0	0	1	1	0	0	0	5	0	0	2	0	0	1	0	1	0	0	0	0	0	0	0	1	0	0	0	0	0	0	0	0	0	0	0	0	0	0
0.03	north4_all	80	2827	3501	798	658	437	392	301	225	268	259	200	212	454	179	256	113	187	65	47	78	32	31	28	25	46	16	18	24	38	20	25	15	12	28	7	12	20	7	5	6	8	11	6	2	11	3	2	2	3	5	1	3	3	5	2	1	1	0	0	2	0	0	1	2	0	0	0	1	1	3	0	1	0	5	0	1	3	0	0	1	0	1	0	0	0	0	0	0	0	0	0	0	1	0	0	0	0	0	0	0	0	0	0	0
0.03	north4_active	80	1419	2299	373	375	229	202	169	104	152	170	114	151	318	96	174	70	131	33	21	49	20	13	16	11	38	5	11	17	27	12	16	4	4	18	4	6	14	3	0	4	6	9	4	1	8	2	0	1	2	4	1	3	2	3	1	0	1	0	0	1	0	0	0	1	0	0	0	0	0	1	0	0	0	4	0	0	2	0	0	1	0	1	0	0	0	0	0	0	0	0	0	0	0	0	0	0	0	0	0	0	0	0	0	0
0.03	north5_all	80	2850	3477	813	646	420	368	335	204	273	254	198	215	400	194	260	113	155	75	42	86	36	32	29	24	40	14	17	30	34	23	18	12	10	30	7	12	16	4	3	6	5	7	4	3	11	3	2	2	5	7	2	0	3	2	2	0	1	1	0	5	0	1	1	2	0	0	0	0	1	2	0	1	0	5	0	1	2	0	0	1	0	0	0	0	0	0	0	0	0	0	0	0	1	0	0	0	0	0	0	0	0	0	0	0
0.03	north5_active	80	1383	2306	381	347	222	185	184	90	146	173	113	140	269	122	185	65	98	39	21	59	21	13	18	11	30	4	11	21	25	14	13	2	4	21	4	7	11	1	0	2	4	2	3	1	8	2	0	1	4	4	1	0	1	1	1	0	1	1	0	4	0	0	0	1	0	0	0	0	0	1	0	0	0	4	0	0	2	0	0	1	0	0	0	0	0	0	0	0	0	0	0	0	0	0	0	0	0	0	0	0	0	0	0	0
0.03	north6_all	80	2866	3380	783	639	405	384	334	203	281	270	180	223	370	170	260	99	143	63	36	85	30	33	28	17	36	19	16	34	31	25	15	13	11	28	5	11	14	2	5	9	5	14	5	3	5	4	2	2	6	7	2	1	2	2	3	2	1	1	2	4	0	1	1	1	1	0	0	0	0	1	0	1	0	1	0	0	1	0	0	0	0	0	0	0	0	0	0	0	0	0	0	0	1	1	0	0	0	0	0	0	0	0	0	0
0.03	north6_active	80	1379	2238	365	332	201	204	187	96	146	170	100	132	239	113	188	55	90	35	15	57	18	16	18	9	27	8	8	20	19	17	11	2	5	15	3	7	10	0	3	4	4	8	3	1	3	2	0	1	4	3	1	0	1	1	2	1	1	1	0	3	0	0	0	0	1	0	0	0	0	0	0	0	0	0	0	0	1	0	0	0	0	0	0	0	0	0	0	0	0	0	0	0	0	1	0	0	0	0	0	0	0	0	0	0
0.03	north7_all	80	2816	3447	797	666	389	403	322	198	276	269	170	245	322	169	252	80	140	57	39	91	29	34	27	20	26	18	15	38	35	22	12	15	14	34	6	13	11	3	5	8	7	15	5	4	4	8	3	2	5	8	2	1	4	0	7	3	1	2	3	6	0	1	0	0	2	0	0	0	2	1	0	0	3	1	0	1	0	0	1	0	0	0	0	0	0	0	0	0	0	0	0	0	0	1	0	0	0	0	0	0	0	0	0	0
0.03	north7_active	80	1353	2204	375	345	184	203	182	93	157	158	100	142	217	110	176	46	87	33	14	55	19	16	19	11	19	8	10	19	22	15	7	7	8	19	3	9	9	2	4	2	5	10	2	2	2	5	0	1	3	3	1	0	3	0	6	2	1	2	0	4	0	0	0	0	1	0	0	0	1	0	0	0	2	0	0	1	0	0	1	0	0	0	0	0	0	0	0	0	0	0	0	0	0	1	0	0	0	0	0	0	0	0	0	0
0.03	north8_all	80	2827	3368	818	671	406	414	344	192	262	269	168	234	365	147	255	86	174	49	42	80	27	30	21	15	38	24	18	35	38	20	14	17	18	36	7	10	14	6	7	7	11	14	5	4	4	8	5	2	8	4	2	2	3	0	8	4	3	3	4	4	0	0	0	0	2	0	0	0	3	2	3	0	3	3	0	3	0	0	1	0	0	0	0	0	0	0	0	0	0	0	0	0	0	1	0	0	1	0	0	0	1	0	0	0
0.03	north8_active	80	1334	2146	384	366	177	217	194	89	148	146	103	144	263	91	176	57	104	26	19	47	14	13	12	8	29	10	9	18	21	14	9	10	9	20	4	7	11	3	4	2	8	13	2	3	3	6	2	1	4	2	1	0	2	0	7	3	0	2	0	3	0	0	0	0	1	0	0	0	2	1	0	0	2	3	0	2	0	0	1	0	0	0	0	0	0	0	0	0	0	0	0	0	0	1	0	0	0	0	0	0	1	0	0	0
0.03	north9_all	80	2798	3470	805	710	428	410	312	205	233	248	163	250	388	137	247	106	185	53	45	67	27	22	23	16	38	19	20	43	33	20	13	14	19	31	13	12	14	6	6	10	10	9	7	5	7	7	5	3	4	4	2	4	3	1	9	2	3	2	2	3	0	1	0	0	2	0	1	0	3	3	4	0	3	3	0	3	0	0	1	0	0	0	0	0	0	0	0	0	0	0	0	0	0	2	0	0	1	0	0	0	1	0	0	0
0.03	north9_active	80	1343	2232	375	379	196	217	175	92	124	136	94	157	278	78	153	67	118	27	20	43	15	10	14	9	28	7	9	18	22	10	8	11	9	21	8	7	8	3	3	7	7	7	2	3	5	5	2	3	1	2	1	2	2	0	6	2	0	1	0	2	0	1	0	0	0	0	1	0	2	1	0	0	2	3	0	2	0	0	1	0	0	0	0	0	0	0	0	0	0	0	0	0	0	1	0	0	0	0	0	0	1	0	0	0
0.03	north10_all	80	2847	3615	799	660	444	408	343	217	234	235	149	243	397	127	250	115	179	54	49	72	36	22	20	13	48	22	24	44	24	21	9	11	19	28	14	8	20	6	8	8	9	21	4	7	6	1	4	3	4	3	1	5	2	1	5	1	4	2	3	3	0	3	0	0	1	0	1	0	2	3	4	0	1	3	0	3	0	0	0	0	0	0	0	0	0	0	0	0	0	0	0	0	0	1	0	0	1	0	0	0	1	0	0	0
0.03	north10_active	80	1348	2342	380	347	214	216	198	98	120	137	83	154	294	71	154	68	114	26	24	45	20	7	11	7	34	7	10	22	16	9	8	8	8	20	10	4	13	3	5	5	5	17	1	4	5	1	2	3	1	2	0	2	1	0	2	1	0	1	1	2	0	2	0	0	0	0	1	0	1	1	0	0	0	3	0	1	0	0	0	0	0	0	0	0	0	0	0	0	0	0	0	0	0	0	0	0	0	0	0	0	1	0	0	0
0.03	north11_all	80	2808	3353	864	683	450	440	333	215	254	274	132	252	420	159	268	86	155	69	48	74	34	27	28	21	40	12	11	31	67	9	5	13	9	17	12	17	17	3	3	9	8	11	6	5	8	4	6	1	3	16	3	0	5	2	0	0	3	0	1	2	2	1	0	1	0	0	0	1	0	1	0	0	0	2	1	0	0	0	0	0	1	0	0	0	0	0	0	0	0	0	0	0	0	0	1	0	0	0	1	0	0	0	0	0
0.03	north11_active	80	1325	2113	435	349	232	209	203	108	139	165	69	155	294	94	174	53	106	41	25	41	15	13	15	6	27	8	5	18	43	5	4	6	4	9	9	8	9	1	1	5	7	7	2	1	4	3	1	1	2	11	0	0	3	0	0	0	2	0	1	1	1	0	0	1	0	0	0	1	0	0	0	0	0	2	0	0	0	0	0	0	1	0	0	0	0	0	0	0	0	0	0	0	0	0	0	0	0	0	0	0	0	0	0	0
0.03	north12_all	80	2771	3183	846	708	431	434	333	205	229	288	134	255	400	152	249	103	204	76	33	67	37	31	26	19	52	12	19	22	60	9	6	13	10	17	12	13	12	2	4	9	6	10	5	6	10	6	4	3	3	12	3	1	4	2	0	1	4	0	1	2	3	2	0	1	0	0	0	0	0	2	0	0	0	0	1	0	0	0	0	0	1	0	0	0	0	0	0	0	0	0	0	0	0	0	0	0	0	0	1	0	0	0	0	0
0.03	north12_active	80	1291	2008	402	377	229	224	195	107	125	173	75	155	251	91	163	65	140	42	19	38	20	16	15	6	36	6	9	11	39	4	6	7	5	9	8	6	7	1	0	4	5	7	2	2	5	3	0	3	3	10	0	0	3	0	0	1	3	0	1	2	1	0	0	1	0	0	0	0	0	0	0	0	0	0	0	0	0	0	0	0	1	0	0	0	0	0	0	0	0	0	0	0	0	0	0	0	0	0	0	0	0	0	0	0
0.03	north13_all	80	2753	3044	835	656	429	443	340	218	217	276	150	268	340	164	215	89	198	75	31	71	30	33	23	20	50	19	22	24	62	17	12	13	9	14	13	10	8	3	8	15	5	10	4	4	5	6	7	3	3	12	3	1	1	2	1	1	5	1	2	1	2	2	0	1	0	5	0	0	2	1	0	0	0	3	0	0	0	0	0	1	1	0	0	0	0	0	0	0	0	0	0	0	0	0	1	0	0	0	1	0	0	0	0	0
0.03	north13_active	80	1284	1953	382	349	230	238	188	110	120	160	87	178	211	102	138	55	141	43	16	45	20	16	12	8	30	7	9	15	37	10	9	5	5	7	9	5	5	2	4	8	4	7	1	1	4	3	2	3	3	10	2	0	1	0	1	1	5	0	2	1	1	0	0	1	0	3	0	0	2	0	0	0	0	3	0	0	0	0	0	1	1	0	0	0	0	0	0	0	0	0	0	0	0	0	1	0	0	0	0	0	0	0	0	0
0.03	north14_all	80	2739	3083	817	670	407	404	330	196	201	244	171	252	331	162	195	83	188	74	30	63	32	38	28	20	47	28	23	29	47	18	14	17	9	23	11	5	12	3	11	10	5	8	4	2	4	5	7	2	5	14	3	2	3	1	1	1	3	2	1	1	1	1	0	1	0	5	0	0	2	1	2	0	0	3	0	0	0	1	0	1	0	0	0	0	0	0	0	0	0	0	0	0	0	0	1	0	0	0	0	0	0	0	0	1
0.03	north14_active	80	1295	2016	389	355	199	214	169	97	109	139	105	165	202	110	129	47	123	43	15	46	19	18	12	11	26	8	13	18	23	10	8	6	4	16	7	4	9	2	6	6	4	7	1	1	3	3	2	2	5	12	3	0	3	0	1	1	3	1	1	1	0	0	0	1	0	3	0	0	2	0	0	0	0	3	0	0	0	0	0	1	0	0	0	0	0	0	0	0	0	0	0	0	0	0	1	0	0	0	0	0	0	0	0	1
0.03	north15_all	80	2782	3256	804	667	437	400	329	201	234	227	174	242	367	155	192	81	175	91	34	61	35	40	30	22	41	27	24	25	38	21	18	12	15	26	10	4	13	6	9	8	7	14	3	0	3	4	4	2	3	7	3	4	2	0	2	0	3	2	1	1	1	1	0	0	0	7	0	0	2	0	2	0	0	3	0	0	0	1	0	1	0	0	0	0	0	0	0	0	1	1	0	0	0	0	1	0	0	0	0	0	0	0	0	1
0.03	north15_active	80	1313	2103	380	342	206	203	170	88	133	127	114	158	245	99	124	43	113	57	13	45	21	16	12	11	21	9	13	20	21	12	7	2	7	19	7	4	10	3	7	5	3	10	0	0	3	3	2	2	3	6	3	3	2	0	2	0	2	1	1	1	1	0	0	0	0	4	0	0	2	0	0	0	0	3	0	0	0	0	0	1	0	0	0	0	0	0	0	0	0	1	0	0	0	0	1	0	0	0	0	0	0	0	0	1
0.03	north16_all	80	2832	3446	802	665	421	385	348	193	249	235	184	254	401	145	213	90	181	89	30	74	42	37	31	23	35	24	26	25	45	19	16	11	15	24	9	7	16	5	6	9	11	10	3	1	3	3	5	1	4	6	1	4	6	1	3	1	1	3	2	0	2	0	1	0	1	5	0	0	0	0	2	0	4	4	0	0	0	1	0	2	0	0	0	0	0	0	0	0	1	1	0	0	0	0	1	0	0	0	0	0	0	0	0	1
0.03	north16_active	80	1354	2253	376	348	198	190	180	88	149	133	119	160	240	94	141	48	111	61	11	53	23	15	12	9	14	7	14	18	25	12	6	3	7	16	7	7	14	3	4	9	5	6	0	0	2	3	1	1	3	5	1	3	6	0	2	1	0	1	1	0	2	0	0	0	0	4	0	0	0	0	0	0	2	4	0	0	0	0	0	2	0	0	0	0	0	0	0	0	0	1	0	0	0	0	1	0	0	0	0	0	0	0	0	1
0.03	north17_all	80	2879	3483	801	640	407	406	350	184	250	262	183	266	363	140	246	86	200	82	39	84	43	40	34	26	35	21	23	23	32	13	17	11	14	22	10	9	18	5	4	6	12	12	3	3	3	3	6	3	2	4	1	4	6	2	3	1	1	3	1	0	2	0	1	0	1	2	0	0	0	0	1	0	4	1	0	1	0	1	0	1	0	0	0	0	3	0	0	0	3	1	0	0	0	0	0	0	0	0	0	0	0	0	0	0
0.03	north17_active	80	1378	2271	376	334	192	200	188	82	145	153	123	158	232	94	172	49	122	56	17	61	24	14	15	13	16	8	9	17	16	7	6	3	7	15	8	8	15	2	1	6	6	5	1	0	2	2	0	2	1	3	1	3	6	0	2	1	0	1	0	0	2	0	0	0	0	1	0	0	0	0	0	0	2	1	0	1	0	0	0	1	0	0	0	0	3	0	0	0	1	1	0	0	0	0	0	0	0	0	0	0	0	0	0	0
0.03	north18_all	80	2864	3443	808	671	393	409	376	185	230	265	190	257	368	168	242	98	214	81	32	75	41	34	27	26	38	23	26	21	34	18	11	10	10	22	11	8	16	5	4	7	9	11	4	8	4	3	7	3	1	9	3	2	4	2	3	1	1	3	1	1	1	0	2	0	1	1	0	0	0	1	0	0	4	1	0	1	0	0	0	2	0	0	0	0	3	0	0	0	2	1	0	0	0	0	0	0	0	0	0	0	0	0	0	0
0.03	north18_active	80	1347	2252	394	369	203	216	200	76	132	154	110	158	238	112	176	58	147	56	14	50	23	12	10	14	21	5	12	14	20	10	4	3	5	15	8	6	13	2	1	7	5	4	2	3	2	2	2	1	0	1	1	2	4	0	2	1	0	1	0	1	1	0	0	0	0	0	0	0	0	0	0	0	2	1	0	1	0	0	0	2	0	0	0	0	3	0	0	0	1	1	0	0	0	0	0	0	0	0	0	0	0	0	0	0
0.03	north19_all	80	2907	3510	799	679	399	445	378	192	244	286	192	280	347	155	245	93	200	78	39	66	37	35	31	27	39	22	22	26	39	21	15	10	10	22	12	6	13	4	6	5	6	13	5	7	4	4	7	6	0	9	3	4	3	1	0	3	2	2	2	1	0	0	1	0	0	4	0	0	0	1	0	0	3	0	0	1	0	0	0	2	0	1	0	0	3	0	1	0	2	0	0	0	0	0	0	0	0	0	0	0	0	0	0	0
0.03	north19_active	80	1357	2291	409	368	207	243	206	80	134	170	115	176	261	96	198	58	135	49	18	46	19	12	11	15	23	5	10	19	21	8	6	3	7	15	9	4	10	2	4	3	4	8	2	3	3	3	2	3	0	1	1	2	3	0	0	3	1	1	0	1	0	0	0	0	0	4	0	0	0	0	0	0	0	0	0	1	0	0	0	2	0	0	0	0	3	0	1	0	1	0	0	0	0	0	0	0	0	0	0	0	0	0	0	0
0.03	north20_all	80	2851	3615	778	706	432	427	370	221	261	299	182	263	350	159	240	98	214	80	42	59	37	34	33	24	45	22	22	34	30	21	14	11	11	28	12	7	13	6	7	6	4	11	4	7	6	4	7	5	4	11	3	8	2	2	1	3	5	1	1	1	0	2	1	0	1	8	0	2	0	1	1	1	3	1	0	0	0	1	0	1	1	1	0	0	0	0	1	0	1	0	0	0	0	0	0	0	0	0	0	0	0	0	0	0
0.03	north20_active	80	1364	2323	396	386	239	223	207	93	145	176	104	172	265	102	182	57	151	46	21	36	19	13	9	13	28	8	10	22	21	9	8	2	9	21	8	3	10	1	5	4	2	8	2	3	3	2	4	3	4	3	1	6	2	1	0	2	4	1	0	1	0	2	0	0	0	4	0	1	0	0	1	0	0	1	0	0	0	1	0	1	1	0	0	0	0	0	1	0	0	0	0	0	0	0	0	0	0	0	0	0	0	0	0	0
0.03	south21_all	80	4874	3575	854	689	1206	365	839	315	341	255	165	171	283	91	164	101	90	89	144	45	34	56	47	38	40	24	23	36	28	12	18	16	7	8	13	7	9	10	10	9	4	7	10	4	1	6	5	9	3	2	8	3	7	2	2	0	1	2	0	0	0	6	3	0	0	1	1	0	0	0	1	0	2	0	1	1	0	0	0	0	1	0	0	0	0	0	0	0	0	0	1	0	0	0	0	0	0	0	0	0	0	0	0	0
0.03	south21_active	80	2951	2272	448	360	751	188	523	183	218	163	97	98	211	51	120	53	49	61	86	19	18	33	30	25	33	13	10	22	10	3	12	4	6	4	9	3	3	9	8	5	2	1	3	3	1	5	4	6	2	1	8	2	4	1	2	0	0	0	0	0	0	1	0	0	0	1	1	0	0	0	0	0	1	0	0	0	0	0	0	0	1	0	0	0	0	0	0	0	0	0	1	0	0	0	0	0	0	0	0	0	0	0	0	0
0.03	south22_all	80	4753	3752	847	657	1191	378	861	321	310	272	174	180	263	95	176	101	77	90	167	46	32	46	54	40	39	21	22	38	34	13	20	16	6	7	12	5	7	17	9	14	5	7	9	1	2	7	7	10	22	8	3	7	3	2	2	1	1	1	0	2	1	7	2	0	0	1	1	0	0	4	2	0	1	0	2	1	0	0	0	0	1	0	0	0	0	0	0	0	0	0	0	0	0	0	0	0	0	0	0	0	0	0	0	0
0.03	south22_active	80	2832	2391	451	348	756	192	552	192	179	184	98	104	190	52	130	49	44	57	105	18	13	24	34	24	30	11	8	22	17	2	13	7	5	3	9	3	4	9	6	9	3	1	2	0	1	6	6	7	21	1	3	6	1	1	1	0	0	0	0	1	1	2	0	0	0	1	1	0	0	0	1	0	1	0	0	0	0	0	0	0	1	0	0	0	0	0	0	0	0	0	0	0	0	0	0	0	0	0	0	0	0	0	0	0
0.03	south23_all	80	4716	3857	843	658	1165	361	914	316	307	293	188	177	245	102	143	93	73	97	146	47	30	45	51	37	40	27	17	33	30	20	19	21	7	7	12	10	15	17	8	12	2	7	3	1	6	6	12	6	21	8	2	7	3	2	3	1	0	0	1	2	1	8	2	0	1	0	1	0	0	4	2	0	0	0	2	2	1	0	0	0	0	0	0	0	0	0	0	0	0	0	0	0	0	0	0	0	0	0	0	2	0	0	0	0
0.03	south23_active	80	2797	2482	433	350	736	183	586	192	171	183	106	110	180	59	98	51	40	57	97	20	15	22	34	22	29	16	4	19	23	4	11	11	6	3	8	7	9	9	6	7	2	2	2	0	5	5	8	4	21	0	1	6	2	1	2	0	0	0	1	1	1	2	0	0	0	0	1	0	0	0	1	0	0	0	0	0	1	0	0	0	0	0	0	0	0	0	0	0	0	0	0	0	0	0	0	0	0	0	0	2	0	0	0	0
0.03	south24_all	80	4827	3883	852	664	1124	375	879	296	318	273	183	167	260	105	149	99	76	98	158	43	33	43	58	40	32	26	14	35	33	18	16	17	6	8	20	11	15	11	8	14	5	6	6	2	8	2	8	6	22	7	2	7	1	2	4	1	0	0	1	2	2	4	0	0	1	0	1	0	0	4	1	0	0	0	1	3	1	0	0	0	0	0	0	0	0	0	0	0	0	0	0	0	0	0	1	0	0	1	0	2	0	0	0	0
0.03	south24_active	80	2907	2547	437	346	744	201	580	182	178	163	93	105	185	61	102	56	37	56	101	17	17	22	39	24	21	16	4	26	24	7	9	8	5	3	14	5	8	3	4	7	5	2	2	0	7	1	4	6	21	0	1	5	1	1	2	0	0	0	1	1	2	2	0	0	0	0	1	0	0	0	1	0	0	0	0	2	1	0	0	0	0	0	0	0	0	0	0	0	0	0	0	0	0	0	0	0	0	0	0	2	0	0	0	0
0.03	south25_all	80	4975	3851	796	676	1134	371	836	290	319	250	163	182	264	109	144	106	71	84	135	45	34	45	52	39	36	22	12	39	30	16	19	20	9	8	15	19	12	6	8	13	5	9	7	3	8	5	6	3	11	10	4	4	1	2	3	0	1	0	2	1	2	4	0	0	1	0	0	0	0	0	0	0	0	0	1	3	1	0	0	0	1	0	0	0	0	0	0	0	0	0	1	0	0	1	1	0	0	1	0	2	0	0	1	0
0.03	south25_active	80	3044	2573	398	356	758	189	543	170	189	149	94	108	181	65	98	62	36	50	86	22	18	27	32	27	23	13	5	29	23	9	13	7	6	3	10	9	6	2	5	7	5	7	4	0	7	2	2	3	3	8	3	3	1	1	2	0	0	0	2	0	2	3	0	0	0	0	0	0	0	0	0	0	0	0	0	2	1	0	0	0	0	0	0	0	0	0	0	0	0	0	0	0	0	1	0	0	0	0	0	2	0	0	0	0
0.03	south26_all	80	5033	3698	812	672	1117	366	799	268	352	247	170	192	311	99	139	107	67	65	137	39	32	53	53	33	37	19	11	37	30	17	24	21	12	7	17	16	7	9	9	10	13	9	8	3	10	7	5	3	11	9	6	4	1	1	4	0	1	1	1	1	3	3	0	0	1	1	1	0	0	0	0	0	1	0	0	2	0	0	1	0	1	0	2	0	0	0	0	0	0	0	1	0	0	1	1	0	0	1	0	0	0	0	1	0
0.03	south26_active	80	3156	2446	413	360	768	193	522	145	218	152	94	113	206	55	95	64	38	33	83	17	16	34	33	23	26	12	7	28	22	10	16	8	9	3	13	7	4	3	5	6	6	6	5	1	9	4	2	3	3	8	4	2	1	0	2	0	0	1	1	0	2	1	0	0	0	0	0	0	0	0	0	0	0	0	0	2	0	0	0	0	0	0	2	0	0	0	0	0	0	0	0	0	0	1	0	0	0	0	0	0	0	0	0	0
0.03	south27_all	80	4990	3609	801	676	1119	350	809	257	340	222	162	193	304	101	121	115	74	62	154	34	29	52	56	34	38	17	15	36	30	13	27	17	14	6	17	15	3	12	18	9	11	11	6	6	17	10	5	4	11	10	5	5	2	3	3	0	2	1	1	1	3	2	0	0	0	1	1	0	4	0	0	0	1	0	0	0	0	0	3	0	1	0	2	0	0	0	0	0	0	0	1	0	0	1	1	0	0	0	0	0	0	0	2	0
0.03	south27_active	80	3164	2417	406	349	758	177	540	139	210	137	92	115	204	56	73	71	44	30	104	14	16	33	35	22	28	11	8	26	25	6	22	7	9	2	11	7	1	5	15	7	2	6	6	2	16	7	3	4	4	8	4	3	1	1	1	0	0	1	1	0	2	1	0	0	0	0	0	0	0	0	0	0	0	0	0	0	0	0	2	0	0	0	2	0	0	0	0	0	0	0	0	0	0	1	0	0	0	0	0	0	0	0	0	0
0.03	south28_all	80	5042	3734	810	675	1123	367	873	248	360	267	174	185	293	103	141	95	73	69	143	30	27	53	49	36	42	18	16	26	33	14	23	14	13	7	17	6	6	16	20	4	11	7	6	8	18	8	5	7	21	2	3	4	2	3	2	0	2	1	1	1	3	2	0	1	0	1	1	0	6	0	0	0	1	0	0	0	0	0	3	1	0	0	2	0	0	0	0	0	0	0	1	0	0	0	0	1	0	1	0	0	0	0	2	0
0.03	south28_active	80	3162	2468	411	366	753	179	552	135	223	162	109	114	193	54	90	55	44	36	92	14	14	35	28	20	35	13	6	11	27	4	14	7	9	2	12	4	4	7	14	2	2	2	6	4	17	6	3	6	8	0	1	2	1	1	1	0	0	1	1	0	2	1	0	0	0	0	0	0	0	0	0	0	0	0	0	0	0	0	2	0	0	0	2	0	0	0	0	0	0	0	0	0	0	0	0	1	0	0	0	0	0	0	0	0
0.03	south29_all	80	5017	3877	825	664	1163	383	821	278	353	274	180	177	250	107	141	95	83	85	140	32	32	51	50	31	42	21	20	27	29	14	27	10	14	7	20	9	8	12	19	8	13	9	7	6	17	9	5	10	14	2	9	3	2	3	2	0	1	0	0	0	1	0	0	1	0	1	0	0	6	0	1	0	0	0	0	0	0	0	3	1	0	0	2	0	0	0	0	0	0	0	0	0	0	0	0	1	0	1	0	0	0	0	1	0
0.03	south29_active	80	3101	2468	401	356	759	195	516	165	222	177	118	98	156	56	87	55	46	41	96	15	15	30	28	15	35	13	6	10	22	5	15	5	8	3	13	5	6	7	13	4	5	2	7	3	17	8	2	8	6	1	8	1	0	1	1	0	0	0	0	0	1	0	0	0	0	0	0	0	0	0	0	0	0	0	0	0	0	0	2	0	0	0	2	0	0	0	0	0	0	0	0	0	0	0	0	1	0	0	0	0	0	0	0	0
0.03	south30_all	80	4981	3862	844	663	1161	409	810	297	330	323	187	167	240	108	160	83	81	77	136	32	36	53	64	36	35	23	25	34	30	15	25	11	14	4	17	8	13	17	9	9	5	10	9	5	16	10	4	13	16	6	10	3	2	1	1	0	2	1	0	0	0	1	1	1	0	0	0	0	6	0	1	0	0	1	0	3	0	0	0	1	0	0	2	0	0	0	0	0	0	0	0	0	0	0	0	1	0	1	0	0	0	0	1	0
0.03	south30_active	80	3009	2387	420	349	739	207	534	170	200	218	118	87	153	60	114	45	46	40	99	16	16	33	40	19	28	15	10	15	22	7	13	6	9	2	9	3	10	7	4	3	5	4	7	3	15	9	2	9	5	5	8	2	0	0	1	0	1	1	0	0	0	1	0	0	0	0	0	0	0	0	0	0	0	0	0	3	0	0	0	0	0	0	1	0	0	0	0	0	0	0	0	0	0	0	0	1	0	0	0	0	0	0	0	0
0.03	south31_all	80	4884	3726	849	679	1150	377	828	325	339	266	159	191	268	124	138	79	58	104	144	40	34	35	47	36	38	17	16	32	51	15	18	11	9	5	29	6	14	13	11	13	4	8	5	2	6	6	5	3	4	11	2	1	2	3	2	2	4	1	2	1	1	1	0	0	1	2	0	0	0	0	0	1	1	0	1	2	1	0	0	0	0	0	0	1	1	0	0	0	0	0	0	0	0	0	0	0	2	0	0	0	0	0	0	0
0.03	south31_active	80	2900	2409	408	375	727	208	558	206	194	166	100	106	179	65	83	44	32	61	94	20	13	13	29	22	23	6	6	18	37	4	13	7	4	1	20	1	6	10	10	10	3	5	4	1	5	6	2	1	3	9	1	1	1	1	0	0	2	0	1	1	1	0	0	0	1	2	0	0	0	0	0	1	1	0	0	0	1	0	0	0	0	0	0	1	0	0	0	0	0	0	0	0	0	0	0	0	2	0	0	0	0	0	0	0
0.03	south32_all	80	4933	3755	863	698	1159	378	907	289	351	258	152	182	287	111	149	83	75	107	147	37	36	45	48	44	46	19	17	31	38	18	15	14	11	7	24	9	11	9	15	10	5	6	11	2	6	8	3	6	5	8	3	1	2	6	2	2	3	1	2	0	0	1	0	0	1	3	0	0	0	0	1	1	1	1	1	0	1	1	0	0	0	0	0	0	1	0	0	1	0	0	0	0	0	0	0	0	1	0	0	0	0	0	0	0
0.03	south32_active	80	2908	2401	399	381	723	208	581	183	210	162	91	111	199	55	95	43	34	62	97	20	15	22	28	31	20	6	6	15	27	5	10	9	4	1	14	2	5	5	15	6	1	4	8	1	5	6	2	3	4	6	0	1	1	2	0	0	1	0	1	0	0	0	0	0	1	2	0	0	0	0	1	1	1	0	0	0	1	1	0	0	0	0	0	0	0	0	0	1	0	0	0	0	0	0	0	0	1	0	0	0	0	0	0	0
0.03	south33_all	80	4948	3810	847	671	1164	380	891	305	349	256	169	182	260	104	137	83	73	87	145	39	37	60	48	47	47	25	21	25	38	20	17	15	11	7	20	12	16	13	18	8	5	8	10	1	7	11	1	8	21	7	6	1	1	5	3	0	1	2	1	0	0	1	0	1	0	3	0	1	0	0	1	0	0	1	1	0	1	1	0	0	0	1	0	0	1	0	0	1	0	0	1	5	0	0	0	0	1	0	0	0	0	0	0	0
0.03	south33_active	80	2920	2487	393	354	749	202	569	188	214	169	94	105	170	50	85	44	34	49	97	20	19	36	29	33	22	6	9	12	21	9	11	10	4	1	10	7	11	8	18	5	0	3	7	1	4	6	0	6	10	6	1	1	0	2	0	0	1	0	0	0	0	0	0	0	0	2	0	0	0	0	1	0	0	0	0	0	1	1	0	0	0	1	0	0	0	0	0	1	0	0	0	5	0	0	0	0	1	0	0	0	0	0	0	0
0.03	south34_all	80	5086	3777	869	704	1163	379	953	312	376	252	175	193	257	95	124	85	78	86	128	37	34	56	46	36	51	23	22	29	29	18	19	12	10	10	14	14	17	8	16	11	7	4	9	1	6	10	1	8	20	3	7	1	1	6	2	0	2	2	0	1	0	0	0	1	1	2	0	2	0	0	1	0	0	1	0	0	0	1	0	0	0	1	0	0	0	0	0	1	0	0	2	5	0	0	0	0	1	0	0	0	0	0	0	0
0.03	south34_active	80	3014	2437	406	361	752	200	641	195	232	171	94	120	157	48	76	45	39	49	87	14	19	37	30	24	24	5	10	12	12	8	11	9	3	2	6	9	12	5	13	7	1	0	6	1	3	3	0	7	8	2	1	1	0	2	0	0	1	0	0	1	0	0	0	0	0	1	0	1	0	0	1	0	0	0	0	0	0	1	0	0	0	1	0	0	0	0	0	1	0	0	0	5	0	0	0	0	1	0	0	0	0	0	0	0
0.03	south35_all	80	5132	3793	875	755	1134	367	887	317	361	254	189	203	241	91	121	92	70	73	129	40	40	56	43	28	52	21	17	31	34	15	14	12	9	6	12	16	19	11	17	13	5	7	2	3	11	13	2	11	19	2	8	2	0	4	2	0	3	2	0	2	0	0	0	1	1	2	2	2	0	0	1	0	0	0	0	0	0	0	1	1	0	1	0	0	0	0	0	1	0	0	2	12	0	0	0	0	0	0	0	0	0	0	0	0
0.03	south35_active	80	3045	2478	433	391	734	190	622	193	211	160	104	117	144	50	63	60	38	42	86	16	19	33	23	17	30	7	8	17	19	8	6	10	3	1	7	11	10	7	13	7	2	4	2	1	5	4	0	10	7	1	2	0	0	0	0	0	2	0	0	1	0	0	0	0	0	1	2	1	0	0	0	0	0	0	0	0	0	0	0	1	0	1	0	0	0	0	0	1	0	0	0	12	0	0	0	0	0	0	0	0	0	0	0	0
0.03	south36_all	80	5114	3885	861	743	1160	357	879	328	356	238	184	196	230	108	127	104	70	74	127	42	33	66	55	35	58	19	13	34	24	11	19	11	12	7	12	14	20	8	12	12	5	9	2	3	11	7	2	10	13	6	4	3	0	2	3	0	3	3	1	2	0	0	0	1	1	1	2	2	0	0	3	0	0	0	0	0	0	0	1	1	0	0	0	0	0	0	1	0	0	0	1	12	0	0	0	0	0	0	0	0	0	0	0	0
0.03	south36_active	80	3049	2574	421	399	767	194	628	198	208	143	97	117	136	61	71	65	47	42	91	14	17	44	29	24	40	8	6	17	15	5	12	5	5	3	9	10	9	4	7	3	2	5	2	1	6	3	0	8	2	4	1	1	0	0	1	0	2	0	0	1	0	0	0	0	0	1	2	1	0	0	2	0	0	0	0	0	0	0	0	1	0	0	0	0	0	0	1	0	0	0	0	12	0	0	0	0	0	0	0	0	0	0	0	0
0.03	south37_all	80	5130	3866	854	751	1210	361	875	327	363	280	179	172	258	99	143	103	66	77	127	42	33	60	51	40	62	17	8	29	27	10	22	11	12	3	11	14	21	11	14	15	7	8	4	3	13	5	2	8	2	6	3	3	0	2	1	0	6	3	1	1	0	0	0	0	0	0	3	0	0	0	3	0	0	0	0	0	0	0	1	1	0	0	0	0	0	1	1	0	0	0	0	7	0	0	0	0	0	0	0	0	0	0	0	0
0.03	south37_active	80	3092	2556	421	416	800	191	645	186	218	169	94	113	170	54	89	61	44	41	88	15	15	38	22	29	43	9	4	13	18	3	16	2	6	2	8	10	13	7	8	2	4	5	4	1	7	3	1	5	1	4	1	1	0	0	1	0	6	1	0	0	0	0	0	0	0	0	2	0	0	0	2	0	0	0	0	0	0	0	0	1	0	0	0	0	0	0	1	0	0	0	0	7	0	0	0	0	0	0	0	0	0	0	0	0
0.03	south38_all	80	4957	3842	824	719	1295	366	871	307	348	277	162	174	258	87	154	111	85	70	117	49	26	61	56	39	54	16	11	26	25	10	22	13	10	4	15	13	21	12	18	14	3	10	4	3	9	1	4	5	5	10	3	1	5	1	1	0	5	3	2	0	2	0	1	0	0	0	1	1	0	0	2	0	0	0	0	3	0	0	2	1	0	1	0	0	0	1	1	0	0	0	1	0	0	2	0	0	0	0	0	0	0	0	0	0
0.03	south38_active	80	3026	2528	406	412	887	210	636	165	196	170	89	118	172	47	93	58	57	40	81	20	12	42	28	25	40	8	5	13	17	2	17	3	5	2	11	10	14	6	13	4	2	5	3	1	6	0	2	3	5	8	1	1	1	1	1	0	5	1	1	0	2	0	0	0	0	0	0	0	0	0	2	0	0	0	0	0	0	0	1	1	0	1	0	0	0	0	1	0	0	0	0	0	0	2	0	0	0	0	0	0	0	0	0	0
0.03	south39_all	80	4928	3866	811	723	1272	389	897	284	345	279	162	178	299	87	170	108	82	68	85	50	32	43	45	34	53	25	14	23	31	8	23	14	13	7	11	12	19	12	17	22	3	11	9	4	12	4	3	4	10	9	4	1	6	2	2	0	5	1	1	0	2	1	1	0	0	0	3	1	0	0	0	0	0	0	0	3	0	0	1	0	0	1	0	0	0	1	1	0	0	0	1	0	0	2	0	0	0	0	0	0	0	0	0	0
0.03	south39_active	80	3018	2522	404	395	856	209	607	151	206	171	83	115	205	55	100	61	50	43	59	20	18	26	26	16	33	14	5	13	19	3	14	4	5	4	6	6	15	6	10	9	2	6	8	1	7	2	2	2	9	7	2	1	1	2	2	0	4	1	1	0	2	1	0	0	0	0	1	0	0	0	0	0	0	0	0	0	0	0	1	0	0	1	0	0	0	0	1	0	0	0	0	0	0	2	0	0	0	0	0	0	0	0	0	0
0.03	south40_all	80	4745	3804	843	699	1258	404	882	281	327	242	168	179	313	88	172	107	90	73	117	46	31	41	38	36	46	25	19	23	33	12	24	11	13	8	11	10	22	9	17	16	5	11	18	4	9	6	3	4	17	9	4	1	6	3	1	1	1	1	1	0	2	1	1	1	0	0	3	2	0	0	0	1	0	0	0	3	0	0	1	0	0	1	0	0	0	1	0	1	0	0	1	0	0	2	1	0	0	0	0	0	0	0	0	0
0.03	south40_active	80	2910	2538	427	392	860	216	585	149	202	144	96	107	220	58	103	65	57	45	89	20	16	25	21	19	27	14	9	15	14	7	15	4	7	4	5	5	14	5	9	10	1	6	9	0	6	3	2	0	9	7	2	0	1	3	1	1	0	1	1	0	2	1	0	1	0	0	1	0	0	0	0	1	0	0	0	0	0	0	1	0	0	1	0	0	0	0	0	0	0	0	0	0	0	2	1	0	0	0	0	0	0	0	0	0
