label	Group	numOtus	Otu0	Otu1	Otu2	Otu3	Otu4	Otu5	Otu6	Otu7	Otu8	Otu9	Otu10	Otu11	Otu12	Otu13	Otu14	Otu15	Otu16	Otu17	Otu18	Otu19	Otu20	Otu21	Otu22	Otu23	Otu24	Otu25	Otu26	Otu27	Otu28	Otu29	Otu30	Otu31	Otu32	Otu33	Otu34	Otu35	Otu36
0.03	north1_all	80	2902	1539	1474	627	355	170	112	95	82	47	101	24	26	24	13	16	4	15	6	5	7	4	1	2	3	0	0	0	1	0	0	0	0	0	0	0	0
0.03	north1_active	80	1353	874	959	376	203	76	51	51	34	18	64	13	12	14	6	11	4	13	4	4	4	3	1	1	3	0	0	0	1	0	0	0	0	0	0	0	0
0.03	north2_all	80	2959	1543	1533	613	356	166	113	93	82	53	83	28	25	33	16	23	4	17	9	5	15	5	2	0	2	1	0	0	1	0	0	0	0	0	0	0	0
0.03	north2_active	80	1373	843	1007	367	187	70	52	52	38	19	48	13	15	22	6	15	4	14	6	3	13	4	1	0	2	0	0	0	1	0	0	0	0	0	0	0	0
0.03	north3_all	80	3028	1588	1549	606	338	185	109	90	81	38	80	28	27	35	19	33	4	15	9	4	14	5	1	1	4	1	0	0	0	0	0	0	2	0	0	0	0
0.03	north3_active	80	1428	873	1036	365	179	87	50	52	43	17	45	12	18	25	13	24	3	11	7	3	13	4	0	0	2	0	0	0	0	0	0	0	2	0	0	0	0
0.03	north4_all	80	2934	1605	1497	562	350	196	104	92	78	34	68	31	23	42	24	33	7	9	14	3	18	6	4	2	5	1	0	0	0	0	0	0	2	0	0	0	0
0.03	north4_active	80	1418	889	988	341	201	104	54	56	49	17	41	17	15	28	17	22	5	6	10	2	17	5	1	1	3	0	0	0	0	0	0	0	2	0	0	0	0
0.03	north5_all	80	2881	1608	1476	564	348	203	99	97	83	30	69	33	24	43	17	33	11	9	9	0	7	2	3	3	3	0	0	0	0	0	0	0	2	0	0	0	0
0.03	north5_active	80	1400	908	964	329	195	106	52	53	49	14	44	22	15	27	13	27	8	6	6	0	7	1	1	2	1	0	0	0	0	0	0	0	2	0	0	0	0
0.03	north6_all	80	2858	1620	1446	573	359	193	106	109	83	37	76	28	46	34	12	34	8	4	9	0	8	1	3	2	1	0	0	0	0	0	0	0	2	0	0	0	0
0.03	north6_active	80	1364	913	919	315	208	106	54	57	48	18	49	21	30	19	6	26	6	3	6	0	8	1	1	2	1	0	0	0	0	0	0	0	2	0	0	0	0
0.03	north7_all	80	2847	1676	1419	579	382	183	100	99	71	45	84	26	47	34	11	29	10	3	5	1	4	2	6	2	0	0	0	1	1	0	0	0	0	0	0	0	0
0.03	north7_active	80	1359	956	879	314	213	95	46	54	36	22	44	17	32	18	7	20	4	2	2	0	4	2	1	2	0	0	0	1	1	0	0	0	0	0	0	0	0
0.03	north8_all	80	2879	1681	1479	599	373	162	103	92	64	51	96	28	47	27	14	25	10	4	7	3	4	1	7	1	0	0	0	1	1	0	0	0	0	0	0	0	0
0.03	north8_active	80	1401	961	934	329	207	85	46	52	35	27	50	13	30	15	9	16	3	2	2	0	4	1	0	1	0	0	0	1	1	0	0	0	0	0	0	0	0
0.03	north9_all	80	2883	1721	1464	602	382	170	96	96	63	48	102	30	28	32	18	14	10	9	8	3	9	1	8	1	1	0	0	1	1	0	0	0	0	0	0	0	0
0.03	north9_active	80	1351	1007	942	338	229	83	47	63	36	23	59	13	14	16	12	7	4	7	3	0	9	1	0	1	0	0	0	1	1	0	0	0	0	0	0	0	0
0.03	north10_all	80	2833	1647	1562	605	384	181	101	108	73	51	124	28	24	34	28	15	8	9	13	2	7	0	5	1	1	0	1	0	1	1	0	0	0	1	0	0	0
0.03	north10_active	80	1338	956	1007	350	226	88	44	73	44	25	75	12	10	23	15	10	4	6	7	0	6	0	0	1	0	0	0	0	1	0	0	0	0	0	0	0	0
0.03	north11_all	80	2840	1591	1353	564	386	178	96	96	75	42	96	27	32	24	15	27	10	8	24	2	10	5	1	1	1	0	0	2	2	0	0	0	0	0	0	0	0
0.03	north11_active	80	1374	890	821	318	224	95	45	50	44	17	73	16	15	19	10	18	8	6	23	1	6	2	1	0	1	0	0	0	1	0	0	0	0	0	0	0	0
0.03	north12_all	80	2847	1540	1381	588	388	167	89	97	74	42	88	30	30	34	13	15	8	4	20	4	8	3	2	1	2	1	0	2	2	1	1	0	0	0	0	0	0
0.03	north12_active	80	1344	840	870	326	213	80	45	53	36	19	70	17	12	25	10	8	3	1	18	1	8	2	1	0	2	0	0	0	0	0	1	0	0	0	0	0	0
0.03	north13_all	80	2844	1534	1405	577	381	170	99	96	73	34	88	28	29	27	19	11	5	6	11	4	8	4	4	1	1	1	0	1	1	2	1	0	0	0	0	0	0
0.03	north13_active	80	1367	819	908	316	204	77	50	50	34	21	64	13	15	18	14	5	1	3	8	1	7	2	0	0	1	0	0	0	0	1	1	0	0	0	0	0	0
0.03	north14_all	80	2898	1590	1509	613	370	181	95	108	86	29	106	26	31	33	25	20	8	6	11	9	9	3	4	0	1	1	0	1	1	2	1	0	0	0	0	0	0
0.03	north14_active	80	1423	855	978	344	216	85	45	60	40	23	80	10	18	24	15	10	3	3	7	6	7	2	0	0	1	0	0	0	0	1	1	0	0	0	0	0	0
0.03	north15_all	80	2899	1571	1529	589	399	179	105	118	88	26	99	27	28	24	29	19	6	5	9	9	7	10	3	0	0	0	0	1	0	2	0	0	0	0	0	0	0
0.03	north15_active	80	1426	872	1010	320	231	83	49	61	54	18	68	12	20	15	15	13	3	2	5	8	4	9	0	0	0	0	0	0	0	1	0	0	0	0	0	0	0
0.03	north16_all	80	2921	1593	1570	554	422	167	110	121	94	32	106	34	28	31	24	23	11	6	6	12	5	9	1	0	2	1	0	0	2	1	0	0	0	0	0	0	0
0.03	north16_active	80	1419	900	1060	309	240	78	46	62	58	21	65	18	20	20	10	16	8	2	3	9	2	9	1	0	2	0	0	0	2	1	0	0	0	0	0	0	0
0.03	north17_all	80	2853	1625	1575	586	404	187	119	116	87	33	86	37	34	26	31	19	14	9	7	8	12	7	2	0	4	1	0	0	2	1	0	0	0	0	0	0	0
0.03	north17_active	80	1358	915	1054	327	225	78	55	55	53	17	49	22	20	13	17	14	12	4	4	6	10	7	1	0	4	0	0	0	2	0	0	0	0	0	0	0	0
0.03	north18_all	80	2873	1630	1538	594	434	190	129	125	93	39	85	36	27	27	24	11	13	8	9	5	10	8	2	0	8	1	0	0	2	1	0	0	0	0	0	0	0
0.03	north18_active	80	1378	955	1003	351	255	84	63	62	55	17	43	27	14	18	16	6	11	5	7	3	10	8	1	0	8	0	0	0	2	0	0	0	0	0	0	0	0
0.03	north19_all	80	2809	1621	1462	598	382	203	128	121	88	41	83	37	38	19	23	19	11	7	9	3	10	5	1	0	7	0	0	0	0	1	0	0	0	0	0	0	0
0.03	north19_active	80	1322	934	904	353	237	98	54	65	44	17	49	26	24	13	16	14	9	6	8	1	9	4	0	0	7	0	0	0	0	0	0	0	0	0	0	0	0
0.03	north20_all	80	2885	1525	1483	615	399	193	121	106	91	41	98	35	31	15	17	21	6	10	9	2	4	5	2	1	5	0	0	0	0	1	0	0	0	0	0	0	0
0.03	north20_active	80	1368	841	931	354	247	104	50	58	46	18	57	25	18	10	9	16	3	9	8	1	2	4	0	0	5	0	0	0	0	0	0	0	0	0	0	0	0
0.03	south21_all	80	2795	1532	1537	559	387	200	84	129	77	36	118	33	37	27	21	15	8	11	3	4	4	2	1	1	0	1	0	1	1	0	0	0	0	0	0	0	0
0.03	south21_active	80	1375	853	992	327	195	94	40	73	37	18	88	15	27	16	14	6	6	6	0	1	3	2	0	1	0	0	0	1	0	0	0	0	0	0	0	0	0
0.03	south22_all	80	2799	1574	1598	549	416	188	87	112	74	34	123	27	40	25	16	19	7	10	1	4	1	4	0	1	0	1	0	1	0	0	0	0	0	0	0	0	0
0.03	south22_active	80	1378	885	1035	317	221	89	45	59	30	19	80	13	28	13	10	8	5	7	0	2	1	4	0	1	0	0	0	1	0	0	0	0	0	0	0	0	0
0.03	south23_all	80	2830	1577	1594	551	395	186	88	101	76	46	110	24	32	20	15	22	8	9	1	6	5	3	0	1	0	1	0	0	0	0	0	0	0	0	0	0	0
0.03	south23_active	80	1386	882	1023	323	225	92	46	52	32	23	57	14	19	10	9	10	5	6	1	2	5	3	0	1	0	0	0	0	0	0	0	0	0	0	0	0	0
0.03	south24_all	80	2959	1642	1585	552	388	198	93	103	78	42	129	22	39	21	18	14	8	6	8	6	5	3	2	1	0	0	0	1	0	0	0	0	0	0	0	0	0
0.03	south24_active	80	1457	953	1011	323	226	110	44	54	37	19	76	10	17	10	11	7	5	3	8	2	4	2	0	0	0	0	0	1	0	0	0	0	0	0	0	0	0
0.03	south25_all	80	2949	1652	1495	570	353	206	95	95	82	42	130	28	37	18	18	16	11	3	10	4	11	2	2	1	0	0	0	1	0	0	0	0	0	0	1	0	0
0.03	south25_active	80	1397	941	937	341	209	117	45	51	40	20	75	11	20	9	11	6	7	1	9	2	5	1	0	0	0	0	0	1	0	0	0	0	0	0	0	0	0
0.03	south26_all	80	2947	1670	1430	565	335	202	100	104	74	41	116	27	40	23	11	17	17	6	16	4	8	3	2	1	0	0	0	1	0	1	0	0	0	0	1	0	0
0.03	south26_active	80	1393	936	913	342	201	116	49	56	31	22	77	11	28	14	6	7	10	3	13	2	2	2	0	0	0	0	0	1	0	1	0	0	0	0	0	0	0
0.03	south27_all	80	2907	1629	1367	561	350	187	93	107	73	39	93	33	28	25	14	26	14	8	17	5	9	2	1	0	0	1	1	0	0	1	0	0	0	1	1	0	0
0.03	south27_active	80	1372	932	875	327	203	101	49	61	33	18	48	15	25	17	8	12	7	3	13	3	1	2	0	0	0	0	0	0	0	1	0	0	0	1	0	0	0
0.03	south28_all	80	2881	1638	1351	569	387	190	94	114	64	46	96	32	25	30	13	28	12	10	18	3	7	3	2	1	0	1	1	0	0	1	0	0	0	1	1	0	0
0.03	south28_active	80	1398	915	850	340	235	91	43	60	26	25	58	17	20	16	7	17	5	5	12	1	1	3	2	0	0	0	0	0	0	1	0	0	0	1	0	0	0
0.03	south29_all	80	2964	1569	1427	579	391	198	102	111	73	40	93	33	22	28	14	23	11	8	16	4	3	3	2	3	4	1	1	0	0	0	0	0	0	1	0	0	0
0.03	south29_active	80	1442	897	938	348	223	95	48	62	31	21	60	18	12	13	5	15	4	5	13	1	1	3	2	1	4	0	0	0	0	0	0	0	0	1	0	0	0
0.03	south30_all	80	2938	1601	1596	562	417	210	105	93	84	36	82	25	21	30	17	15	9	6	9	4	5	2	7	3	4	0	1	1	0	0	0	0	0	1	0	0	0
0.03	south30_active	80	1412	892	1053	322	249	105	53	44	39	17	61	11	10	10	9	13	4	4	7	3	3	2	7	1	4	0	0	1	0	0	0	0	0	1	0	0	0
0.03	south31_all	80	2892	1616	1435	601	399	201	112	117	81	42	93	23	33	16	21	23	13	7	12	7	21	1	3	2	1	2	0	1	1	1	0	0	0	0	0	0	1
0.03	south31_active	80	1404	964	903	336	260	114	51	59	37	26	58	15	16	9	7	11	10	3	10	4	13	0	0	1	1	0	0	1	1	1	0	0	0	0	0	0	0
0.03	south32_all	80	2972	1652	1444	612	414	205	103	116	82	45	99	22	30	22	29	20	18	7	16	5	13	2	2	3	1	2	0	1	0	0	0	0	0	0	0	0	1
0.03	south32_active	80	1434	991	903	352	256	114	49	56	44	29	66	15	16	11	17	12	11	4	15	2	6	0	0	1	1	0	0	0	0	0	0	0	0	0	0	0	0
0.03	south33_all	80	2923	1667	1498	584	437	197	108	102	87	37	92	30	28	24	30	24	17	9	14	6	13	2	1	3	1	1	0	1	0	0	0	0	0	0	0	1	0
0.03	south33_active	80	1415	967	925	331	260	109	49	48	46	23	56	17	16	11	18	19	11	4	13	3	6	0	0	1	1	0	0	0	0	0	0	0	0	0	0	1	0
0.03	south34_all	80	2961	1615	1529	585	429	191	110	91	103	39	97	34	27	25	28	27	10	12	10	2	5	1	5	2	3	0	0	1	0	0	0	0	0	0	0	1	0
0.03	south34_active	80	1402	916	935	342	258	100	52	43	52	20	62	19	16	8	16	22	4	6	9	1	4	0	5	0	3	0	0	0	0	0	0	0	0	0	0	1	0
0.03	south35_all	80	2847	1633	1523	588	413	178	103	92	109	39	76	34	28	25	17	29	8	9	10	2	2	0	5	0	5	1	0	1	0	0	0	0	0	0	0	1	0
0.03	south35_active	80	1355	906	959	343	245	92	49	48	51	17	52	18	13	11	7	22	6	4	6	2	1	0	5	0	5	0	0	0	0	0	0	0	0	0	0	1	0
0.03	south36_all	80	2866	1601	1458	611	364	178	104	96	107	44	108	32	38	25	20	22	6	5	21	4	7	0	5	1	7	1	0	1	0	0	0	0	0	0	0	0	0
0.03	south36_active	80	1335	905	918	364	211	92	47	48	54	18	79	18	19	13	9	19	5	2	12	2	4	0	5	0	7	0	0	0	0	0	0	0	0	0	0	0	0
0.03	south37_all	80	2898	1649	1506	626	393	172	111	108	80	44	128	27	39	29	24	22	7	1	34	4	8	0	0	2	4	2	0	1	0	0	0	1	0	0	0	0	0
0.03	south37_active	80	1347	944	928	381	233	91	51	61	43	21	84	15	21	18	12	16	5	0	13	2	3	0	0	1	4	0	0	0	0	0	0	1	0	0	0	0	0
0.03	south38_all	80	2995	1631	1519	648	372	179	108	96	81	42	120	25	37	29	23	20	7	2	28	3	11	1	0	2	4	2	0	1	0	1	0	1	0	0	0	0	0
0.03	south38_active	80	1416	912	941	394	217	91	48	53	43	21	78	14	20	18	13	10	5	1	9	1	4	0	0	1	3	1	0	0	0	0	0	1	0	0	0	0	0
0.03	south39_all	80	3022	1613	1517	609	398	180	102	95	74	52	108	22	29	32	29	19	5	5	20	2	11	2	3	2	2	2	0	0	0	1	0	1	0	0	0	0	0
0.03	south39_active	80	1417	903	933	364	245	84	47	52	38	26	65	10	13	23	19	8	2	2	2	1	4	0	2	1	1	1	0	0	0	0	0	1	0	0	0	0	0
0.03	south40_all	80	2997	1597	1501	597	394	174	98	77	68	50	77	27	28	26	35	21	10	6	18	1	11	2	6	0	3	1	0	0	0	1	0	0	0	0	0	0	0
0.03	south40_active	80	1417	863	916	359	242	83	43	41	29	26	47	16	13	17	25	10	8	2	4	1	7	0	2	0	2	1	0	0	0	0	0	0	0	0	0	0	0
