label	Group	numOtus	Otu0	Otu1	Otu2	Otu3	Otu4	Otu5	Otu6	Otu7	Otu8	Otu9	Otu10	Otu11	Otu12	Otu13	Otu14	Otu15	Otu16	Otu17	Otu18	Otu19	Otu20	Otu21	Otu22	Otu23	Otu24	Otu25	Otu26	Otu27	Otu28	Otu29	Otu30	Otu31	Otu32	Otu33	Otu34	Otu35	Otu36	Otu37	Otu38	Otu39	Otu40	Otu41	Otu42	Otu43	Otu44	Otu45	Otu46	Otu47	Otu48	Otu49	Otu50	Otu51	Otu52	Otu53	Otu54	Otu55	Otu56	Otu57	Otu58	Otu59	Otu60	Otu61
0.03	north1_all	80	3390	2374	989	1478	612	303	502	229	150	142	93	85	91	45	26	38	30	101	31	9	22	26	11	7	11	19	9	4	5	5	3	5	3	3	2	2	2	1	0	3	2	3	0	0	0	0	0	0	0	5	0	0	0	0	0	0	0	0	0	0	0	0
0.03	north1_active	80	1038	1601	498	1209	451	116	407	104	76	64	31	32	63	8	7	19	10	94	20	3	16	21	3	1	4	19	7	1	1	2	0	0	0	2	1	2	2	0	0	3	2	3	0	0	0	0	0	0	0	5	0	0	0	0	0	0	0	0	0	0	0	0
0.03	north2_all	80	3447	2353	1030	1409	603	303	518	192	176	122	90	88	86	41	38	38	33	143	32	11	19	24	10	9	13	22	12	4	3	2	3	5	3	1	2	2	2	1	2	0	2	4	0	1	0	1	0	0	0	1	0	0	0	0	0	0	0	0	0	0	0	0
0.03	north2_active	80	1046	1592	529	1146	438	114	413	83	94	63	34	31	60	7	14	17	9	134	23	4	8	18	4	2	4	21	10	1	0	0	0	2	0	0	1	2	2	0	1	0	2	4	0	0	0	1	0	0	0	1	0	0	0	0	0	0	0	0	0	0	0	0
0.03	north3_all	80	3446	2363	1042	1378	574	322	483	171	174	122	92	69	89	38	42	39	29	178	31	10	21	22	11	8	13	25	9	4	6	3	3	4	1	2	1	2	0	0	5	0	2	4	0	1	0	1	0	3	3	1	0	0	0	0	0	0	0	0	0	0	0	0
0.03	north3_active	80	1075	1615	516	1115	392	111	375	73	102	61	38	26	66	9	17	18	7	170	23	4	11	17	5	2	5	24	7	1	0	0	1	2	0	0	0	2	0	0	4	0	2	4	0	0	0	1	0	3	3	1	0	0	0	0	0	0	0	0	0	0	0	0
0.03	north4_all	80	3425	2346	1057	1334	572	328	441	172	194	123	98	73	95	44	47	39	32	184	33	15	24	19	10	9	12	37	6	2	5	3	2	3	1	2	2	0	0	1	5	0	6	4	0	1	1	1	1	3	3	2	0	2	0	0	0	0	0	0	0	0	0	0
0.03	north4_active	80	1080	1633	511	1063	384	119	344	77	124	62	39	32	76	7	18	17	10	179	19	5	11	16	3	2	5	36	6	1	1	0	1	2	0	0	0	0	0	1	4	0	5	4	0	0	1	1	0	3	3	2	0	2	0	0	0	0	0	0	0	0	0	0
0.03	north5_all	80	3438	2383	1035	1340	626	322	433	186	183	119	99	74	89	50	45	33	30	169	36	12	26	39	12	10	13	24	3	2	4	6	3	1	1	1	1	0	0	1	3	0	6	0	0	0	2	1	1	3	3	1	0	2	0	0	0	1	0	0	0	0	1	0
0.03	north5_active	80	1074	1651	506	1069	430	108	326	84	110	53	39	29	72	8	15	14	12	163	23	4	15	36	2	2	6	24	3	1	1	2	2	0	0	0	0	0	0	1	3	0	5	0	0	0	1	1	0	3	3	1	0	2	0	0	0	1	0	0	0	0	1	0
0.03	north6_all	80	3428	2326	997	1304	628	299	441	201	186	117	107	76	100	49	37	41	29	127	39	13	25	36	12	8	10	37	2	3	2	8	4	0	2	4	1	0	0	1	2	0	6	0	0	0	2	0	2	0	0	1	0	2	2	0	0	1	0	0	0	0	1	0
0.03	north6_active	80	1034	1605	500	1040	443	106	343	89	114	52	38	29	87	10	13	16	9	121	25	5	19	33	0	0	4	35	2	2	1	2	1	0	0	0	0	0	0	1	2	0	5	0	0	0	1	0	1	0	0	1	0	2	0	0	0	1	0	0	0	0	1	0
0.03	north7_all	80	3438	2282	981	1305	630	293	448	192	197	120	100	80	95	42	42	37	25	97	42	12	22	44	13	8	8	29	2	1	3	6	4	1	3	3	1	4	0	0	2	1	1	1	0	0	2	0	2	0	0	1	0	0	2	0	1	1	1	0	0	0	1	0
0.03	north7_active	80	1030	1586	484	1037	440	108	352	86	126	52	42	26	75	8	15	14	7	91	31	5	17	42	1	1	4	27	2	1	1	2	1	0	0	0	0	4	0	0	2	0	0	1	0	0	1	0	1	0	0	1	0	0	0	0	0	1	0	0	0	0	1	0
0.03	north8_all	80	3434	2265	981	1342	628	298	447	196	179	128	96	79	88	46	40	38	31	104	32	11	20	44	12	8	3	50	4	3	5	2	2	2	3	3	0	5	0	0	2	1	1	4	0	0	1	0	1	0	1	0	0	0	2	0	1	0	1	0	5	0	1	0
0.03	north8_active	80	1019	1597	476	1075	434	106	360	82	112	59	34	24	66	12	17	15	11	99	26	4	16	41	2	1	1	47	2	2	2	0	0	1	0	0	0	5	0	0	2	0	1	4	0	0	0	0	1	0	0	0	0	0	0	0	0	0	0	0	5	0	1	0
0.03	north9_all	80	3450	2256	1010	1375	588	303	425	182	183	131	88	72	84	38	46	35	35	109	28	18	23	50	10	9	4	38	7	4	5	1	0	4	4	1	0	5	0	0	0	1	7	4	0	0	0	0	0	0	1	0	0	0	0	0	1	0	1	0	5	0	0	1
0.03	north9_active	80	1076	1539	484	1102	395	107	328	74	113	62	30	22	59	7	17	19	12	105	22	3	14	47	2	4	1	36	5	2	2	1	0	3	1	1	0	5	0	0	0	0	7	4	0	0	0	0	0	0	0	0	0	0	0	0	0	0	0	0	5	0	0	0
0.03	north10_all	80	3469	2286	994	1366	628	322	473	177	170	128	83	74	99	42	45	39	36	132	35	16	22	42	8	8	5	35	8	6	6	2	1	5	3	1	0	5	1	0	2	0	12	4	0	0	0	0	0	0	1	0	0	0	0	0	0	0	1	0	5	0	0	1
0.03	north10_active	80	1098	1551	483	1104	422	117	365	75	89	58	21	25	72	10	14	20	13	128	18	1	13	38	3	4	1	34	6	3	3	1	0	3	1	1	0	5	0	0	1	0	12	4	0	0	0	0	0	0	0	0	0	0	0	0	0	0	0	0	5	0	0	0
0.03	north11_all	80	3493	2175	973	1394	615	297	478	193	165	128	78	77	93	30	45	28	30	119	28	13	6	18	7	5	6	38	7	3	11	3	2	6	0	7	0	2	1	0	3	2	6	6	0	0	0	0	0	0	0	0	1	0	0	0	0	0	0	0	0	0	0	0
0.03	north11_active	80	1016	1458	495	1131	427	96	377	84	103	50	28	26	70	10	18	2	13	110	21	3	4	15	2	1	3	37	4	1	0	1	2	3	0	5	0	2	0	0	3	2	6	5	0	0	0	0	0	0	0	0	0	0	0	0	0	0	0	0	0	0	0	0
0.03	north12_all	80	3394	2246	946	1363	617	336	461	189	171	129	87	78	106	30	38	28	27	103	27	12	18	30	7	2	6	57	10	3	10	2	3	7	0	7	2	5	3	0	3	2	6	4	0	0	0	0	0	1	0	0	1	0	0	0	0	0	0	0	0	0	0	0
0.03	north12_active	80	989	1504	484	1103	427	115	368	81	110	48	35	36	84	10	13	5	9	96	20	2	13	25	1	0	2	55	8	1	0	2	3	3	0	4	0	5	2	0	3	2	6	4	0	0	0	0	0	1	0	0	0	0	0	0	0	0	0	0	0	0	0	0
0.03	north13_all	80	3347	2222	958	1342	596	342	453	180	171	123	96	77	110	33	47	33	27	98	25	11	25	35	9	3	7	43	12	2	9	5	2	8	0	4	4	3	2	0	1	3	6	4	0	0	0	0	0	1	0	0	0	0	0	0	0	0	1	0	0	0	0	0
0.03	north13_active	80	964	1490	490	1105	404	117	360	78	113	48	38	33	86	5	17	12	6	90	14	2	16	28	0	0	2	42	9	1	1	2	1	4	0	2	0	3	2	0	1	2	6	4	0	0	0	0	0	1	0	0	0	0	0	0	0	0	1	0	0	0	0	0
0.03	north14_all	80	3363	2286	938	1317	598	331	442	193	176	121	95	78	101	42	40	30	32	87	28	12	26	29	11	3	7	28	10	0	9	8	3	5	0	4	4	3	2	0	0	3	6	0	1	0	0	0	1	1	0	0	0	0	0	0	0	0	1	0	0	0	0	0
0.03	north14_active	80	1026	1569	479	1086	416	107	346	80	109	57	34	31	74	10	16	13	11	77	18	3	17	23	0	0	2	27	6	0	1	1	1	2	0	2	0	3	2	0	0	2	6	0	1	0	0	0	0	1	0	0	0	0	0	0	0	0	1	0	0	0	0	0
0.03	north15_all	80	3355	2318	961	1357	642	320	437	205	178	116	89	76	101	43	41	24	38	91	26	12	24	45	14	4	7	19	8	2	6	8	2	5	0	1	3	3	2	0	0	6	0	0	1	0	0	0	1	0	0	0	1	0	0	0	0	0	1	0	0	0	0	0
0.03	north15_active	80	1059	1628	482	1115	452	103	352	87	105	58	31	27	61	9	17	12	13	80	16	4	16	38	1	0	3	18	4	1	1	0	0	3	0	0	0	3	2	0	0	5	0	0	1	0	0	0	0	0	0	0	0	0	0	0	0	0	1	0	0	0	0	0
0.03	north16_all	80	3423	2274	983	1361	671	320	458	203	191	117	72	74	108	50	42	25	39	139	19	19	20	42	15	8	5	22	6	3	1	6	3	4	1	3	3	0	0	0	0	5	0	0	1	0	0	0	1	0	0	0	1	0	0	0	0	0	1	0	0	0	0	0
0.03	north16_active	80	1131	1611	495	1116	481	108	378	79	114	53	22	26	64	10	19	10	14	130	12	7	14	36	1	2	3	21	2	2	0	1	2	2	1	2	0	0	0	0	0	5	0	0	1	0	0	0	0	0	0	0	0	0	0	0	0	0	1	0	0	0	0	0
0.03	north17_all	80	3390	2341	1006	1349	641	329	489	186	185	113	79	78	97	45	44	36	32	124	20	17	17	38	13	8	7	40	5	3	1	4	2	4	1	5	1	0	1	1	5	5	0	1	0	0	0	0	1	0	0	0	1	0	0	0	0	0	0	0	0	0	0	0
0.03	north17_active	80	1085	1670	490	1092	460	113	398	67	105	42	24	30	60	9	17	18	12	117	10	6	13	32	3	2	5	37	4	2	0	1	2	1	1	3	0	0	1	0	4	5	0	0	0	0	0	0	0	0	0	0	0	0	0	0	0	0	0	0	0	0	0	0
0.03	north18_all	80	3462	2286	1010	1338	626	346	515	178	156	126	89	78	105	49	43	40	38	132	18	15	10	33	11	12	4	44	8	1	0	3	3	3	1	6	1	0	1	2	5	6	0	1	0	0	1	0	0	0	0	0	1	0	0	0	0	0	0	0	0	0	0	0
0.03	north18_active	80	1078	1617	482	1080	444	124	407	73	89	51	21	31	76	12	18	23	16	125	9	5	6	28	3	3	4	41	5	1	0	3	3	1	1	4	0	0	1	1	4	6	0	0	0	0	1	0	0	0	0	0	0	0	0	0	0	0	0	0	0	0	0	0
0.03	north19_all	80	3520	2305	1031	1282	603	347	527	198	163	120	89	80	94	45	43	40	35	144	27	15	14	46	7	12	4	35	8	0	2	6	3	3	0	4	2	1	2	2	6	7	0	9	1	0	1	1	0	0	0	0	0	0	0	0	0	0	0	0	0	0	0	0
0.03	north19_active	80	1045	1610	499	1039	413	117	408	89	92	49	21	32	73	12	15	22	15	133	12	4	9	38	3	2	4	33	5	0	1	4	3	0	0	3	0	1	2	1	5	7	0	7	1	0	1	0	0	0	0	0	0	0	0	0	0	0	0	0	0	0	0	0
0.03	north20_all	80	3505	2298	1027	1327	596	346	494	190	149	112	99	81	96	48	37	42	35	150	27	13	17	51	8	14	7	44	8	2	2	6	2	3	0	4	2	1	2	1	1	8	0	12	1	0	1	1	0	0	0	0	0	0	0	0	0	0	0	0	0	0	0	0
0.03	north20_active	80	1040	1587	508	1071	389	115	376	81	83	45	26	34	73	12	15	26	14	138	15	3	12	43	3	3	6	44	5	0	1	4	2	1	0	2	1	1	2	1	1	7	0	10	1	0	1	0	0	0	0	0	0	0	0	0	0	0	0	0	0	0	0	0
0.03	south21_all	80	3470	2270	979	1325	639	298	474	210	158	116	78	69	79	48	43	29	19	127	26	12	27	20	12	8	7	18	6	2	5	3	3	2	1	0	0	1	0	1	1	0	4	0	0	0	2	0	1	0	0	3	0	0	0	0	0	0	0	0	0	1	0	0
0.03	south21_active	80	1048	1574	485	1092	427	98	367	92	91	45	22	42	45	12	20	13	6	121	20	3	25	15	2	1	3	16	6	2	2	1	1	0	0	0	0	1	0	0	1	0	4	0	0	0	1	0	1	0	0	3	0	0	0	0	0	0	0	0	0	0	0	0
0.03	south22_all	80	3475	2292	954	1296	654	284	480	196	166	109	79	71	77	46	38	30	25	117	23	16	25	18	10	9	4	18	5	3	3	4	4	4	2	1	0	1	0	1	1	0	4	0	1	0	2	0	0	0	0	1	0	0	0	0	0	0	0	0	0	1	0	0
0.03	south22_active	80	1051	1586	477	1065	433	90	389	80	95	46	29	38	53	12	20	16	9	113	15	3	23	15	1	1	1	17	5	3	1	2	2	2	0	0	0	1	0	0	1	0	4	0	0	0	1	0	0	0	0	1	0	0	0	0	0	0	0	0	0	0	0	0
0.03	south23_all	80	3409	2351	996	1318	690	289	495	192	176	117	92	83	90	47	36	29	38	112	21	17	24	19	7	9	5	24	5	3	4	5	4	2	3	1	0	0	3	0	0	1	0	0	1	0	1	0	0	0	0	1	0	0	0	0	0	0	0	0	0	1	0	0
0.03	south23_active	80	1030	1604	508	1088	474	97	410	83	93	48	34	39	69	11	20	14	17	110	13	3	20	16	3	2	0	22	3	1	1	2	2	2	1	0	0	0	1	0	0	0	0	0	0	0	1	0	0	0	0	1	0	0	0	0	0	0	0	0	0	0	0	0
0.03	south24_all	80	3409	2190	977	1313	649	296	477	206	168	112	97	89	85	44	24	28	37	89	28	16	18	21	10	9	6	31	5	4	4	8	2	2	2	2	0	1	3	2	1	1	0	2	2	0	1	0	0	0	0	1	0	0	0	0	0	0	0	0	0	0	0	0
0.03	south24_active	80	975	1438	483	1064	435	92	387	93	84	43	32	35	60	10	11	14	14	86	20	2	14	16	2	2	0	29	3	1	1	6	1	2	1	1	0	1	1	1	0	0	0	2	1	0	1	0	0	0	0	1	0	0	0	0	0	0	0	0	0	0	0	0
0.03	south25_all	80	3416	2055	935	1160	599	310	417	207	161	110	99	74	68	40	29	28	34	89	28	11	28	22	9	6	6	27	7	5	2	10	1	0	2	2	0	2	4	3	1	3	1	2	1	0	0	0	0	0	0	0	0	0	0	0	0	0	0	0	0	0	0	0
0.03	south25_active	80	887	1308	415	893	395	82	317	88	85	45	29	25	39	9	10	10	14	85	19	2	17	16	2	2	2	24	5	0	0	7	0	0	1	1	0	2	1	1	0	0	1	2	1	0	0	0	0	0	0	0	0	0	0	0	0	0	0	0	0	0	0	0
0.03	south26_all	80	3400	1946	920	1010	534	318	353	201	147	99	107	64	60	40	36	29	23	73	26	7	26	19	11	6	7	14	3	5	2	7	1	0	2	3	0	2	2	3	1	2	1	2	1	0	0	0	0	0	0	0	0	0	0	0	0	0	0	0	0	0	0	0
0.03	south26_active	80	819	1186	383	739	337	86	254	82	67	32	31	19	26	11	12	9	10	65	18	1	15	14	1	1	3	10	3	0	0	5	0	0	1	1	0	2	1	1	0	0	1	2	1	0	0	0	0	0	0	0	0	0	0	0	0	0	0	0	0	0	0	0
0.03	south27_all	80	3326	1887	904	912	479	324	310	203	153	98	104	59	66	39	45	31	18	56	21	8	19	15	12	8	9	9	3	3	4	3	2	0	3	4	0	1	1	5	0	2	1	1	0	0	0	0	0	0	0	0	0	0	0	0	0	0	0	0	0	0	0	0
0.03	south27_active	80	772	1088	356	664	284	86	225	73	81	32	32	19	33	10	15	9	6	45	13	0	7	11	1	0	5	4	3	0	1	1	0	0	0	1	0	1	0	1	0	0	1	1	0	0	0	0	0	0	0	0	0	0	0	0	0	0	0	0	0	0	0	0
0.03	south28_all	80	3337	2001	908	1005	540	329	318	184	142	109	96	57	74	37	44	29	20	94	21	13	13	22	10	10	7	18	1	2	4	0	3	0	2	3	0	0	2	3	7	2	4	0	0	0	1	1	0	0	0	0	0	0	0	0	0	0	0	0	0	0	0	0
0.03	south28_active	80	840	1189	390	762	335	97	234	74	73	52	31	20	44	11	18	8	8	82	12	1	3	18	1	1	4	14	1	1	1	0	0	0	0	1	0	0	0	0	7	0	4	0	0	0	0	0	0	0	0	0	0	0	0	0	0	0	0	0	0	0	0	0
0.03	south29_all	80	3381	2144	893	1162	576	354	364	199	158	117	91	70	94	30	45	24	25	113	21	14	15	25	8	8	8	22	2	2	4	2	3	0	3	3	1	1	1	3	7	0	3	0	0	0	1	1	0	0	0	0	0	0	0	0	0	0	0	0	0	0	0	0
0.03	south29_active	80	933	1378	430	919	354	107	270	81	89	54	26	27	66	8	22	8	9	102	11	2	9	21	1	1	4	19	2	2	1	2	1	0	0	1	0	0	0	0	7	0	3	0	0	0	0	0	0	0	0	0	0	0	0	0	0	0	0	0	0	0	0	0
0.03	south30_all	80	3395	2216	911	1324	621	325	408	219	176	107	86	75	83	27	34	24	28	108	24	19	12	37	7	6	7	19	3	4	2	3	6	0	3	3	1	1	1	0	8	0	3	0	0	0	1	1	0	0	6	0	0	0	0	0	0	0	0	0	0	0	0	0
0.03	south30_active	80	1011	1482	459	1076	403	102	312	89	103	53	27	32	59	7	19	11	13	100	12	4	9	32	1	2	2	19	3	3	0	3	4	0	0	3	0	0	0	0	8	0	3	0	0	0	0	0	0	0	6	0	0	0	0	0	0	0	0	0	0	0	0	0
0.03	south31_all	80	3440	2349	1056	1364	628	303	529	189	165	115	83	81	78	59	33	30	35	115	31	10	12	33	10	13	9	35	4	4	1	3	1	1	3	3	1	0	1	0	0	1	0	0	0	1	0	0	1	0	2	1	0	0	0	0	0	0	0	0	0	0	0	0
0.03	south31_active	80	1131	1630	530	1156	463	90	435	76	101	44	32	22	54	11	15	17	11	107	20	5	6	23	0	3	3	34	4	3	0	2	0	0	1	2	0	0	0	0	0	0	0	0	0	1	0	0	1	0	2	1	0	0	0	0	0	0	0	0	0	0	0	0
0.03	south32_all	80	3398	2346	1007	1416	639	290	534	200	181	117	84	75	84	54	41	30	32	113	24	16	12	32	10	13	9	31	6	5	1	1	1	1	4	2	2	0	1	1	0	1	0	0	0	0	0	1	0	0	2	1	0	0	0	0	0	0	0	0	0	0	0	0
0.03	south32_active	80	1102	1624	511	1188	459	79	432	78	115	59	32	23	54	15	17	16	8	104	16	6	6	23	1	2	5	30	6	3	0	0	0	0	2	1	0	0	0	0	0	0	0	0	0	0	0	1	0	0	2	1	0	0	0	0	0	0	0	0	0	0	0	0
0.03	south33_all	80	3379	2277	1010	1384	651	289	560	201	178	130	90	81	80	50	51	29	31	144	23	20	13	23	11	9	7	11	11	6	3	2	0	0	2	2	1	0	0	1	0	1	0	0	0	0	0	2	0	0	2	1	0	0	0	1	0	0	0	0	0	0	0	0
0.03	south33_active	80	1080	1572	531	1156	461	84	458	72	112	73	34	32	51	13	17	14	7	135	18	9	10	22	3	1	4	11	10	3	0	1	0	0	2	1	0	0	0	0	0	0	0	0	0	0	0	1	0	0	2	1	0	0	0	0	0	0	0	0	0	0	0	0
0.03	south34_all	80	3372	2282	1002	1337	640	290	500	191	187	133	88	75	97	44	49	32	33	110	24	29	14	27	9	9	7	13	11	5	3	4	0	1	2	2	1	0	0	1	0	1	2	0	0	0	1	2	0	0	0	0	0	0	0	1	0	0	0	0	0	0	0	0
0.03	south34_active	80	1012	1595	535	1104	437	87	397	83	111	66	33	33	60	11	20	12	12	101	16	10	10	26	3	2	4	13	10	2	0	2	0	1	2	1	0	0	0	0	0	1	2	0	0	0	1	1	0	0	0	0	0	0	0	0	0	0	0	0	0	0	0	0
0.03	south35_all	80	3367	2127	997	1145	576	290	447	179	174	122	84	85	97	43	58	31	25	89	21	26	10	23	8	10	9	14	11	3	5	4	2	1	2	2	1	0	0	0	3	1	2	0	0	0	1	1	0	0	0	0	0	0	0	1	0	0	0	0	0	0	0	0
0.03	south35_active	80	912	1429	506	902	381	84	354	82	90	52	29	33	63	11	22	10	11	82	14	8	8	21	2	3	3	13	10	0	1	2	2	1	1	1	0	0	0	0	2	1	2	0	0	0	1	0	0	0	0	0	0	0	0	0	0	0	0	0	0	0	0	0
0.03	south36_all	80	3362	2060	978	1050	550	273	382	180	166	106	85	83	99	51	44	27	23	80	23	26	11	19	10	10	9	10	8	3	5	4	2	1	2	3	0	0	0	0	3	1	2	0	0	0	1	1	0	0	0	0	0	0	0	1	0	0	0	0	0	0	0	0
0.03	south36_active	80	854	1325	458	793	349	75	285	81	77	39	24	24	69	15	17	7	11	71	16	5	7	17	0	5	3	9	5	0	1	1	2	1	1	1	0	0	0	0	2	1	2	0	0	0	1	0	0	0	0	0	0	0	0	0	0	0	0	0	0	0	0	0
0.03	south37_all	80	3374	1950	930	996	493	269	325	182	142	117	86	85	101	50	50	35	26	54	20	23	13	20	11	8	12	9	8	4	7	3	2	2	2	1	0	2	2	0	3	0	1	0	0	1	0	0	0	0	0	0	0	0	0	0	0	0	0	0	0	0	0	0
0.03	south37_active	80	798	1168	405	712	290	74	236	75	56	43	27	23	71	15	17	10	12	44	13	4	9	18	0	4	5	6	6	1	2	0	2	1	1	0	0	0	2	0	2	0	1	0	0	0	0	0	0	0	0	0	0	0	0	0	0	0	0	0	0	0	0	0
0.03	south38_all	80	3270	1911	935	1039	517	287	349	177	143	110	84	74	79	48	46	37	30	68	31	18	16	29	16	6	10	16	9	5	5	4	4	1	1	1	1	2	2	0	3	0	0	0	0	1	0	0	0	0	0	0	0	0	0	0	0	0	0	0	0	0	0	0
0.03	south38_active	80	775	1128	414	757	309	85	264	67	66	42	26	21	50	17	16	13	11	58	19	2	11	23	2	4	5	11	7	2	2	1	3	0	0	0	1	0	2	0	3	0	0	0	0	0	0	0	0	0	0	0	0	0	0	0	0	0	0	0	0	0	0	0
0.03	south39_all	80	3302	2039	947	1185	563	302	402	181	165	105	78	87	83	47	53	49	34	81	38	15	24	22	16	8	7	27	6	9	6	4	4	1	2	0	1	2	4	0	1	7	8	0	0	1	0	0	0	2	0	0	0	0	0	0	0	0	0	0	0	0	0	0
0.03	south39_active	80	871	1307	415	915	357	91	314	72	88	43	26	37	50	14	17	20	13	74	20	4	20	17	3	4	3	21	4	3	3	2	3	0	0	0	1	0	2	0	1	7	8	0	0	0	0	0	0	2	0	0	0	0	0	0	0	0	0	0	0	0	0	0
0.03	south40_all	80	3319	2181	937	1298	601	316	482	171	172	95	73	89	84	41	55	44	39	67	43	16	18	25	17	6	10	32	11	8	4	6	5	2	3	0	1	1	2	1	2	7	8	0	0	1	0	0	1	2	0	0	0	0	0	0	0	0	0	2	0	0	0	0
0.03	south40_active	80	944	1470	446	1031	387	106	381	71	97	38	27	38	55	10	21	23	12	62	29	5	14	18	5	1	7	26	7	3	2	4	3	2	1	0	1	1	0	0	2	7	8	0	0	0	0	0	0	2	0	0	0	0	0	0	0	0	0	2	0	0	0	0
